,negative,positive,total
aa,12,7,19
aaa,5,6,11
aaaa,0,3,3
aaaaa,1,2,3
aaaaaa,2,0,2
aaaaaaaaa,1,0,1
aaaaaaaaaaaaaaaaaa,1,0,1
aaaaaaaaaaaaaaah,0,1,1
aaaaaaaaaaarggggggggggghhhhhhhhh,0,1,1
aaaaaaaahhhhh,0,1,1
aaaaaaah,1,0,1
aaaaaaahhh,0,1,1
aaaaaaalcohol,1,0,1
aaaaaah,1,2,3
aaaaaahh,0,1,1
aaaaaahhhhhhhh,0,1,1
aaaaaakkkh,1,0,1
aaaaaand,2,0,2
aaaaah,0,1,1
aaaaahhhh,1,1,2
aaaaahhhhh,0,1,1
aaaaahhhhhh,0,1,1
aaaaand,0,1,1
aaaaaw,1,0,1
aaaages,1,0,1
aaaah,3,2,5
aaaahahahahahahahahahahahahahahahah,0,1,1
aaaahh,0,1,1
aaaahhhh,1,1,2
aaaahhhhhhhh,0,1,1
aaaahhhhhhhhh,1,0,1
aaaaiieee,0,1,1
aaaall,0,1,1
aaaalll,1,0,1
aaaamy,0,1,1
aaaand,3,2,5
aaaaoooo,1,0,1
aaaarrgghhhhhhhh,1,0,1
aaaarses,0,1,1
aaaaw,4,1,5
aaaaww,1,1,2
aaaayyyyyy,0,1,1
aaages,2,0,2
aaah,11,3,14
aaahahaha,1,0,1
aaahh,3,4,7
aaahhh,2,1,3
aaahhhh,2,0,2
aaahhhhh,1,1,2
aaahhhhhh,1,0,1
aaand,0,1,1
aaargh,1,2,3
aaarrggghhh,1,0,1
aaarrrgggghhh,1,0,1
aaarrrrg,0,1,1
aaarrrrrrrrr,1,0,1
aaaw,3,2,5
aaaww,2,2,4
aaawww,0,1,1
aabangan,0,1,1
aabhar,1,0,1
aabot,1,0,1
aachen,1,0,1
aaeeeaaaa,0,1,1
aagenealogy,0,1,1
aah,8,9,17
aahahahha,0,1,1
aahh,4,2,6
aahha,0,1,1
aahhh,4,3,7
aahhhh,1,1,2
aahhhhh,1,0,1
aahhhhhh,1,0,1
aahmhm,1,0,1
aahww,0,1,1
aaiiiihhhhh,0,1,1
aaj,0,1,1
aajao,0,1,1
aak,0,1,1
aalinakirche,1,0,1
aaliyah,3,0,3
aaliyahlove,0,1,1
aalor,1,0,1
aalways,0,1,1
aam,2,0,2
aamaustin,1,0,1
aand,1,0,1
aandhi,0,1,1
aanestad,1,0,1
aang,1,0,1
aannnna,0,1,1
aanswwe,1,0,1
aant,1,0,1
aao,1,0,1
aap,0,1,1
aapl,0,1,1
aar,4,2,6
aargh,0,1,1
aarghh,0,1,1
aarhus,1,0,1
aaron,21,7,28
aarooonnnn,1,0,1
aarrgh,1,0,1
aarrrggghh,0,1,1
aarrrr,0,1,1
aarrrrggghhhhh,1,0,1
aartee,1,0,1
aas,1,0,1
aasar,0,1,1
aash,0,1,1
aata,0,1,1
aauummmm,1,0,1
aauuummm,1,0,1
aaw,3,6,9
aaweeesommeeeee,0,1,1
aawn,0,1,1
aaww,3,3,6
aawww,1,2,3
aay,2,0,2
aayegi,1,0,1
ab,6,6,12
aba,0,1,1
aback,0,1,1
abagail,1,0,1
abanded,0,1,1
abandon,2,2,4
abandoned,3,7,10
abandoning,1,0,1
abangmu,1,0,1
abb,2,0,2
abba,2,4,6
abbal,0,1,1
abbey,6,0,6
abbeyyyy,1,0,1
abbie,3,0,3
abbieee,1,0,1
abbigale,1,0,1
abbiie,1,0,1
abbot,0,1,1
abbreviation,0,1,1
abbu,0,1,1
abby,12,5,17
abbz,1,0,1
abc,10,7,17
abcfamily,0,2,2
abckatesnow,1,0,1
abd,1,1,2
abdomen,0,1,1
abdominal,1,0,1
abduct,1,0,1
abducted,2,1,3
abduzeedo,1,0,1
abduzzeedo,1,0,1
abe,2,1,3
abeech,0,1,1
abeer,1,0,1
aber,4,4,8
abercrombie,1,0,1
aberdeen,4,0,4
aberystwyth,1,0,1
abey,1,0,1
abfahrt,1,0,1
abhi,0,2,2
abhishek,1,0,1
abhl,1,0,1
abhor,1,0,1
abhors,1,0,1
abi,2,1,3
abide,1,1,2
abiding,1,0,1
abie,1,0,1
abigail,2,0,2
abigaillyy,1,0,1
abigale,2,0,2
abilene,1,1,2
abilities,1,3,4
ability,7,8,15
abis,4,5,9
abiszszsz,1,0,1
abit,10,7,17
abitur,0,1,1
able,156,223,379
ablee,1,0,1
ablum,1,0,1
abm,1,0,1
abnormal,2,0,2
abnormals,1,0,1
abnormaly,1,0,1
aboard,1,7,8
abomination,1,4,5
abondigas,0,1,1
abook,1,0,1
aboot,3,0,3
aboriginal,0,1,1
abort,1,0,1
aborted,1,0,1
abortion,1,0,1
abortionist,1,0,1
abortions,2,0,2
abortiontuesday,1,0,1
abotu,0,1,1
about,1412,1936,3348
abouts,2,1,3
aboutt,0,1,1
abouy,0,1,1
above,24,24,48
aboyt,0,1,1
abraham,3,1,4
abrams,1,0,1
abrazos,0,1,1
abroad,7,5,12
abrupt,1,1,2
abruptly,1,0,1
abs,8,4,12
abscene,1,0,1
abseloutly,2,0,2
absence,6,3,9
absences,0,1,1
absent,3,4,7
absentmindedly,0,1,1
absholutely,1,0,1
absinthe,3,0,3
absoloutely,1,0,1
absolultetutely,1,0,1
absolut,0,1,1
absolute,12,7,19
absolutelly,0,1,1
absolutely,47,99,146
absolutetutely,1,0,1
absolutley,0,1,1
absolutly,2,2,4
absolves,1,0,1
absorbant,0,1,1
absorbed,0,1,1
absorbing,0,1,1
absoultely,0,1,1
absoutly,1,0,1
abstract,0,1,1
abstraction,1,1,2
absurd,2,0,2
absurdly,0,1,1
absute,0,1,1
abt,34,40,74
abu,1,0,1
abuba,0,1,1
abundance,0,1,1
abundatly,0,1,1
aburriendomee,1,0,1
abuse,6,8,14
abused,1,4,5
abusing,3,0,3
aby,1,0,1
abych,0,1,1
abyss,1,0,1
ac,32,18,50
aca,1,0,1
acabo,1,0,1
acad,0,1,1
acadeaua,1,0,1
academia,0,1,1
academic,0,1,1
academically,1,0,1
academy,7,2,9
acai,0,2,2
acc,2,5,7
accent,12,17,29
accents,6,3,9
accentuate,1,0,1
accentuating,0,1,1
accept,11,18,29
acceptable,1,3,4
acceptance,1,4,5
accepted,13,10,23
accepting,1,3,4
accepts,1,1,2
access,31,32,63
accessaries,1,0,1
accessed,1,0,1
accesshollywood,1,0,1
accessible,0,3,3
accessing,1,1,2
accessories,0,3,3
accessorize,0,1,1
accessorizing,0,1,1
accident,23,23,46
accidental,1,3,4
accidentally,6,14,20
accidently,0,5,5
accidents,0,2,2
acclaim,1,0,1
accokeek,0,1,1
accolade,1,0,1
accommodating,0,2,2
accommodation,0,1,1
accomodations,1,0,1
accompany,0,2,2
accompanying,1,1,2
accomplish,1,2,3
accomplished,1,6,7
accomplishment,3,1,4
accord,0,1,1
accordance,1,0,1
according,11,17,28
accordingly,0,1,1
accordion,1,1,2
accosted,2,0,2
account,83,103,186
accountant,4,0,4
accountants,1,1,2
accounted,0,1,1
accounting,3,2,5
accountom,0,1,1
accounts,10,18,28
acct,5,7,12
accts,1,1,2
accually,0,1,1
accumulate,0,1,1
accurate,7,4,11
accurately,1,2,3
accusing,0,1,1
acdc,2,2,4
acdnt,1,0,1
ace,13,22,35
aceburpeeshow,1,0,1
aced,0,1,1
acee,1,0,1
aceee,1,0,1
aceisancient,1,0,1
acekard,0,1,1
aceleasi,0,1,1
acen,1,0,1
acenetc,1,0,1
aceng,1,0,1
acer,0,1,1
aces,1,0,1
acess,0,1,1
acet,1,0,1
acetaminophen,0,1,1
acey,3,0,3
aceybear,1,0,1
ach,1,6,7
acha,2,0,2
ache,25,9,34
ached,1,0,1
achei,2,0,2
acheived,0,1,1
aches,7,8,15
achey,3,1,4
achie,1,0,1
achieve,3,4,7
achieved,1,1,2
achievement,2,1,3
achievements,2,1,3
achieving,0,2,2
achievment,0,1,1
achilles,1,2,3
achin,0,1,1
aching,7,4,11
achingly,0,1,1
achivements,0,1,1
acho,1,3,4
achoo,1,0,1
achoooo,1,0,1
achou,0,1,1
achso,0,1,1
achtung,0,1,1
achy,0,1,1
acid,0,4,4
acidity,0,1,1
acidraindropz,1,0,1
ack,8,9,17
ackin,1,0,1
ackk,0,1,1
ackle,1,0,1
acknowledging,1,2,3
ackroyd,1,1,2
acl,1,0,1
aclientsplatform,1,0,1
aclu,0,1,1
acme,0,1,1
acne,1,0,1
acnefree,0,1,1
acnt,1,0,1
acocunt,1,0,1
acolunt,1,0,1
aconcagua,0,1,1
acorn,0,1,1
acorns,1,0,1
acount,0,1,1
acoustic,11,7,18
acousticc,0,1,1
acp,1,0,1
acquaintance,0,2,2
acquaintances,1,0,1
acquainted,0,2,2
acquired,2,1,3
acquiring,1,0,1
acquisition,0,1,1
acreage,0,1,1
acrisoare,0,1,1
acrobat,1,1,2
acronym,0,4,4
acronyms,0,1,1
acropolis,0,1,1
across,26,42,68
acrylicana,1,0,1
acrylics,0,1,1
acs,0,1,1
act,44,38,82
actally,0,1,1
actaully,2,2,4
acted,1,2,3
actin,3,1,4
acting,27,26,53
action,19,33,52
actionfigure,0,1,1
actions,2,2,4
activate,3,2,5
activated,3,4,7
activation,6,0,6
active,7,17,24
activecollab,0,1,1
actively,1,0,1
activia,1,0,1
activision,1,0,1
activisionsucks,1,0,1
activist,2,0,2
activists,1,0,1
activites,1,0,1
activities,0,2,2
activity,6,5,11
activityparty,0,1,1
actofgreen,1,0,1
actor,7,18,25
actors,4,4,8
actress,14,7,21
actresses,2,0,2
acts,5,3,8
actuaaly,1,0,1
actual,23,26,49
actually,280,465,745
actualy,2,3,5
acu,1,0,1
acually,0,1,1
acumen,0,1,1
acupunc,0,1,1
acupuncture,2,1,3
acura,1,0,1
acutally,2,0,2
acward,1,0,1
acyually,1,0,1
ad,22,29,51
ada,7,9,16
adabella,1,0,1
adam,70,32,102
adamant,1,0,1
adamcheeeserosie,1,0,1
adamgazm,1,0,1
adamisarockstar,1,0,1
adamlambert,1,0,1
adamliveson,1,0,1
adamo,0,1,1
adams,2,3,5
adamzz,1,0,1
adapt,1,0,1
adaptation,0,1,1
adapter,1,2,3
adapting,0,1,1
adaption,0,1,1
adaptive,1,0,1
adaptor,2,0,2
adaraaa,1,0,1
adarsh,1,0,1
adarshs,1,0,1
add,139,254,393
addded,1,0,1
added,27,50,77
addekk,1,0,1
addict,4,14,18
addicted,20,24,44
addictedto,5,0,5
addicting,5,10,15
addiction,12,12,24
addictions,1,0,1
addictive,10,8,18
addictivetvshows,1,0,1
addicts,2,1,3
addieeee,1,0,1
addin,0,2,2
adding,16,24,40
addition,3,7,10
additional,1,3,4
additives,0,1,1
addled,0,1,1
addlery,0,1,1
addon,2,2,4
addons,0,1,1
address,23,42,65
addressed,2,1,3
addresses,5,3,8
addressing,0,1,1
adds,2,7,9
adducte,1,0,1
addy,3,6,9
ade,1,0,1
adech,1,0,1
adek,1,0,1
adel,3,0,3
adelaide,1,6,7
adele,1,3,4
adelle,1,0,1
adelphia,1,1,2
adem,0,1,1
adema,1,0,1
aden,0,2,2
adequate,0,3,3
adequately,1,1,2
adge,0,1,1
adhd,0,1,1
adherents,1,0,1
adiabatman,1,0,1
adict,1,0,1
adictaa,1,0,1
adiction,0,1,1
adidas,0,3,3
adidasuk,1,0,1
adie,2,0,2
adiict,2,0,2
adiks,1,0,1
adina,1,0,1
adinaaa,0,1,1
adinarayanap,1,0,1
adios,1,3,4
adis,0,1,1
aditi,1,0,1
aditya,1,0,1
adium,2,0,2
adjacent,0,1,1
adjack,1,0,1
adjust,7,4,11
adjusted,0,1,1
adjuster,0,1,1
adjusting,3,1,4
adjustment,0,3,3
adjustments,0,1,1
adjusts,1,0,1
adlers,1,0,1
admin,6,5,11
administration,3,2,5
administrator,1,0,1
administrators,0,1,1
admirable,1,1,2
admiralty,0,1,1
admiration,0,1,1
admire,6,5,11
admired,1,0,1
admirer,1,0,1
admiring,0,3,3
admiringly,1,0,1
admission,2,0,2
admisssion,1,0,1
admit,29,41,70
admits,2,0,2
admitted,1,2,3
admittedly,0,2,2
admitting,2,2,4
adn,4,1,5
adnams,0,1,1
ado,1,1,2
adobe,7,6,13
adobo,0,2,2
adom,1,0,1
adopt,4,8,12
adopted,7,7,14
adopter,1,1,2
adopters,1,0,1
adopting,0,1,1
adoption,0,4,4
adoptions,1,0,1
adoptive,0,1,1
adorable,23,51,74
adorablee,0,1,1
adorableee,0,1,1
adorably,1,0,1
adorama,1,0,1
adoration,0,1,1
adore,13,10,23
adored,0,1,1
adorei,1,0,1
adoring,2,0,2
adorno,1,0,1
adp,0,1,1
adrenaline,0,1,1
adrence,1,0,1
adress,0,1,1
adri,4,0,4
adrian,11,1,12
adriana,2,1,3
adrianna,1,0,1
adrianne,2,0,2
adrienne,1,0,1
adrink,1,0,1
adry,0,1,1
ads,16,7,23
adsl,0,3,3
adt,2,0,2
adub,1,0,1
adult,5,9,14
adultbaby,0,1,1
adulterous,0,1,1
adulthood,0,1,1
adults,4,3,7
adultswim,0,1,1
adulty,1,0,1
adv,0,4,4
advance,6,14,20
advanced,2,4,6
advantage,5,14,19
advantages,2,2,4
adventure,9,10,19
adventureland,0,1,1
adventurer,1,1,2
adventures,4,7,11
adventurous,2,0,2
adverblog,0,1,1
adverse,1,0,1
adversely,1,0,1
adversity,1,1,2
advert,10,3,13
advertise,3,5,8
advertised,2,1,3
advertisement,2,0,2
advertising,8,9,17
advertisments,0,1,1
adverts,4,1,5
advice,26,47,73
adviced,0,1,1
advices,1,0,1
advie,0,1,1
advil,3,3,6
advils,0,1,1
advise,1,5,6
advised,1,3,4
adviser,0,2,2
advising,0,1,1
advisor,1,2,3
advisors,1,0,1
advisory,1,0,1
advocate,0,1,1
advocated,0,1,1
advocates,1,1,2
advocating,0,1,1
advt,0,1,1
adweebs,1,0,1
adwords,2,0,2
ady,5,0,5
adyar,1,0,1
ae,2,4,6
aea,1,1,2
aebleskiver,0,1,1
aedan,1,0,1
aedon,1,0,1
aeeemmm,1,0,1
aef,1,0,1
aer,0,2,2
aerial,0,1,1
aeriel,1,0,1
aero,1,1,2
aerobic,0,1,1
aerobics,1,0,1
aeroplan,1,0,1
aeroplane,1,1,2
aerosmith,1,4,5
aerosols,0,1,1
aesop,1,1,2
aest,1,0,1
aesthetic,1,1,2
aestrid,1,0,1
af,4,0,4
afaik,1,2,3
afan,0,1,1
afar,3,0,3
afazenda,1,0,1
afb,1,2,3
afdol,0,1,1
afeared,0,1,1
afech,0,1,1
afee,0,1,1
aferwards,1,0,1
afew,0,2,2
aff,0,1,1
affair,9,1,10
affairs,0,3,3
affect,5,4,9
affected,4,5,9
affecting,1,0,1
affection,0,1,1
affectionate,0,1,1
affective,1,1,2
affects,1,4,5
affetc,1,0,1
affies,0,1,1
affiliate,3,4,7
affiliates,1,1,2
affiliconil,0,1,1
affin,0,1,1
affirm,1,0,1
affirmation,0,1,1
affleck,1,0,1
afford,31,39,70
affordable,2,4,6
affordey,0,1,1
affording,0,2,2
affright,0,1,1
afghan,0,1,1
afghanistan,1,1,2
afh,1,0,1
afi,1,0,1
aficionado,1,1,2
afinal,0,1,1
afix,0,1,1
afk,1,1,2
afl,1,1,2
afloat,1,0,1
aflutter,1,0,1
aflyonthewall,1,0,1
afooowl,0,1,1
afore,0,1,1
aforementioned,1,0,1
afp,0,1,1
afraaa,1,0,1
afraid,49,59,108
afriad,2,1,3
africa,8,11,19
african,4,5,9
africans,1,1,2
afridi,2,0,2
afro,0,1,1
afroman,0,1,1
afros,1,0,1
afsel,0,1,1
aft,3,2,5
afta,1,1,2
afte,0,1,1
after,422,487,909
afterall,2,5,7
afterdark,1,0,1
aftere,0,1,1
afterhours,1,0,1
aftermath,1,3,4
afternoon,69,97,166
afternoons,2,1,3
afternooon,1,0,1
afternoooon,0,1,1
afternun,0,1,1
afterparty,3,3,6
afterprom,0,1,1
afterschool,1,0,1
aftershock,0,2,2
aftersun,0,1,1
aftertaste,1,0,1
afterthefact,0,1,1
afterward,2,2,4
afterwards,12,10,22
afterwords,1,0,1
afterwork,2,0,2
aftet,1,0,1
afto,0,1,1
aftr,1,0,1
aftrnoon,0,1,1
ag,2,4,6
aga,1,1,2
agaaaaain,1,0,1
agad,0,1,1
agaiin,1,0,1
again,720,674,1394
againnn,0,1,1
againnnn,0,1,1
againnnnn,1,0,1
againnnnnn,1,0,1
againnnnnnnnnn,1,0,1
againnnnnnnnnnnn,0,1,1
against,37,51,88
agaisnt,0,1,1
agarrar,1,0,1
agati,1,0,1
age,32,45,77
aged,2,5,7
ageing,0,1,1
agen,3,0,3
agencies,2,0,2
agency,8,2,10
agenda,4,8,12
agendas,0,1,1
agent,7,6,13
agentless,0,1,1
agentmp,0,1,1
agents,1,3,4
ageplay,0,1,1
agers,1,0,1
agervated,0,1,1
ages,28,37,65
agess,0,1,1
agesss,0,1,1
agessss,0,1,1
agg,0,1,1
agge,0,1,1
agggggh,0,1,1
aggravating,2,1,3
aggregator,1,0,1
aggressive,1,3,4
aggressively,0,1,1
aggressor,1,0,1
agh,1,8,9
aghh,2,0,2
aghhh,0,1,1
aghhhh,1,0,1
aghhhhhh,0,1,1
agian,1,0,1
agile,1,0,1
agin,1,0,1
aging,1,4,5
agingforwards,1,0,1
agitated,0,2,2
agn,1,1,2
agne,1,0,1
agnes,3,0,3
agnostic,0,1,1
ago,145,226,371
agogiek,1,0,1
agony,3,1,4
agoo,0,1,1
agood,0,1,1
agora,1,1,2
agoraphobia,1,0,1
agosto,0,1,1
agree,96,237,333
agreeable,0,1,1
agreed,18,66,84
agreee,1,1,2
agreeeed,0,1,1
agreeeee,0,1,1
agreeeeee,0,1,1
agreegree,0,1,1
agreeing,4,1,5
agreement,3,6,9
agreements,0,1,1
agrees,5,5,10
agress,1,0,1
agricola,1,0,1
agriculture,1,0,1
agruing,1,0,1
aguilar,1,0,1
aguilera,2,1,3
agustina,1,0,1
ah,150,243,393
aha,24,47,71
ahaa,2,4,6
ahaaa,0,1,1
ahaaaa,0,1,1
ahaahah,1,0,1
ahah,6,21,27
ahaha,22,43,65
ahahah,2,4,6
ahahaha,9,9,18
ahahahah,2,3,5
ahahahaha,3,1,4
ahahahahaha,1,1,2
ahahahahahaa,1,0,1
ahahahahahah,0,1,1
ahahahahahaha,1,2,3
ahahahahahahahaha,0,1,1
ahahahahhaah,0,1,1
ahahahahhahahahahahhaa,1,0,1
ahahahha,1,2,3
ahahahhaah,0,1,1
ahahha,2,3,5
ahahhaa,0,1,1
ahahhaha,1,2,3
ahahhh,1,0,1
ahalf,0,1,1
aham,1,0,1
ahan,1,0,1
ahasta,1,0,1
ahbl,2,0,2
ahead,37,50,87
aheh,2,0,2
ahehe,0,1,1
ahem,6,8,14
ahg,0,1,1
ahh,67,117,184
ahha,2,9,11
ahhaahaha,0,1,1
ahhaahx,1,0,1
ahhah,0,2,2
ahhaha,5,1,6
ahhahah,0,1,1
ahhaj,0,1,1
ahhh,53,74,127
ahhhh,15,24,39
ahhhhaahaha,1,0,1
ahhhhh,10,9,19
ahhhhhh,8,2,10
ahhhhhhh,3,2,5
ahhhhhhhh,1,2,3
ahhhhhhhhh,2,1,3
ahhhhhhhhhhh,1,1,2
ahhhhhhhhhhhh,0,1,1
ahhhhhhhhhhhhh,0,1,1
ahhhhp,1,0,1
ahhhhs,1,0,1
ahhing,0,1,1
ahhpink,0,1,1
ahi,1,1,2
ahm,1,1,2
ahmad,2,0,2
ahmadi,0,1,1
ahmadin,0,1,1
ahmadinedschad,0,1,1
ahmadinejad,4,1,5
ahmed,2,0,2
ahn,2,0,2
ahold,2,3,5
ahoova,1,0,1
ahoy,0,2,2
ahrggg,0,1,1
ahs,0,1,1
ahsuhasuha,1,0,1
ahuh,0,1,1
ahve,1,2,3
ahven,0,1,1
ahw,0,3,3
ahwaaa,0,1,1
ahww,1,0,1
ai,7,12,19
aia,1,0,1
aid,5,10,15
aidan,6,2,8
aiden,6,4,10
aiders,1,0,1
aids,3,5,8
aiesec,0,1,1
aig,1,0,1
aight,4,10,14
aigo,0,1,1
aigoo,1,0,1
aii,2,0,2
aiigght,1,0,1
aiiieee,1,0,1
aiiii,1,0,1
aiiiigghht,0,1,1
aiken,1,0,1
aikido,1,1,2
aikoihin,1,0,1
aileen,3,0,3
ailey,1,0,1
ailing,0,1,1
ailish,1,0,1
ailleen,1,0,1
ailment,1,1,2
ailments,1,0,1
ailsas,1,0,1
ailton,1,0,1
aim,24,17,41
aimee,9,1,10
aiming,2,5,7
aimmail,1,0,1
aimmmmmm,0,1,1
aims,1,0,1
aimz,1,0,1
ain,46,53,99
ainars,2,0,2
ainda,1,0,1
ains,0,1,1
ainsley,1,1,2
ainsworth,1,0,1
aint,67,79,146
ainz,1,0,1
aion,7,0,7
aior,1,0,1
aips,0,1,1
aiqht,1,0,1
air,82,69,151
airborne,1,0,1
airbourne,1,0,1
airbrush,1,1,2
airbus,2,0,2
aircard,0,1,1
aircon,1,2,3
aircond,1,0,1
aircondition,1,0,1
airconditioning,1,1,2
aircraft,0,1,1
airdate,1,0,1
aire,1,1,2
aired,4,1,5
aires,3,2,5
airfare,0,2,2
airfield,0,1,1
airfrace,1,0,1
airfrance,2,0,2
airhead,1,0,1
airhorn,0,1,1
airing,1,4,5
airlift,1,0,1
airline,2,3,5
airlines,4,3,7
airman,1,0,1
airmaster,1,0,1
airmood,0,1,1
airplane,5,4,9
airplanes,2,1,3
airplay,1,1,2
airport,48,36,84
airportmania,1,0,1
airports,5,3,8
airprts,0,1,1
airs,4,0,4
airside,0,1,1
airtel,0,1,1
airtels,0,1,1
airtightness,0,1,1
airtrain,1,0,1
airtran,1,0,1
airtunes,0,1,1
airwalk,0,1,1
airways,1,0,1
airy,0,1,1
ais,0,1,1
aise,1,0,1
aish,1,0,1
aishah,1,0,1
aishazam,1,0,1
aishwarya,1,0,1
aisle,1,3,4
aisles,0,1,1
aisling,1,0,1
aislinn,1,0,1
aisya,1,0,1
aitchison,1,0,1
aite,1,3,4
aiyerhhh,0,1,1
aiyo,0,1,1
aj,7,14,21
aja,6,7,13
ajaaaa,1,0,1
ajaedandridge,1,0,1
ajah,0,1,1
ajaja,0,1,1
ajajajajajaj,1,0,1
ajak,1,0,1
ajarin,1,2,3
ajatt,1,0,1
ajax,3,2,5
ajay,1,0,1
ajeng,1,0,1
ajibat,1,0,1
ajjajaj,0,1,1
ajourned,0,1,1
ajs,0,1,1
ajung,0,1,1
ajunge,1,0,1
ajuta,1,0,1
ak,5,3,8
aka,15,10,25
akak,0,1,1
akash,1,0,1
akbar,1,0,1
akd,1,0,1
ake,1,0,1
akeed,0,2,2
akeeed,1,0,1
akeem,1,0,1
akeh,1,0,1
akela,1,0,1
aketch,0,1,1
akhirnya,1,0,1
aki,1,0,1
akira,2,1,3
akisss,1,0,1
akjava,1,0,1
akka,0,1,1
akkkkk,0,1,1
akl,0,1,1
ako,14,19,33
akomi,1,0,1
akomismo,1,0,1
akon,0,1,1
akong,0,2,2
akron,1,0,1
akroyd,0,1,1
akshually,1,0,1
aksjasi,1,0,1
aku,4,11,15
akukan,0,1,1
akward,2,1,3
akwtjwkl,1,0,1
al,34,34,68
ala,4,2,6
alabama,4,4,8
alabaster,1,0,1
alaconnect,1,0,1
aladdin,2,1,3
alah,0,1,1
alahai,1,0,1
alaina,0,1,1
alaine,1,1,2
alala,1,0,1
alam,4,3,7
alamak,0,1,1
alameda,0,1,1
alamid,1,0,1
alan,27,10,37
alancarr,1,0,1
alanine,1,0,1
alanis,2,1,3
alanissarcastic,1,0,1
alanna,1,0,1
alans,0,1,1
alanwilder,1,0,1
alarm,11,15,26
alarming,1,0,1
alarms,1,2,3
alarna,1,0,1
alas,17,18,35
alasdair,1,0,1
alaska,2,10,12
alaskan,0,1,1
alass,0,1,1
alasse,1,0,1
alastair,1,0,1
alayellow,1,0,1
alays,1,0,1
alba,0,3,3
albannach,1,0,1
albany,1,2,3
albeit,0,1,1
alben,0,1,1
albert,4,1,5
alberta,1,3,4
albertan,0,1,1
albertans,0,1,1
alberto,1,2,3
albertsons,2,0,2
albi,1,0,1
albie,1,0,1
albino,1,0,1
albl,1,0,1
albs,1,0,1
album,105,115,220
albumds,0,1,1
albummm,1,0,1
albumoftheweek,1,0,1
albums,11,9,20
albun,1,0,1
albuterol,1,0,1
alc,1,0,1
alcan,1,0,1
alcatraz,1,0,1
alcazar,0,1,1
alch,1,0,1
alchemilla,1,0,1
alchemy,1,0,1
alchy,0,2,2
alco,1,0,1
alcofrol,1,0,1
alcohol,14,26,40
alcoholic,2,3,5
alcopop,0,1,1
alcove,1,0,1
alderwood,0,1,1
aldo,1,0,1
aldon,1,0,1
aldoooo,0,1,1
ale,7,6,13
alec,0,1,1
aled,2,1,3
aleenia,4,0,4
alegra,1,0,1
alejandra,0,1,1
alejandro,1,1,2
alekos,1,0,1
alen,0,1,1
alergic,1,1,2
alergies,0,1,1
alergy,0,1,1
alert,8,7,15
alerting,0,1,1
alertme,1,0,1
alerts,0,3,3
alese,1,0,1
alessi,0,1,1
aleve,1,0,1
alevel,0,1,1
alex,80,26,106
alexa,7,3,10
alexander,1,0,1
alexandra,1,0,1
alexandrabwi,1,0,1
alexiiiiina,1,0,1
alexis,11,4,15
alexisonfire,1,0,1
alexistta,2,0,2
alexjohnson,0,1,1
alexx,3,0,3
alexz,1,0,1
aley,0,2,2
alf,1,0,1
alfa,1,0,1
alfest,1,0,1
alfida,0,1,1
alfonso,1,0,1
alfred,0,1,1
alfredo,0,1,1
alfresco,1,0,1
alg,0,1,1
algae,1,2,3
algeb,1,0,1
algebra,3,2,5
algie,0,1,1
algo,1,0,1
algonac,1,0,1
algonquin,2,0,2
algu,1,0,1
algum,0,1,1
alhy,1,0,1
ali,24,13,37
aliante,1,0,1
alias,1,1,2
aliballoony,1,0,1
alibi,0,1,1
alice,19,5,24
alicia,4,5,9
aliciaaa,1,0,1
alie,0,1,1
aliem,0,1,1
alien,5,7,12
alienate,1,0,1
alienating,0,1,1
aliens,4,7,11
alienware,0,1,1
alife,0,1,1
alights,1,0,1
aligned,2,0,2
alignment,1,0,1
alignments,0,1,1
alii,0,1,1
alik,0,1,1
alike,14,12,26
alil,1,2,3
alinas,1,0,1
alinghi,1,0,1
alirhgt,0,1,1
alis,0,1,1
alisa,1,2,3
alisha,1,0,1
alishaa,1,0,1
alison,6,2,8
alissa,2,1,3
alistair,3,0,3
alita,0,1,1
alithos,1,0,1
alittle,1,1,2
alittlebit,1,0,1
alive,47,40,87
alix,0,1,1
aliyah,0,1,1
aljd,0,1,1
alkaline,3,0,3
alkhaer,0,1,1
alkso,1,0,1
all,2211,2635,4846
alla,2,1,3
allah,4,5,9
allahpundit,1,0,1
allan,3,1,4
allblackent,1,0,1
alld,1,0,1
allday,1,0,1
alle,0,2,2
alleged,0,1,1
allegedly,1,0,1
allegra,1,0,1
allemaal,1,0,1
allen,9,13,22
allende,1,0,1
aller,1,0,1
allergic,11,13,24
allergies,14,19,33
allergist,0,1,1
allergy,3,3,6
alles,0,2,2
alleve,1,0,1
alleviate,0,1,1
allexx,1,0,1
alley,3,7,10
alleys,1,0,1
allez,2,2,4
alli,0,3,3
alliance,0,1,1
alliances,1,0,1
allie,4,2,6
allies,0,1,1
alligator,0,2,2
allikins,0,1,1
allington,0,1,1
allinthemind,1,0,1
allishia,0,1,1
allison,17,3,20
alliteration,0,1,1
alliv,1,0,1
alll,5,6,11
alllizzz,1,0,1
allll,5,6,11
alllll,2,1,3
alllllan,1,0,1
allllll,0,3,3
alllllll,3,2,5
allllllll,0,2,2
alllllllllllll,0,1,1
alllllllllllllllllllllllllllll,1,0,1
alllways,1,0,1
allmost,0,1,1
allmy,0,1,1
allnighter,0,2,2
allot,1,1,2
allotment,1,1,2
allow,12,18,30
allowance,0,1,1
allowed,37,50,87
allowence,0,1,1
allowing,3,3,6
allows,0,7,7
allready,1,3,4
allrighty,1,0,1
alls,1,1,2
allspice,0,1,1
allston,0,1,1
alltel,0,1,1
alltime,0,1,1
alltimelow,10,1,11
alltimelowsuckmorecockthanawellpaidwhore,1,0,1
alltimelowweek,1,0,1
allts,1,0,1
alluminium,0,1,1
allure,0,1,1
allus,0,1,1
allway,0,1,1
allways,2,0,2
ally,9,11,20
allyson,1,0,1
alma,1,0,1
almie,1,0,1
almightey,1,0,1
almo,0,1,1
almodovar,0,1,1
almondito,0,1,1
almonds,0,1,1
almos,1,0,1
almost,158,210,368
almostfour,1,0,1
alms,0,1,1
almuerzo,0,1,1
alo,0,1,1
aloe,3,4,7
aloha,3,4,7
alohafriday,1,0,1
alol,0,1,1
alone,119,106,225
aloneeeeeeeee,1,0,1
along,56,82,138
alonggg,1,0,1
alongside,1,0,1
alongwith,0,1,1
alonzo,1,0,1
aloof,0,1,1
alook,0,1,1
alooone,1,0,1
alooonee,1,0,1
alooooone,1,0,1
aloooooooone,0,1,1
aloready,1,0,1
alot,50,88,138
alota,1,0,1
alotta,2,1,3
aloud,7,3,10
alound,1,0,1
alpaca,1,1,2
alpacas,2,0,2
alpe,1,0,1
alpha,6,3,9
alphabeat,2,0,2
alphabet,0,3,3
alphabetizing,1,0,1
alphabetti,1,0,1
alpolitics,1,0,1
alppy,0,1,1
alps,0,2,2
alr,4,2,6
alratos,1,0,1
alrd,0,1,1
alrdy,0,3,3
alread,1,0,1
alreadeh,1,0,1
alreadt,1,0,1
already,393,486,879
alreadyy,2,1,3
alrighht,0,1,1
alrighr,0,1,1
alright,58,102,160
alrighty,2,9,11
alrite,2,4,6
alrrright,1,0,1
alryt,1,0,1
als,1,0,1
alsation,1,0,1
alseep,1,1,2
also,283,446,729
alsoo,0,2,2
alsoposted,0,1,1
alster,1,0,1
alt,1,6,7
altaf,1,0,1
altair,0,1,1
altamonte,2,0,2
alter,3,2,5
altered,2,0,2
alternat,1,0,1
alternate,2,5,7
alternately,1,0,1
alternateroutes,1,0,1
alternating,0,1,1
alternative,5,7,12
alternatively,0,1,1
alternatives,0,2,2
alternator,1,1,2
alterra,0,2,2
alterune,1,0,1
altgirltweet,1,0,1
altho,7,6,13
although,65,98,163
althought,0,1,1
altitude,1,0,1
alto,3,6,9
altogether,1,1,2
alton,1,2,3
altoona,0,1,1
altough,1,0,1
altum,1,0,1
alu,0,1,1
alum,0,2,2
aluminium,0,1,1
aluminum,2,1,3
alumni,1,1,2
alura,2,0,2
aluth,0,1,1
alvaro,0,1,1
alvechurch,1,0,1
alves,0,1,1
alvie,1,0,1
alvin,1,2,3
alvina,1,0,1
alvive,0,1,1
alwas,1,0,1
alwase,0,1,1
alwasy,1,0,1
alway,2,3,5
always,505,751,1256
alwaysandforever,1,0,1
alwaysz,1,0,1
alwful,1,0,1
alwyas,0,1,1
alwys,1,1,2
aly,5,1,6
alya,1,0,1
alyce,1,0,1
alycia,1,0,1
alys,0,1,1
alysa,0,1,1
alysha,1,0,1
alysheea,0,1,1
alyson,3,1,4
alyssa,22,10,32
alyssas,1,0,1
alyssum,1,0,1
am,1324,1721,3045
amaaaaazing,1,1,2
amaaaazing,0,1,1
amaaazing,1,0,1
amaaquentcr,1,0,1
amaazing,0,2,2
amahzing,0,1,1
amaing,0,1,1
amaizing,0,1,1
amalina,1,0,1
amameeeeeeeee,0,1,1
amanda,32,14,46
amandaa,0,1,1
amandaaaaaaaaaa,0,1,1
amandanaomi,1,0,1
amandapalmer,7,2,9
amandas,0,1,1
amandina,1,0,1
amanduhwood,1,0,1
amanii,0,1,1
amannda,0,1,1
amap,1,0,1
amara,1,0,1
amare,1,0,1
amarula,0,1,1
amat,0,1,1
amateur,3,4,7
amateurish,1,1,2
amayzeeng,0,1,1
amazazing,0,1,1
amaze,3,4,7
amazeballs,1,0,1
amazed,6,7,13
amazement,0,1,1
amazes,2,1,3
amaziiiiing,0,1,1
amaziing,0,1,1
amazin,5,3,8
amazing,286,349,635
amazingday,0,1,1
amazingg,2,0,2
amazinggg,3,0,3
amazinggggg,0,1,1
amazinggggggggg,0,1,1
amazinggggggggggg,0,1,1
amazingly,8,11,19
amazinglyamazing,0,1,1
amazingness,1,0,1
amazinnnng,0,1,1
amazon,13,17,30
amazong,0,1,1
amazonmp,0,1,1
ambani,0,1,1
ambassador,1,0,1
ambbuurrrr,1,0,1
ambeeerrrr,1,0,1
ambelside,0,1,1
amber,21,10,31
ambergirl,1,0,1
amberlicious,0,1,1
amberlovely,1,0,1
amberly,1,0,1
amberr,0,1,1
ambi,2,0,2
ambien,0,1,1
ambience,0,1,1
ambient,1,0,1
ambiguous,0,1,1
ambiguously,0,1,1
ambil,1,0,1
ambition,3,1,4
ambitious,1,0,1
ambivalent,0,1,1
ambiye,1,1,2
amble,0,1,1
ambs,0,3,3
ambulance,0,1,1
amby,1,0,1
amc,1,2,3
amd,6,1,7
amdroid,1,0,1
ame,1,1,2
ameen,0,1,1
amehaquaboogie,1,0,1
amelia,2,5,7
amelie,1,0,1
amellia,1,0,1
amen,15,24,39
amends,0,2,2
amenn,0,2,2
amennn,0,1,1
america,34,34,68
american,30,51,81
americans,8,6,14
americas,1,1,2
amerie,0,1,1
ames,0,1,1
amethyst,1,1,2
amex,0,2,2
amg,1,0,1
amgrat,1,0,1
ami,2,2,4
amibtious,0,1,1
amid,1,0,1
amidst,1,1,2
amie,1,2,3
amiee,1,0,1
amien,0,1,1
amiga,2,4,6
amigaaayiorehifoegfuo,0,1,1
amigas,2,0,2
amigo,0,2,2
amigos,3,0,3
amii,0,1,1
amiie,1,0,1
amil,0,1,1
amillie,1,0,1
amillion,1,0,1
amilya,1,0,1
amimee,1,0,1
amin,1,1,2
aminamin,0,1,1
amir,3,1,4
amira,0,1,1
amirrrrr,1,0,1
amirul,0,1,1
amish,3,0,3
amishooo,0,1,1
amistad,1,0,1
amit,0,1,1
amitie,1,0,1
amityville,1,0,1
amjust,1,0,1
amjw,0,1,1
aml,1,0,1
amm,1,0,1
ammar,1,0,1
ammend,0,1,1
ammendments,0,1,1
ammm,1,0,1
ammmm,1,0,1
ammmmm,1,0,1
ammo,0,1,1
ammon,0,1,1
ammontrit,0,1,1
ammouni,0,1,1
ammsss,1,0,1
ammunition,0,2,2
amna,1,0,1
amne,1,0,1
amnesia,1,0,1
amnesiac,1,0,1
amnon,0,1,1
amo,6,0,6
amok,1,0,1
among,6,5,11
amongst,5,2,7
amooo,1,0,1
amor,5,0,5
amore,0,1,1
amorsito,0,1,1
amos,1,2,3
amount,11,18,29
amounts,1,9,10
amp,1,3,4
ampache,1,0,1
ampe,1,1,2
amped,0,1,1
amper,0,1,1
ampf,0,1,1
amphi,1,1,2
amphitheater,0,1,1
ampitheater,1,0,1
amps,1,0,1
ampublicrelations,1,0,1
amputated,2,0,2
amr,1,1,2
ams,0,1,1
amstell,1,0,1
amstelveen,1,0,1
amsterdam,6,7,13
amt,1,0,1
amtarot,1,0,1
amtrak,1,1,2
amtv,0,1,1
amusant,0,1,1
amuse,1,5,6
amused,3,5,8
amusement,1,0,1
amuses,0,2,2
amusing,10,9,19
amusingly,0,1,1
amway,0,1,1
amxing,0,1,1
amy,44,32,76
amyleegonzalez,1,0,1
amyraaa,1,0,1
amyrail,0,1,1
amything,1,0,1
amyyy,1,0,1
amz,0,1,1
amzing,1,1,2
amzn,2,0,2
an,890,1147,2037
ana,11,6,17
anaa,0,1,1
anaaaaaaaaaaaaaaaaaa,1,0,1
anabella,1,0,1
anabelle,0,1,1
anaesthesia,0,1,1
anaesthetic,0,1,1
anaheim,1,0,1
anair,1,0,1
anak,2,2,4
anaka,0,1,1
anakalypsoun,0,1,1
anal,3,4,7
anall,0,1,1
analog,0,3,3
analogies,1,0,1
analogy,2,4,6
analouge,1,0,1
analyses,0,1,1
analysis,2,4,6
analysts,1,1,2
analytic,1,0,1
analytical,1,1,2
analytics,2,4,6
analyze,0,1,1
analyzed,0,1,1
analyzing,1,0,1
anam,1,0,1
anamenudo,0,1,1
anaphalactic,1,0,1
anaphylaxis,1,0,1
anarbor,1,0,1
anastasia,1,2,3
anatolia,1,0,1
anatomny,1,0,1
anatomy,5,3,8
anaw,0,1,1
anax,1,0,1
anberlin,2,1,3
anbody,0,1,1
anc,1,0,1
anca,0,1,1
ancestors,1,1,2
anchor,2,0,2
anchoring,1,0,1
anchovies,0,1,1
ancident,1,0,1
ancient,3,4,7
ancy,1,0,1
and,7534,8912,16446
andami,0,1,1
andas,0,1,1
andcasien,1,0,1
andd,5,1,6
anddd,1,0,1
andddd,0,1,1
anddddd,1,0,1
andddddd,1,0,1
anddunkin,0,1,1
ande,1,0,1
anderem,0,1,1
anders,0,1,1
andersen,1,0,1
anderson,4,3,7
andi,0,1,1
andie,0,1,1
andim,3,0,3
andis,1,0,1
andito,0,1,1
andnav,1,0,1
andoy,0,1,1
andr,3,1,4
andraz,1,0,1
andre,6,1,7
andrea,16,8,24
andreano,0,1,1
andreea,3,0,3
andreeeeeeee,1,0,1
andres,0,1,1
andrew,29,22,51
andrews,3,1,4
andrewww,0,1,1
android,5,5,10
andromeda,0,1,1
andrummm,1,0,1
andva,1,0,1
andy,44,39,83
andyclemmensen,38,1,39
andyclemmenson,1,0,1
andyhurleyday,19,2,21
andypants,1,0,1
andys,1,2,3
andyunderground,1,0,1
andywendt,1,0,1
andyy,1,0,1
ane,3,4,7
anecdote,0,1,1
anees,1,0,1
aneezd,1,0,1
aneko,2,0,2
anelis,1,0,1
anemia,1,0,1
anemic,0,1,1
anesti,1,0,1
anetko,1,0,1
anette,1,1,2
aneurysm,1,0,1
anew,2,0,2
anewday,1,0,1
anf,1,1,2
anfair,1,0,1
ang,20,36,56
ange,2,2,4
angel,24,16,40
angela,17,7,24
angele,1,0,1
angeles,6,5,11
angelic,1,0,1
angelica,1,2,3
angelically,0,1,1
angelina,4,2,6
angelique,0,1,1
angelireul,1,0,1
angels,13,9,22
angelsanddemons,1,0,1
angelynn,1,0,1
angeoplasty,0,1,1
anger,3,5,8
angered,0,1,1
angers,0,2,2
angetan,1,0,1
anggi,1,0,1
angi,0,3,3
angie,12,6,18
angieeee,0,1,1
angiepuddnpie,1,0,1
angilena,0,1,1
angilicious,0,1,1
angin,0,1,1
angle,3,9,12
angled,0,1,1
angles,0,3,3
anglophile,1,0,1
anglz,0,1,1
angra,1,0,1
angrily,1,0,1
angry,30,19,49
angryfacing,1,0,1
angrygirl,1,0,1
angrymarks,1,0,1
angst,1,6,7
angsty,0,4,4
angus,2,3,5
angwaagee,0,1,1
angy,1,0,1
anh,0,5,5
ani,6,4,10
anibody,0,1,1
anica,0,1,1
anice,0,1,1
aniko,2,4,6
anil,1,0,1
anima,1,0,1
animal,18,18,36
animallllsss,1,0,1
animals,21,25,46
animalstyle,1,0,1
animate,0,1,1
animated,4,5,9
animating,1,0,1
animation,4,3,7
anime,7,10,17
animes,1,2,3
anip,0,1,1
anipal,0,1,1
anipalsto,0,1,1
aniston,3,0,3
anita,2,2,4
anitbiotics,1,0,1
aniversary,1,1,2
aniversery,1,0,1
anjie,0,1,1
ank,1,0,1
anke,1,0,1
ankel,0,1,1
ankie,1,1,2
ankit,0,1,1
ankle,13,12,25
ankles,5,3,8
anklet,0,1,1
anks,0,1,1
ankur,0,1,1
ann,5,19,24
anna,10,32,42
annaaaa,0,1,1
annabelle,1,0,1
annalisa,0,1,1
annalowmanisamassiveloser,0,1,1
annam,0,1,1
annasophia,1,0,1
anncement,1,0,1
annd,2,2,4
anndddd,1,0,1
anne,5,18,23
anneliese,0,1,1
annemarie,0,1,1
annemieke,0,1,1
anneshirley,0,1,1
annette,0,4,4
annex,0,1,1
annick,0,1,1
annie,4,10,14
anniebelle,1,0,1
annielicious,0,1,1
annies,2,1,3
annika,1,0,1
annisa,0,1,1
anniv,1,0,1
anniversaire,0,1,1
anniversaries,0,1,1
anniversary,14,16,30
annnd,1,0,1
annnddd,1,1,2
annnieee,0,1,1
annnnaaaa,0,1,1
annnnd,0,1,1
annnnna,1,0,1
annnnnd,1,0,1
annnnndd,0,1,1
annnouncement,0,1,1
annnywhere,1,0,1
anno,0,1,1
annoop,0,1,1
annouced,1,2,3
announce,6,6,12
announced,8,9,17
announcement,10,5,15
announcements,3,1,4
announcer,2,0,2
announces,2,0,2
announcing,2,2,4
annoy,2,7,9
annoyance,1,0,1
annoyed,25,18,43
annoyin,0,2,2
annoying,62,95,157
annoyingly,2,2,4
annoys,2,6,8
annual,2,6,8
annually,1,0,1
annuals,1,1,2
anny,0,2,2
annyeong,1,0,1
annying,1,0,1
ano,2,5,7
anoin,0,1,1
anois,0,1,1
anon,2,0,2
anong,0,2,2
anonymity,0,2,2
anonymous,5,4,9
anoop,4,12,16
anor,0,1,1
anorak,2,0,2
anorexia,1,0,1
anoron,1,0,1
anotha,5,2,7
another,309,283,592
anothermccoy,1,0,1
anothers,0,1,1
anouce,1,0,1
anouk,0,1,1
anounement,1,0,1
anounncement,1,0,1
anoyying,0,1,1
anr,1,0,1
ans,0,2,2
ansa,0,1,1
ansatz,0,1,1
ansel,0,1,1
anson,0,1,1
ansteroonie,0,1,1
ansu,0,1,1
answare,0,1,1
answer,83,115,198
answerd,0,1,1
answered,14,11,25
answering,11,20,31
answers,11,18,29
ant,4,7,11
antagonist,1,0,1
antagonists,0,1,1
antartica,0,1,1
antenna,1,1,2
antes,0,1,1
anth,2,0,2
anthem,4,3,7
anthems,1,0,1
anthill,1,0,1
anthm,1,0,1
antho,0,1,1
anthology,0,1,1
anthon,0,1,1
anthony,5,8,13
anthonys,1,0,1
anthor,0,1,1
anthr,0,1,1
anthro,0,1,1
anthropologie,0,1,1
anti,9,13,22
antibacterial,1,0,1
antibiotic,0,1,1
antibiotics,5,1,6
anticipate,0,1,1
anticipated,0,1,1
anticipates,0,1,1
anticipating,3,4,7
anticipation,2,2,4
anticlimax,1,2,3
anticlockwise,1,0,1
antics,1,3,4
antidisestablishmentarianism,1,0,1
antidote,0,1,1
antie,0,1,1
antijonasbrothersday,1,0,1
antimiley,0,1,1
antiobiotics,0,1,1
antioch,0,1,1
antip,0,1,1
antipasti,0,1,1
antipedian,1,0,1
antipodeans,0,1,1
antipolis,1,0,1
antique,1,5,6
antiques,0,4,4
antishychotic,1,0,1
antisocial,0,1,1
antispyware,0,1,1
antivirus,2,1,3
antix,1,0,1
antlers,1,0,1
antm,3,0,3
antoinette,1,0,1
anton,1,1,2
antonio,1,9,10
ants,9,1,10
antsje,1,0,1
antsy,2,0,2
antwerp,2,0,2
anty,1,0,1
anu,0,1,1
anunta,1,0,1
anuntat,0,1,1
anutha,1,0,1
anvil,1,2,3
anw,1,0,1
anways,1,0,1
anx,0,1,1
anxiaty,1,0,1
anxiety,9,8,17
anxious,5,10,15
anxiously,0,3,3
any,488,655,1143
anya,0,2,2
anybody,22,14,36
anyday,2,2,4
anyer,3,0,3
anyfing,0,1,1
anyforty,1,0,1
anyhoo,4,5,9
anyhow,6,11,17
anym,0,1,1
anymommy,1,0,1
anymore,178,229,407
anymoreee,2,2,4
anymoreeeeee,0,1,1
anymores,0,1,1
anymorre,1,0,1
anymorrrrrrrree,1,0,1
anyone,166,136,302
anyonefeeling,1,0,1
anyones,3,1,4
anyoo,0,1,1
anyother,1,0,1
anyplace,1,0,1
anythaang,0,1,1
anythin,4,3,7
anything,255,385,640
anythingg,0,1,1
anythink,1,1,2
anythn,0,1,1
anytime,33,76,109
anyting,1,1,2
anywa,1,0,1
anywais,0,1,1
anywat,0,1,1
anyway,142,229,371
anyways,46,55,101
anywayyy,1,0,1
anywayz,2,1,3
anywhere,44,53,97
anywhereeeeee,0,1,1
anywho,5,3,8
anywhooo,0,2,2
anywhoooo,0,1,1
anywork,0,1,1
anywyay,0,1,1
anyything,1,0,1
anz,1,1,2
anza,1,0,1
ao,2,1,3
aobut,0,1,1
aod,1,0,1
aof,0,2,2
aoi,0,1,1
aol,2,3,5
aots,1,1,2
aouch,1,0,1
aouda,1,0,1
aoyama,0,1,1
ap,6,8,14
apa,2,6,8
apaa,0,2,2
apache,0,2,2
apalled,1,0,1
aparant,1,0,1
aparecen,0,1,1
apareceu,0,1,1
aparently,2,1,3
apart,24,30,54
apartmen,0,1,1
apartment,18,17,35
apartments,0,4,4
apb,1,0,1
apcs,0,1,1
apd,1,0,1
ape,2,2,4
apec,0,2,2
apennines,0,1,1
apercheddove,2,0,2
aperture,2,1,3
apetit,0,1,1
apetite,0,1,1
aph,1,0,1
aphrodisiac,0,1,1
api,8,5,13
apl,1,1,2
aplaudam,1,0,1
aplenty,0,1,1
aplm,1,0,1
aplogies,0,1,1
aplusk,0,1,1
apni,1,0,1
apo,0,1,1
apoc,0,1,1
apocalypse,0,1,1
apollo,1,1,2
apollocon,1,0,1
apologies,7,7,14
apologise,1,0,1
apologises,1,1,2
apologize,4,14,18
apologized,1,1,2
apologizing,1,1,2
apology,6,2,8
apols,1,0,1
aporkalype,0,1,1
apos,1,0,1
apostro,0,1,1
apostrophe,0,1,1
apostrophes,0,1,1
app,57,69,126
appalling,1,0,1
apparantley,1,0,1
apparantly,1,2,3
apparel,0,1,1
apparent,3,5,8
apparently,76,94,170
apparenty,0,1,1
appeal,2,3,5
appealed,0,1,1
appealing,2,5,7
appear,12,18,30
appearance,3,7,10
appearances,0,1,1
appeared,2,4,6
appearing,2,2,4
appears,9,13,22
appericate,0,2,2
appetit,0,3,3
appetite,5,4,9
appetizer,1,1,2
applauding,0,1,1
applause,1,0,1
apple,78,75,153
applebees,0,2,2
appleby,0,1,1
applecare,0,1,1
applejacks,1,0,1
applejuice,1,0,1
apples,9,6,15
applescript,1,0,1
applet,1,0,1
appleton,0,1,1
appliance,0,1,1
appliances,0,1,1
applicable,0,2,2
applicants,0,2,2
application,12,9,21
applications,2,4,6
applied,3,10,13
applies,3,3,6
apply,13,18,31
applying,2,8,10
appointed,1,1,2
appointment,11,11,22
appointments,1,1,2
apportioned,0,1,1
appps,1,0,1
apprc,1,0,1
apprecaite,1,2,3
appreci,0,1,1
appreciate,47,93,140
appreciated,21,43,64
appreciates,2,4,6
appreciateu,0,1,1
appreciating,1,3,4
appreciation,5,5,10
appreciations,0,1,1
appreciative,1,1,2
apprehensive,0,1,1
apprentice,15,5,20
apprently,1,1,2
appretiate,1,0,1
appriciate,0,1,1
appriecate,1,0,1
appriecated,1,0,1
approach,5,7,12
approachable,1,0,1
approached,1,1,2
approaching,2,1,3
appropriate,8,5,13
approval,6,5,11
approve,6,10,16
approved,6,5,11
approves,1,0,1
approving,0,1,1
approx,1,0,1
approximately,2,0,2
approximation,0,1,1
apps,28,30,58
appstore,3,2,5
appt,10,6,16
appts,3,1,4
appudu,0,1,1
apr,1,0,1
apreciate,1,0,1
apreciated,0,1,1
aprendeu,0,1,1
aprendi,1,0,1
apricot,1,0,1
april,15,29,44
aprillia,0,1,1
aprizzle,0,1,1
aproachinnormal,1,0,1
aprom,1,0,1
apron,0,4,4
aprons,0,1,1
aproove,0,1,1
aprove,1,0,1
aprreciate,1,0,1
apsest,0,1,1
apsh,0,1,1
apt,14,12,26
aptana,0,2,2
aption,1,0,1
aptly,0,1,1
apts,0,1,1
aptw,0,1,1
apwr,0,1,1
apy,0,1,1
aq,1,0,1
aqa,0,2,2
aqain,1,0,1
aqi,1,0,1
aqua,1,0,1
aquabats,1,0,1
aquafina,0,1,1
aquanote,1,0,1
aquariam,1,0,1
aquarium,4,2,6
aquela,1,0,1
aqui,0,1,1
ar,9,14,23
ara,1,0,1
araaaamm,0,1,1
arab,1,1,2
arabian,0,1,1
arabic,2,5,7
arabizing,1,0,1
arabs,1,0,1
arah,0,1,1
aram,0,1,1
aramex,1,1,2
arana,1,0,1
araw,0,1,1
arbeitslos,0,1,1
arbonne,0,1,1
arbor,1,2,3
arborescence,1,0,1
arbortions,1,0,1
arby,2,1,3
arc,0,1,1
arcade,1,2,3
arcades,0,1,1
arcadia,0,1,1
arcania,0,1,1
arcee,0,1,1
arch,3,4,7
archaeopteryx,1,0,1
archana,0,1,1
archangel,0,1,1
archer,0,1,1
archerradio,0,1,1
archery,0,1,1
archetype,1,0,1
archie,4,13,17
archiejoepet,0,1,1
architects,0,2,2
architectural,1,0,1
architecture,0,1,1
archive,3,0,3
archived,0,1,1
archives,0,2,2
archiving,0,1,1
archlinux,1,0,1
archofroses,1,0,1
archuleta,10,6,16
archuweek,0,1,1
arctic,2,0,2
arctica,2,0,2
arcy,0,1,1
ard,1,2,3
arden,1,1,2
ardy,1,0,1
are,2494,3854,6348
area,37,60,97
aready,1,0,1
areas,4,6,10
aree,3,7,10
areee,1,0,1
areeee,0,1,1
areeeeee,0,1,1
areej,0,1,1
aregoing,0,1,1
arek,0,1,1
aren,1,0,1
arena,5,5,10
arent,26,31,57
ares,1,0,1
aretha,1,0,1
arewenearlythereyetmummy,1,0,1
arezzo,0,1,1
arf,2,1,3
arfatar,1,0,1
arg,5,0,5
argenis,0,1,1
argent,0,1,1
argenti,0,1,1
argentina,5,13,18
argetina,0,1,1
argg,0,1,1
arggg,0,2,2
argggggghhhh,0,1,1
argggh,1,1,2
arggh,1,0,1
argghhh,0,1,1
argh,37,25,62
arghgh,1,0,1
arghghggh,1,0,1
arghh,1,2,3
arghhh,1,5,6
arghhhh,0,4,4
arghhhhh,0,1,1
arghhhhhhhhhhhhhhh,1,0,1
argos,0,1,1
argue,5,5,10
argueing,1,0,1
arguement,0,1,1
arguements,0,2,2
arguing,6,2,8
argument,8,6,14
arguments,1,2,3
arhhh,2,0,2
ari,3,8,11
aria,0,3,3
ariaa,0,1,1
arial,0,1,1
arian,0,1,1
ariana,0,1,1
arianna,0,2,2
arianne,1,0,1
aric,0,1,1
arie,1,0,1
ariel,1,2,3
arielle,1,2,3
arielleeeee,0,1,1
aries,1,2,3
arigato,0,1,1
arigatou,0,1,1
aright,0,1,1
arija,0,1,1
arik,0,2,2
arinna,0,1,1
aris,1,0,1
arisen,0,1,1
arising,1,1,2
arist,1,0,1
ariza,0,1,1
arizona,10,5,15
arizonaa,0,1,1
arizzard,0,1,1
arj,0,3,3
arjun,0,1,1
ark,1,2,3
arkain,1,1,2
arkansas,0,2,2
arkarna,1,0,1
arkiv,1,0,1
arla,0,1,1
arlando,0,1,1
arleen,2,2,4
arleigh,0,1,1
arlene,0,2,2
arlington,0,1,1
arm,20,24,44
arma,1,0,1
armada,1,0,1
armadillocon,1,0,1
armageddon,1,0,1
armaine,0,1,1
armando,3,2,5
armani,1,0,1
armchair,0,1,1
armed,1,1,2
armhole,1,0,1
armin,4,1,5
arminnnn,1,0,1
armins,0,1,1
armon,0,1,1
armor,3,1,4
armored,2,0,2
armory,2,0,2
arms,26,26,52
armstrong,0,1,1
army,6,6,12
armywives,1,0,1
arn,0,4,4
arnab,0,1,1
arnay,1,0,1
arnd,1,3,4
arnel,0,1,1
arnie,0,3,3
arno,0,1,1
arnold,2,1,3
arnott,1,0,1
arnt,4,1,5
aro,0,1,1
aroldi,1,0,1
aroma,1,2,3
aron,0,1,1
arora,1,0,1
arose,1,0,1
aroun,0,1,1
around,255,344,599
arounds,1,0,1
arouse,1,0,1
aroused,2,0,2
arpaio,1,0,1
arr,0,4,4
arrahman,1,0,1
arrange,2,3,5
arranged,2,1,3
arrangement,0,1,1
arrangements,1,4,5
arranging,1,3,4
arraza,0,1,1
arrazando,0,1,1
arre,1,0,1
arrest,3,1,4
arrested,6,4,10
arrests,0,1,1
arrggh,0,1,1
arrgghh,0,1,1
arrgghhhh,1,0,1
arrgghhhhh,0,1,1
arrgh,0,1,1
arrghh,1,0,1
arrghhh,1,0,1
arrid,1,0,1
arrington,0,1,1
arrival,3,2,5
arrivals,0,2,2
arrive,14,18,32
arrived,17,31,48
arrives,2,9,11
arriving,3,5,8
arrogant,4,2,6
arrojo,0,1,1
arron,1,0,1
arrow,4,4,8
arrowhead,1,0,1
arrows,1,4,5
arrr,0,1,1
arrrr,0,1,1
arrrrgggghhhhhh,1,0,1
arrrrgh,4,0,4
arrrrrrgggh,1,0,1
arrrrrrr,1,0,1
arrrrrrrgggggggghhhhhhhh,1,0,1
arrrrrrrr,0,1,1
arrrrrrrrgh,1,0,1
arrve,1,0,1
arsca,1,0,1
arse,2,11,13
arsed,1,3,4
arsehole,1,0,1
arsenal,4,3,7
arsenall,0,1,1
arsene,1,0,1
arsenic,1,0,1
arsey,0,1,1
arshavin,1,0,1
arsloch,0,1,1
art,52,60,112
artbook,1,0,1
arte,0,1,1
artedeb,0,1,1
artemis,1,1,2
artemy,0,1,1
artfire,0,2,2
arthas,0,1,1
arthiritis,0,1,1
arthur,6,4,10
articals,1,0,1
artichoke,1,0,1
article,39,41,80
articles,8,6,14
articol,0,1,1
articulate,1,0,1
articulated,1,0,1
articulating,1,0,1
artie,0,1,1
artifact,1,0,1
artificial,1,0,1
arting,0,1,1
artisan,1,0,1
artist,13,23,36
artistic,2,1,3
artists,15,9,24
artomatic,1,0,1
artricles,1,0,1
arts,3,5,8
artsworker,0,1,1
artsy,0,3,3
artur,0,1,1
artura,1,0,1
artwork,6,4,10
arty,1,1,2
arv,0,1,1
arvika,0,1,1
arvo,1,2,3
aryianna,1,0,1
aryty,1,0,1
arz,0,1,1
as,1235,1718,2953
asa,1,2,3
asada,1,0,1
asadddddddd,0,1,1
asahi,1,1,2
asakusa,1,0,1
asanee,1,0,1
asante,1,0,1
asap,18,34,52
asaran,0,1,1
asayyyyyy,0,1,1
asb,1,0,1
asbury,0,1,1
ascendant,0,1,1
ascendas,1,0,1
ascension,0,1,1
asco,0,2,2
ascott,0,1,1
ascult,0,1,1
asda,0,4,4
asdf,2,0,2
asdfghjkl,2,0,2
asean,0,1,1
aseara,1,1,2
aser,1,0,1
asereje,1,0,1
asgnmnt,0,1,1
ash,5,53,58
asha,0,2,2
ashame,2,1,3
ashamed,9,11,20
ashanti,1,1,2
ashar,0,1,1
ashburn,0,1,1
ashby,1,0,1
ashchili,1,0,1
ashely,0,1,1
asher,1,4,5
ashes,6,5,11
ashestoashes,2,0,2
asheville,0,1,1
ashford,1,0,1
ashieeeee,1,0,1
ashkenazim,1,0,1
ashlee,3,3,6
ashleigh,2,1,3
ashleighhh,0,1,1
ashley,19,73,92
ashleyltmsyf,1,0,1
ashleys,2,0,2
ashleytisdale,1,0,1
ashleyy,0,3,3
ashlie,1,1,2
ashlinn,1,0,1
ashly,0,1,1
ashlykins,1,0,1
ashna,0,1,1
ashono,0,1,1
ashti,1,0,1
ashtin,1,0,1
ashton,2,32,34
ashtray,1,0,1
ashwathy,0,1,1
ashwin,1,0,1
ashy,1,0,1
ashymeraxyy,0,1,1
ashyy,0,1,1
asia,6,12,18
asiabrands,0,1,1
asian,17,13,30
asians,0,3,3
asid,0,1,1
aside,2,6,8
asif,0,1,1
asiiiiiiiiik,1,0,1
asiknya,1,0,1
asimov,1,0,1
asin,0,1,1
asiscs,1,0,1
asit,0,1,1
ask,129,194,323
askagent,1,0,1
askd,0,1,1
aske,1,0,1
asked,63,66,129
askhaf,0,1,1
askimet,1,0,1
askin,1,1,2
asking,37,66,103
askk,0,1,1
askn,0,2,2
asks,4,1,5
asksteve,3,0,3
aslan,1,1,2
asleeep,0,2,2
asleep,75,77,152
aslo,0,1,1
aslyum,1,0,1
asm,0,1,1
asn,0,1,1
aso,0,2,2
asociated,0,1,1
asoka,1,0,1
asos,0,3,3
asot,48,10,58
asp,1,0,1
aspartame,0,1,1
aspca,2,0,2
aspecially,1,0,1
aspect,2,2,4
aspects,1,0,1
asperger,0,1,1
aspire,1,0,1
aspirin,1,0,1
aspiring,0,1,1
asronomy,1,0,1
ass,129,110,239
assalamualaikum,1,0,1
assasiinated,1,0,1
assasinating,1,0,1
assassiante,1,0,1
assassin,1,3,4
assassinate,3,1,4
assassinated,2,0,2
assassinating,2,1,3
assassination,1,1,2
assassins,0,1,1
assaults,0,1,1
assed,1,0,1
assemble,1,1,2
assembling,1,0,1
assembly,1,2,3
assertive,0,1,1
asses,3,4,7
assesment,0,1,1
assessing,0,2,2
assessment,4,0,4
asset,1,1,2
assets,3,0,3
asshat,0,1,1
asshats,1,0,1
assheads,1,0,1
asshole,11,16,27
assholedness,0,1,1
assholes,4,3,7
assigment,1,0,1
assigned,0,1,1
assigning,0,1,1
assignment,15,12,27
assignments,3,7,10
assim,1,0,1
assimilated,0,1,1
assingment,1,0,1
assisstant,0,1,1
assist,4,1,5
assistance,2,4,6
assistant,2,11,13
assisting,1,1,2
associated,1,0,1
associatin,1,0,1
association,1,4,5
assorted,1,0,1
assshooolllleee,0,1,1
asst,0,1,1
assume,9,14,23
assumed,3,4,7
assuming,7,10,17
assumption,3,2,5
assumptions,1,1,2
assurance,1,0,1
assure,2,2,4
assured,1,0,1
assuredly,1,0,1
assyria,1,0,1
assyrian,0,1,1
ast,1,0,1
astaaahil,0,1,1
astagaaa,0,1,1
astana,0,1,1
astd,4,0,4
astely,0,1,1
astept,1,2,3
asteptam,1,0,1
asterisk,1,0,1
asthma,3,6,9
asthon,0,1,1
asti,0,1,1
astigmatism,0,2,2
astley,1,0,1
aston,0,3,3
astonishing,2,0,2
astonishingly,0,1,1
astor,0,1,1
astr,0,1,1
astras,0,1,1
astrid,0,2,2
astringent,0,1,1
astro,3,2,5
astroboy,0,1,1
astroglide,0,2,2
astrological,2,0,2
astrology,3,0,3
astrologyanalyst,0,1,1
astronaut,0,2,2
astronauts,1,1,2
astronomer,1,1,2
astronomical,0,1,1
astronomy,1,0,1
astronout,0,1,1
astrophysics,1,0,1
astros,1,2,3
asu,1,1,2
asuka,1,1,2
asuu,1,0,1
aswel,1,4,5
aswell,17,24,41
aswelll,0,1,1
asxx,0,1,1
asylm,19,3,22
asylum,3,3,6
asyraf,0,1,1
at,2293,3049,5342
ata,2,3,5
ataba,1,0,1
atal,0,1,1
atalntic,0,1,1
atari,0,1,1
atas,1,1,2
atascocita,0,1,1
atau,1,0,1
atb,3,0,3
atcha,7,4,11
atchoooo,1,0,1
atchu,1,0,1
atd,1,0,1
ate,50,63,113
atebits,1,1,2
ated,1,1,2
ateeeehh,0,1,1
ateh,1,0,1
atem,0,1,1
aten,1,0,1
ateneo,1,1,2
atention,0,1,1
atguably,1,0,1
ath,0,1,1
athanae,0,1,1
atheist,3,5,8
atheists,2,0,2
athens,5,1,6
athie,0,1,1
athlete,3,0,3
athletes,0,1,1
athletic,3,0,3
athletics,1,0,1
athlon,1,0,1
athlone,1,0,1
athome,1,0,1
athon,0,1,1
ati,1,0,1
ationette,0,1,1
atishoo,1,0,1
ativan,1,0,1
atix,0,1,1
atk,1,0,1
atkinson,1,0,1
atl,16,36,52
atlanta,8,19,27
atlantic,5,4,9
atlantis,1,0,1
atlas,1,0,1
atlasobscura,1,0,1
atleast,16,21,37
atltweet,1,0,1
atm,26,33,59
atmels,0,1,1
atmosphere,5,3,8
ato,1,0,1
atom,1,2,3
atop,0,1,1
atopic,1,0,1
ator,0,1,1
atrocious,1,1,2
atrulady,1,0,1
ats,1,0,1
atst,1,0,1
atsuko,1,0,1
att,2,6,8
atta,0,1,1
attach,1,1,2
attached,7,9,16
attaches,1,0,1
attachment,0,2,2
attack,21,16,37
attacked,11,5,16
attacking,3,4,7
attacks,7,5,12
attatchd,1,0,1
attcked,0,1,1
attemps,0,1,1
attempt,27,12,39
attempted,3,2,5
attempting,8,3,11
attempts,5,5,10
attemting,0,1,1
attend,18,18,36
attendance,2,2,4
attendants,1,0,1
attended,4,1,5
attendee,2,1,3
attendees,1,1,2
attending,3,4,7
attendnt,1,0,1
attendoo,1,0,1
attenshun,1,0,1
attention,34,41,75
attentive,0,1,1
attetion,1,0,1
atthepool,1,0,1
attic,2,3,5
attire,0,2,2
attitude,13,10,23
attn,1,1,2
attract,0,1,1
attracted,2,0,2
attraction,4,1,5
attractive,4,8,12
attracts,0,2,2
attribute,0,2,2
attributing,1,0,1
attrition,0,1,1
attsucks,0,1,1
attt,0,1,1
atty,0,1,1
atunci,1,0,1
atv,1,0,1
atwood,1,0,1
au,5,10,15
aubrey,0,17,17
aubreyoday,0,1,1
aubs,0,2,2
auburn,1,2,3
auch,6,8,14
auchterarder,0,1,1
auck,0,1,1
auckland,3,7,10
aucks,0,1,1
auction,5,6,11
auctions,2,0,2
aud,0,2,2
audacious,0,1,1
auden,1,0,1
audi,3,1,4
audible,0,1,1
audience,6,8,14
audio,23,11,34
audioboo,0,1,1
audiobook,0,2,2
audiobooks,0,1,1
audiofile,1,0,1
audioporn,1,0,1
audiosalve,0,1,1
audit,0,3,3
audited,0,1,1
auditing,0,1,1
audition,5,12,17
auditioned,1,0,1
auditioning,0,2,2
auditions,2,4,6
audix,0,1,1
audra,0,1,1
audrey,2,6,8
audri,0,1,1
audrina,0,1,1
audun,0,1,1
aug,5,7,12
auggie,0,1,1
augh,0,1,1
aughh,0,1,1
augmented,1,0,1
august,26,45,71
augusta,1,0,1
augustine,1,0,1
aul,0,1,1
aundi,0,1,1
aundrea,0,1,1
aunite,0,1,1
aunt,15,16,31
auntie,6,4,10
aunties,3,1,4
aunts,2,6,8
aunty,2,4,6
aura,0,2,2
aural,0,1,1
aurea,0,1,1
aurelio,0,1,1
auremix,0,1,1
aurevoir,0,1,1
aurghhh,0,1,1
aurhority,1,0,1
auromatic,0,1,1
aurora,1,0,1
auroravanerato,1,0,1
aury,0,1,1
aus,8,11,19
auscert,1,0,1
ausie,0,1,1
auslit,1,0,1
aussi,1,2,3
aussie,13,14,27
aussiebum,0,2,2
aussieland,1,0,1
aussies,3,4,7
austen,1,2,3
austin,9,13,22
austraila,0,1,1
australia,49,48,97
australian,8,8,16
australians,1,2,3
australina,1,0,1
austria,5,6,11
auteurs,0,1,1
auth,0,1,1
authentic,2,5,7
authentication,1,1,2
authenticators,0,1,1
authenticky,0,1,1
author,11,7,18
authored,1,0,1
authorities,1,1,2
authorized,0,1,1
authors,4,4,8
authorship,1,1,2
autis,0,1,1
autism,0,3,3
autistic,1,0,1
autlabs,0,1,1
auto,8,17,25
autobahn,0,1,1
autocorrect,0,3,3
autogiro,0,1,1
autograph,7,8,15
autographed,0,4,4
autographs,1,3,4
autom,0,1,1
automated,2,1,3
automatic,2,4,6
automatica,1,1,2
automatically,4,7,11
automation,0,1,1
automocker,0,1,1
automotive,0,2,2
autopilot,0,1,1
autoplay,1,0,1
autorefresh,1,0,1
autos,0,1,1
autotrader,1,0,1
autotune,1,2,3
autre,0,1,1
autumn,3,4,7
auw,1,0,1
aux,0,1,1
auzland,0,1,1
auzzie,1,0,1
av,5,6,11
ava,2,3,5
avacado,0,1,1
avaiable,1,0,1
avail,3,5,8
availaber,0,1,1
availability,1,2,3
available,43,46,89
availble,0,1,1
availible,0,1,1
avalable,1,1,2
avaliable,1,0,1
avant,2,0,2
avanti,0,1,1
avatar,17,33,50
avatars,3,2,5
ave,3,3,6
avea,0,1,1
avebury,0,1,1
avem,0,1,1
aventurely,0,1,1
avenue,1,1,2
aver,1,0,1
average,8,13,21
averages,1,0,1
averi,1,0,1
averted,0,2,2
averts,1,0,1
aves,0,1,1
avett,1,0,1
avg,0,3,3
avi,0,6,6
aviation,3,1,4
aviator,0,1,1
avid,4,3,7
avie,0,1,1
avin,1,1,2
aving,1,0,1
avisaste,0,1,1
avitar,1,0,1
aviv,0,2,2
avnu,0,1,1
avocado,1,2,3
avoid,13,17,30
avoided,1,4,5
avoiding,2,7,9
avon,0,1,1
avond,1,0,1
avril,2,1,3
avslutning,1,0,1
avut,1,2,3
aw,161,280,441
awaaay,1,0,1
awaba,1,0,1
awah,0,1,1
await,2,3,5
awaiting,3,9,12
awaits,2,3,5
awake,81,53,134
awakeee,1,0,1
awakened,5,0,5
awakining,1,0,1
awalking,0,1,1
awalllllllllllllllll,0,1,1
award,10,18,28
awarded,2,0,2
awards,34,48,82
aware,4,15,19
awareness,2,1,3
awaresg,2,2,4
away,330,356,686
awayre,0,1,1
aways,1,2,3
awaysome,1,0,1
awaywego,1,0,1
awayyy,1,1,2
awayyyy,0,1,1
awayyyyy,1,0,1
awch,1,0,1
awe,22,52,74
awed,1,0,1
awedha,1,0,1
awee,1,6,7
aweee,2,1,3
aweeeesome,1,0,1
aweful,0,3,3
aweh,1,0,1
awell,0,1,1
aweosme,0,1,1
awes,1,1,2
awesokme,0,1,1
awesom,0,2,2
awesome,527,788,1315
awesomee,2,5,7
awesomeee,1,1,2
awesomeeee,1,3,4
awesomeeeee,0,1,1
awesomehr,0,1,1
awesomel,0,1,1
awesomely,4,4,8
awesomener,1,0,1
awesomeness,5,11,16
awesomenesses,0,1,1
awesomenest,1,0,1
awesomer,2,1,3
awesomerer,0,1,1
awesomesauce,0,1,1
awesomest,0,1,1
awesometheatrekids,0,1,1
awesomeupdater,1,0,1
awesomness,2,0,2
awesum,1,0,1
awethome,0,1,1
awful,48,61,109
awfull,0,2,2
awfullly,1,0,1
awfully,3,5,8
awg,1,1,2
awh,15,31,46
awhh,2,4,6
awhhe,1,0,1
awhhh,1,3,4
awhhhs,0,1,1
awhile,16,35,51
awish,0,2,2
awj,1,0,1
awk,0,2,2
awkkkkkk,0,1,1
awks,0,1,1
awkward,18,14,32
awkwardness,2,1,3
awlak,0,1,1
awlays,0,1,1
awlways,0,1,1
awman,0,1,1
awning,1,0,1
awo,0,1,1
awol,1,2,3
aword,0,1,1
awrards,1,0,1
awready,0,1,1
awrelllll,0,1,1
aws,1,0,1
awsm,1,2,3
awso,1,0,1
awsomage,1,0,1
awsome,7,18,25
awsomee,0,2,2
awsomeness,0,1,1
awsomest,1,0,1
awsum,1,0,1
awsummm,0,1,1
awthe,0,1,1
awul,0,1,1
aww,257,537,794
awwe,2,2,4
awwee,3,0,3
awweeee,0,1,1
awwg,0,1,1
awwh,1,7,8
awwhh,0,1,1
awwhhh,1,0,1
awwsome,0,1,1
awwsum,0,1,1
awww,72,118,190
awwwe,1,1,2
awwwh,0,2,2
awwwr,0,1,1
awwww,9,22,31
awwwww,2,1,3
awwwwwww,1,0,1
awwwwwwwww,0,1,1
awyeeee,1,0,1
ax,2,0,2
axe,1,1,2
axed,1,0,1
axel,0,2,2
axes,1,0,1
axis,0,1,1
axle,0,1,1
axn,0,1,1
ay,5,9,14
aya,0,1,1
ayal,0,1,1
ayam,2,1,3
ayan,0,1,1
ayank,0,1,1
ayanne,1,0,1
ayatollah,2,0,2
aybe,1,0,1
aye,9,23,32
ayee,0,2,2
ayeee,0,1,1
ayeeee,0,1,1
ayeeeeee,1,0,1
ayeeeeeeee,1,0,1
ayeeeeeeeeeee,0,1,1
ayer,1,0,1
ayes,1,0,1
ayesh,1,0,1
ayku,1,0,1
ayla,0,1,1
aylssa,1,0,1
ayn,1,0,1
ayo,2,1,3
ayonna,1,0,1
ayoo,0,2,2
ayoooo,0,1,1
ayoyo,1,0,1
ayt,0,1,1
ayuko,0,1,1
ayw,0,1,1
ayy,0,3,3
ayyy,1,1,2
ayyyyye,0,1,1
az,5,18,23
aza,0,1,1
azadi,1,0,1
azerbaijan,2,1,3
azeroth,0,1,1
aziretimes,1,0,1
azkaban,0,1,1
azkatraz,0,2,2
azlan,0,1,1
azola,0,1,1
azure,1,2,3
azz,5,6,11
ba,12,18,30
baaaaaaack,1,0,1
baaaaaaad,1,1,2
baaaaaack,0,2,2
baaaaad,1,0,1
baaaack,1,1,2
baaaad,0,1,1
baaaaddddd,1,0,1
baaaaiiiii,0,1,1
baaaand,1,0,1
baaaby,1,0,1
baaack,1,1,2
baaad,2,4,6
baaah,1,1,2
baaahhhh,0,1,1
baaaybeh,1,0,1
baaba,0,1,1
baaby,0,1,1
baack,0,1,1
baad,1,1,2
baahahah,1,0,1
baahhh,0,1,1
baaki,1,0,1
baar,0,2,2
baarish,2,0,2
baas,1,0,1
baat,2,1,3
bab,0,2,2
baba,2,6,8
babaaa,1,0,1
babaganoug,0,1,1
babak,0,1,1
babalu,0,1,1
babay,1,1,2
babbbbbbbbyy,1,0,1
babbel,0,1,1
babbes,0,1,1
babbles,1,0,1
babby,1,1,2
babe,67,115,182
babealertceo,0,2,2
babealerts,0,1,1
babeboo,1,0,1
babee,0,1,1
babeee,2,3,5
babeeee,1,0,1
babeh,0,1,1
babehhhh,0,1,1
babel,0,1,1
babelpop,0,1,1
babes,16,24,40
babezzz,0,1,1
babi,2,1,3
babies,24,31,55
babii,2,0,2
babiiesss,0,1,1
babiiluv,1,0,1
babka,0,1,1
babs,0,1,1
babu,1,0,1
babushka,1,0,1
baby,259,268,527
babyblue,1,0,1
babyboy,1,0,1
babycakes,1,3,4
babycham,1,0,1
babydaddy,1,0,1
babydoll,1,0,1
babyface,1,0,1
babygirl,2,2,4
babygirlllll,1,0,1
babylon,1,1,2
babylove,0,1,1
babymommaaa,1,0,1
babys,2,0,2
babysat,0,2,2
babysit,6,7,13
babysitter,2,6,8
babysitters,1,0,1
babysittig,0,1,1
babysittin,0,2,2
babysitting,8,13,21
babystr,1,0,1
babyupdate,1,0,1
babyy,1,2,3
babyyeah,0,1,1
babyyy,1,4,5
babyyyyy,0,1,1
babyyyyyyyyyyy,0,1,1
babyyyyyyyyyyyyy,0,1,1
bac,1,4,5
baca,1,0,1
bacana,0,1,1
bacardi,0,2,2
bacc,3,0,3
baccarin,1,0,1
bacck,1,0,1
bach,0,1,1
bachar,0,1,1
bachelor,1,3,4
bachelorette,5,2,7
bachelors,1,0,1
bachman,1,0,1
bachmann,1,0,1
back,1090,1336,2426
backache,1,0,1
backatcha,0,1,1
backdoor,1,0,1
backdrop,0,1,1
backed,7,6,13
backend,1,0,1
backfilp,1,0,1
backfired,0,3,3
backflipping,0,1,1
backflips,1,0,1
backgroun,1,0,1
background,37,67,104
backgrounds,0,3,3
backgroundy,0,1,1
backgroung,0,1,1
backing,6,6,12
backk,3,2,5
backkk,1,1,2
backkkk,2,2,4
backkkkkkk,0,1,1
backkkkkkkkkkkkkkkkkkk,0,1,1
backlashes,0,1,1
backlog,1,0,1
backo,1,0,1
backontrack,1,1,2
backordered,0,3,3
backpack,4,5,9
backpackers,0,1,1
backpocket,1,0,1
backread,1,0,1
backroom,0,1,1
backround,1,2,3
backrounds,1,0,1
backs,4,3,7
backseat,1,2,3
backside,1,2,3
backstabber,0,1,1
backstabbing,1,1,2
backstage,5,4,9
backstory,0,1,1
backstreet,6,6,12
backstreetboys,0,1,1
backup,10,9,19
backups,0,5,5
backwards,4,10,14
backwater,0,1,1
backwoods,1,0,1
backyard,2,7,9
bacolod,1,0,1
bacon,15,28,43
baconators,0,1,1
baconcascade,0,1,1
baconnaise,1,0,1
baconnnn,1,0,1
baconpops,0,1,1
bacteria,0,1,1
bad,645,848,1493
badan,0,1,1
badass,10,4,14
badbum,0,1,1
badd,3,0,3
baddd,1,2,3
badddbitch,1,0,1
baddddd,0,1,1
badddddd,1,0,1
baddest,1,0,1
baddly,0,1,1
badge,5,7,12
badger,2,4,6
badgers,2,1,3
badges,2,2,4
badings,1,0,1
badjas,1,0,1
badly,37,27,64
badlyy,1,0,1
badminton,6,0,6
badmouth,0,1,1
bado,0,1,1
badroom,1,0,1
bads,1,0,1
badsex,5,0,5
badtimes,1,2,3
badu,1,1,2
bady,0,1,1
bae,2,7,9
baftas,0,1,1
bag,39,44,83
bagai,0,1,1
bagehot,1,0,1
bagel,4,4,8
bagelchip,0,1,1
bagels,4,4,8
baggage,0,1,1
baggies,1,0,1
baggin,0,1,1
bagging,1,0,1
baggy,1,1,2
bagi,1,2,3
bagladim,0,1,1
bagong,0,1,1
bagrot,0,1,1
bagruiut,0,1,1
bags,8,14,22
bagus,2,3,5
bah,19,15,34
baha,2,7,9
bahaa,1,0,1
bahaaa,1,1,2
bahah,0,1,1
bahaha,8,9,17
bahahah,2,2,4
bahahaha,5,9,14
bahahahaha,0,1,1
bahahahahaha,2,1,3
bahahahahahaha,1,0,1
bahai,0,1,1
bahama,0,1,1
bahamas,3,1,4
bahh,2,1,3
bahha,1,0,1
bahhh,1,1,2
bahhhhh,1,0,1
bahrain,1,0,1
baii,0,1,1
baik,1,2,3
baiklah,0,1,1
bail,1,4,5
bailed,1,7,8
bailey,3,2,5
baileys,0,2,2
bailing,3,3,6
bailout,0,1,1
bails,0,1,1
bairro,0,1,1
bait,2,1,3
baithing,1,0,1
baixar,1,0,1
baixista,1,0,1
baja,1,0,1
bajdaina,0,1,1
baju,2,1,3
bak,5,5,10
baka,1,4,5
bakall,1,0,1
bakar,1,0,1
bakatcha,1,0,1
bake,9,11,20
baked,7,14,21
baker,2,2,4
bakeries,0,2,2
bakers,3,2,5
bakersfield,1,0,1
bakery,2,4,6
bakes,0,2,2
bakie,0,1,1
baking,7,9,16
bakit,2,1,3
bakk,0,1,1
bakker,0,1,1
bakuman,0,1,1
bakwaas,0,1,1
balai,1,1,2
balais,1,0,1
balamory,1,0,1
balana,0,1,1
balance,4,10,14
balanced,2,2,4
balances,0,1,1
balancing,0,1,1
balcatta,1,0,1
balcony,3,8,11
bald,7,6,13
balding,0,1,1
baldness,0,1,1
baldo,0,1,1
baldwin,0,3,3
bale,4,0,4
balenciaga,0,1,1
bali,3,6,9
balik,1,1,2
balinease,1,0,1
balk,0,1,1
ball,32,42,74
balla,1,0,1
ballad,0,1,1
ballads,0,1,1
ballcap,0,1,1
balled,1,0,1
baller,1,0,1
ballerina,0,1,1
ballerinas,0,1,1
ballet,7,6,13
ballgame,1,0,1
ballin,1,3,4
balloin,0,1,1
ballon,0,1,1
ballons,0,1,1
balloon,6,4,10
balloonatic,1,0,1
balloons,1,0,1
balloony,1,0,1
ballot,1,1,2
ballots,0,1,1
ballpark,1,1,2
balls,22,18,40
ballsy,0,1,1
ballyfermott,1,0,1
ballz,0,2,2
balm,1,1,2
balmy,0,1,1
baloney,0,1,1
balsas,0,1,1
balsillie,1,0,1
baltimore,5,9,14
balunbalunan,1,0,1
bam,4,6,10
bama,0,1,1
bambam,1,0,1
bamber,0,1,1
bambis,0,1,1
bamboo,2,4,6
bamboozle,4,3,7
bamboozled,0,1,1
bamma,1,0,1
ban,5,9,14
bana,1,0,1
banal,1,0,1
banana,22,14,36
bananas,7,5,12
bananzai,0,1,1
banc,1,0,1
banca,0,1,1
band,72,74,146
banda,1,0,1
bandage,0,1,1
bandaged,1,0,1
bandaid,3,0,3
bandaids,0,1,1
bandanas,0,1,1
banderas,0,1,1
bandit,1,2,3
banditos,0,1,1
bandits,1,0,1
bandmate,0,1,1
bandmemers,0,1,1
bandocha,1,0,1
bandom,1,0,1
bandpass,0,1,1
bandra,0,1,1
bands,16,20,36
bandsidemandtocometomanila,0,1,1
bandslam,1,0,1
bandsoff,1,0,1
bandung,1,1,2
bandwaggon,0,1,1
bandwagon,2,1,3
bandwidth,1,7,8
bandy,1,1,2
bane,1,3,4
banes,1,0,1
banff,1,0,1
bang,12,12,24
bangalore,1,3,4
bangbang,0,1,1
banged,2,0,2
bangedd,0,1,1
bangeeet,1,0,1
banger,0,1,1
bangers,0,1,1
banget,3,0,3
bangin,1,0,1
banging,4,1,5
bangkok,2,1,3
bangla,1,0,1
bangladesh,0,1,1
bangles,1,0,1
banglore,1,0,1
bangs,5,4,9
bangsar,1,0,1
banh,1,0,1
banish,1,1,2
banishing,1,0,1
banj,0,1,1
banjo,1,3,4
bank,37,24,61
banked,0,1,1
banker,2,0,2
banking,3,3,6
bankroll,1,1,2
bankrupt,0,1,1
bankruptcy,1,3,4
bankrupting,0,1,1
banks,7,7,14
bankstown,0,1,1
banksy,1,0,1
banlieu,0,1,1
banned,7,6,13
banner,9,6,15
banners,0,2,2
banning,3,1,4
bannockburn,0,1,1
bano,1,0,1
banquet,2,0,2
bans,1,0,1
bansal,1,0,1
banshee,1,0,1
bansss,0,1,1
bantayan,0,1,1
banten,1,0,1
banter,2,4,6
banton,2,0,2
bantuin,1,0,1
bantz,0,1,1
banyak,2,0,2
bao,0,1,1
bap,2,0,2
bape,0,1,1
baps,1,1,2
baptised,0,1,1
baptism,1,1,2
baptist,0,2,2
baptiste,1,0,1
bar,45,49,94
bara,0,1,1
barack,0,3,3
barakat,0,1,1
barakatday,16,1,17
baralo,0,1,1
barang,1,0,1
barangay,1,0,1
bararkat,1,0,1
barb,0,4,4
barbadoes,0,1,1
barbados,1,1,2
barbara,3,9,12
barbarians,1,0,1
barbaro,0,1,1
barbarshop,1,0,1
barbary,0,1,1
barbe,1,0,1
barbecue,2,2,4
barbed,1,0,1
barbeque,0,3,3
barber,3,1,4
barbers,0,2,2
barbershop,1,1,2
barbie,5,7,12
barbiedoll,1,0,1
barbies,2,1,3
barbri,1,0,1
barbs,1,1,2
barca,0,1,1
barcamp,2,1,3
barcampbelfast,0,1,1
barcampevn,1,0,1
barcamphanoi,1,0,1
barcampla,1,0,1
barcamporlando,0,1,1
barcamppenang,0,1,1
barcamps,0,1,1
barcampsd,1,0,1
barcampuae,0,1,1
barcelona,5,4,9
barclays,1,0,1
barcode,1,0,1
bard,2,1,3
bards,0,2,2
bare,5,4,9
barefaced,0,1,1
barefoot,2,2,4
barelilles,1,0,1
barely,28,37,65
bareng,1,0,1
barf,1,1,2
barfing,1,0,1
bargain,2,1,3
bargaining,0,1,1
barina,1,0,1
baring,0,1,1
barista,1,0,1
baristas,0,1,1
bark,4,2,6
barker,2,2,4
barkhanator,0,1,1
barking,1,2,3
barkley,2,1,3
barks,0,2,2
barley,1,3,4
barleycove,0,1,1
barlowgirl,1,0,1
barm,0,1,1
barman,0,1,1
barn,1,2,3
barnes,1,1,2
barnet,1,0,1
barneveld,1,0,1
barney,2,1,3
barneys,1,0,1
barns,0,1,1
barnsey,0,1,1
baroque,0,1,1
barphing,1,0,1
barqs,1,0,1
barracade,0,1,1
barracks,1,0,1
barracuda,0,1,1
barrage,1,2,3
barred,0,1,1
barrel,3,0,3
barrell,0,1,1
barren,0,1,1
barres,0,1,1
barrett,0,1,1
barrie,0,3,3
barrier,0,1,1
barriers,1,0,1
barring,1,0,1
barrington,1,0,1
barroca,0,1,1
barrowman,0,1,1
barry,2,9,11
barrymore,1,0,1
bars,10,13,23
barstool,1,0,1
barstow,1,0,1
bart,0,1,1
bartelme,0,1,1
bartender,0,2,2
bartending,0,2,2
bartini,0,1,1
barton,1,1,2
baru,1,1,2
baruch,1,0,1
barusan,0,1,1
barz,1,0,1
bas,1,2,3
basah,0,1,1
basal,1,0,1
basara,0,1,1
base,7,5,12
baseball,28,18,46
based,19,29,48
basel,1,0,1
basement,6,7,13
bases,1,3,4
baseunit,1,0,1
basew,1,0,1
bash,5,4,9
bashed,1,1,2
bashful,0,1,1
bashin,1,0,1
bashing,4,5,9
bashir,1,0,1
basic,7,6,13
basically,17,29,46
basics,1,2,3
basil,3,2,5
basin,1,0,1
basis,3,6,9
bask,1,2,3
basket,5,2,7
basketball,13,10,23
basketballgirl,1,0,1
baskets,1,1,2
basquash,0,1,1
bass,11,10,21
basses,1,0,1
basset,0,1,1
bassett,0,1,1
bassinet,1,0,1
bassingthwaite,0,1,1
basslines,0,1,1
bassnector,1,0,1
basstip,0,1,1
bast,0,1,1
basta,2,1,3
bastard,6,10,16
bastards,1,4,5
bastatd,1,0,1
basten,1,0,1
baster,0,1,1
basti,0,2,2
bastien,0,1,1
bat,4,5,9
bata,0,1,1
bataya,0,1,1
batch,4,7,11
batches,0,1,1
batec,1,0,1
bateman,0,1,1
batemans,1,0,1
baterry,1,0,1
bates,0,1,1
batgirl,1,0,1
bath,19,16,35
bathed,1,0,1
bathin,0,1,1
bathing,5,1,6
bathroom,13,18,31
bathrooms,2,1,3
baths,1,3,4
bathtub,4,1,5
batman,11,5,16
baton,0,3,3
bats,2,3,5
batt,1,0,1
batter,3,3,6
battered,1,1,2
batteries,2,2,4
batteru,1,0,1
battery,26,17,43
batterys,1,0,1
batties,0,1,1
batting,1,3,4
battle,10,11,21
battlefield,4,1,5
battlefields,0,1,1
battlefront,1,0,1
battleground,2,0,2
battles,1,1,2
battlestar,2,0,2
battling,1,1,2
batts,1,0,1
batty,1,1,2
batuhan,1,0,1
batwoman,0,1,1
bau,0,1,1
baught,1,1,2
baulkham,0,1,1
baw,0,1,1
bawa,1,0,1
bawahhhh,0,1,1
bawl,0,2,2
bawled,0,2,2
bawling,2,1,3
bawls,0,2,2
bawrie,0,1,1
bay,16,23,39
baya,0,1,1
bayan,0,1,1
bayani,1,1,2
baybay,1,3,4
baybayy,1,0,1
baybee,1,2,3
baybeee,1,0,1
baybeh,2,1,3
baybehhh,0,1,1
baydestrian,1,0,1
bayerischen,1,0,1
bayfest,0,1,1
baylee,2,2,4
bayli,0,1,1
baylor,0,1,1
baymeadows,1,0,1
bayonetta,1,0,1
bayou,2,0,2
bays,1,0,1
bayshore,0,1,1
bayside,1,1,2
baywalk,1,0,1
bayyybehhh,0,1,1
baz,1,2,3
baza,1,0,1
bazaar,2,1,3
bazillions,0,1,1
bazz,0,1,1
bb,70,102,172
bbabyyyy,1,0,1
bball,3,5,8
bbb,0,1,1
bbc,12,25,37
bbcb,1,0,1
bbchick,0,1,1
bbdo,1,0,1
bbdoll,0,1,1
bbeat,0,1,1
bbem,0,1,1
bberry,1,2,3
bbes,0,1,1
bbf,0,2,2
bbff,0,1,1
bbh,0,1,1
bbird,0,1,1
bbkcrew,0,1,1
bbl,7,3,10
bblb,1,1,2
bbm,5,9,14
bbooo,1,0,1
bbq,38,44,82
bbqed,0,1,1
bbqing,0,1,1
bbqs,1,2,3
bbrother,0,1,1
bbrs,0,1,1
bbs,3,2,5
bbt,0,1,1
bbumppy,0,1,1
bbv,0,1,1
bbw,0,1,1
bbxxx,1,0,1
bby,16,11,27
bbye,0,1,1
bbygrl,1,0,1
bbys,0,1,1
bbyxvivian,1,0,1
bbyy,0,1,1
bbz,1,1,2
bc,38,31,69
bca,1,0,1
bcard,0,1,1
bcause,2,0,2
bcbg,1,0,1
bcd,1,0,1
bch,0,1,1
bchase,0,1,1
bci,1,0,1
bck,4,8,12
bcleeds,1,1,2
bclub,0,1,1
bcm,1,0,1
bcn,2,1,3
bcooper,1,0,1
bcoz,3,3,6
bcr,0,1,1
bcreative,1,0,1
bcuz,5,6,11
bcv,1,1,2
bcz,3,1,4
bd,2,2,4
bday,53,88,141
bdays,0,1,1
bdayy,0,1,1
bdayyyyyy,1,0,1
bden,0,2,2
bdgs,0,1,1
bdothers,1,0,1
bdubs,0,1,1
be,3166,4298,7464
bea,5,12,17
beaaarrrr,0,1,1
beaccchhhhhhh,1,0,1
beach,86,96,182
beachbody,1,1,2
beached,1,1,2
beaches,3,6,9
beachfront,1,0,1
beachh,1,0,1
beachhh,0,1,1
beachvolley,1,0,1
beachy,0,1,1
beacon,3,0,3
beacoup,0,1,1
beacuse,2,0,2
bead,0,1,1
beads,1,5,6
beagie,1,0,1
beagle,0,1,1
beagles,0,2,2
beak,1,1,2
beale,1,1,2
beales,0,1,1
beall,0,1,1
beam,3,1,4
beamed,3,2,5
beamin,0,1,1
beaming,0,1,1
beams,0,1,1
bean,5,9,14
beaner,1,1,2
beanery,0,1,1
beanie,1,1,2
beanless,1,0,1
beans,7,23,30
beantown,2,1,3
bear,21,34,55
beard,4,8,12
beardburk,1,0,1
bearded,1,0,1
beardface,0,1,1
beardoctor,0,1,1
beards,0,2,2
bearer,1,1,2
bearface,0,1,1
bearing,1,1,2
bearly,1,0,1
bearpaw,1,0,1
bearr,0,1,1
bears,7,11,18
beary,0,1,1
beast,8,9,17
beastie,0,2,2
beastier,0,1,1
beasties,1,0,1
beastin,1,0,1
beasting,0,1,1
beasts,0,2,2
beat,62,72,134
beata,0,1,1
beate,0,1,1
beaten,5,4,9
beater,0,1,1
beatiful,2,3,5
beatin,1,0,1
beating,15,9,24
beatings,1,0,1
beatlemania,1,0,1
beatles,10,6,16
beatport,1,0,1
beats,10,14,24
beattie,1,0,1
beatup,1,0,1
beatwittyparty,0,9,9
beau,1,1,2
beaucoup,0,2,2
beauitful,0,1,1
beaumont,0,2,2
beautician,1,0,1
beauties,0,1,1
beautification,0,1,1
beautiful,194,218,412
beautifulll,1,0,1
beautifullllllly,0,1,1
beautifully,5,4,9
beautifulylost,1,0,1
beautufull,1,0,1
beauty,29,21,50
beautyful,2,0,2
beautyween,0,1,1
beav,0,1,1
beaver,2,0,2
beavers,1,0,1
beaverton,0,1,1
beavis,1,0,1
bebasss,1,0,1
bebe,4,4,8
bebeeek,0,1,1
bebeh,0,1,1
bebeto,1,0,1
bebo,7,5,12
beboing,1,0,1
bebop,0,1,1
bebot,1,0,1
bebsi,0,1,1
bec,3,3,6
beca,0,1,1
became,9,14,23
becareful,0,1,1
becase,0,1,1
becasue,0,1,1
becaue,0,1,1
because,506,455,961
becbec,0,1,1
becca,4,7,11
beccaaaaaa,0,1,1
beccy,0,1,1
bechechi,1,0,1
beck,4,4,8
beckett,1,0,1
beckham,1,1,2
becks,1,3,4
becky,5,12,17
become,45,42,87
becomes,7,7,14
becomin,0,3,3
becoming,18,18,36
becomming,2,0,2
becos,0,1,1
becouse,0,1,1
becoz,2,1,3
becta,1,0,1
becuase,5,2,7
becuz,13,3,16
bed,327,303,630
beda,0,2,2
bedah,0,1,1
bedchamber,0,1,1
bedd,1,1,2
bedder,0,1,1
bedding,0,1,1
beddy,2,0,2
bedford,0,1,1
bedfordshire,0,1,1
bedhead,0,1,1
bedingfield,1,0,1
bedlington,0,1,1
bedmate,1,0,1
bedol,0,1,1
bedroom,14,7,21
bedrooms,1,0,1
beds,4,2,6
bedss,1,0,1
bedtime,11,13,24
bee,12,21,33
beeb,0,1,1
beebisss,0,1,1
beedoodles,1,0,1
beee,1,1,2
beeeeaaat,0,1,1
beeeee,1,1,2
beeeeeeeeettttttthhhhhhhh,0,1,1
beeeeeeen,0,1,1
beeeeeeennnn,0,1,1
beeeeeen,1,1,2
beeeeelieveeeee,1,0,1
beeeeen,1,0,1
beeeeeste,0,1,1
beeeen,0,1,1
beeeest,0,1,1
beeehave,0,1,1
beeelll,0,1,1
beeetch,0,1,1
beef,9,9,18
beefam,0,1,1
beefaroni,0,1,1
beefin,0,3,3
beefing,0,1,1
beegees,1,0,1
beeijo,0,1,1
beeing,1,1,2
beejive,1,0,1
beeming,1,0,1
beemp,0,1,1
been,880,1346,2226
beenn,0,1,1
beeoch,0,1,1
beeped,1,0,1
beer,58,98,156
beercamp,1,0,1
beeree,1,0,1
beerfest,1,0,1
beerrayyy,0,1,1
beers,13,13,26
beerwalk,0,1,1
bees,4,8,12
beeswax,0,1,1
beet,1,1,2
beeteedubs,0,1,1
beetje,1,0,1
beetle,2,0,2
beetlejuice,1,0,1
beeton,2,0,2
beetroot,1,0,1
beets,1,0,1
beeyatch,1,0,1
beezletons,1,0,1
beezo,1,0,1
beezy,1,0,1
befittingly,1,0,1
befo,1,0,1
befor,0,1,1
before,345,400,745
beforehand,2,3,5
beforethestorm,2,0,2
befriend,0,1,1
befriended,0,1,1
befuddled,0,1,1
beg,4,9,13
began,2,1,3
begas,0,1,1
beggar,1,0,1
begged,0,1,1
begger,0,1,1
beggers,0,1,1
beggin,1,0,1
begging,8,3,11
beggining,1,0,1
begin,21,14,35
beginging,0,1,1
beginin,0,1,1
begining,3,2,5
beginneng,1,0,1
beginner,1,0,1
beginners,0,2,2
beginning,23,24,47
begins,14,7,21
begs,1,0,1
begun,6,4,10
beh,1,1,2
behalf,2,6,8
behave,3,7,10
behaved,5,0,5
behaves,1,1,2
behaving,2,1,3
behavior,1,5,6
behaviors,0,1,1
behaviour,2,1,3
behbee,0,2,2
beheld,0,1,1
behind,66,56,122
behindd,0,1,1
behing,0,1,1
behold,2,0,2
beholder,1,1,2
bei,0,1,1
beige,1,1,2
beign,0,1,1
beiing,1,0,1
beijing,16,4,20
beijingbeer,1,0,1
beijos,1,1,2
beileid,1,0,1
beilve,0,1,1
bein,12,8,20
beinazir,1,0,1
being,440,424,864
beingg,1,1,2
beings,0,1,1
beirut,2,3,5
beitches,1,0,1
bejeweled,1,0,1
beka,0,1,1
bekah,0,2,2
bekkaa,0,1,1
bel,1,3,4
bela,0,1,1
belajar,0,1,1
belated,7,11,18
belatedly,0,1,1
beleave,1,0,1
beleive,2,1,3
beleivee,1,0,1
belen,0,1,1
beleve,1,0,1
belf,0,1,1
belfast,0,4,4
belga,0,1,1
belge,1,0,1
belgi,1,0,1
belgian,1,0,1
belgians,1,0,1
belgien,0,1,1
belgium,4,6,10
belgrade,2,0,2
belhblehbleh,1,0,1
beli,0,1,1
belief,2,3,5
beliefs,1,1,2
believ,1,1,2
believe,164,202,366
believed,5,1,6
believer,0,4,4
believes,5,3,8
believin,1,0,1
believing,7,3,10
beliin,0,1,1
belive,5,8,13
belived,1,0,1
belkin,0,1,1
bell,11,20,31
bella,17,21,38
bellacullen,1,0,1
bellagio,0,1,1
bellas,1,0,1
belle,2,5,7
belleh,1,0,1
belleville,1,2,3
bellevue,0,2,2
bellie,0,1,1
belligerent,1,0,1
bellini,1,0,1
bellion,0,1,1
bellisoma,0,1,1
belllakins,0,1,1
belllly,1,0,1
bello,1,1,2
bells,6,3,9
belltown,1,0,1
belly,16,14,30
bellyache,0,1,1
belmont,3,0,3
belom,1,3,4
belomm,1,0,1
belong,14,8,22
belonged,0,3,3
belonging,0,1,1
belongong,1,0,1
belongs,0,2,2
beloved,5,5,10
below,12,11,23
belsie,0,1,1
belsize,1,0,1
belt,4,7,11
beltane,0,1,1
beltin,1,0,1
belts,1,2,3
beluga,0,1,1
belugas,0,1,1
belum,2,0,2
bely,1,0,1
bem,1,5,6
bembridge,1,0,1
bemoaning,0,1,1
ben,23,47,70
benadryl,1,1,2
benatar,0,1,1
bench,3,2,5
benchmark,1,1,2
bend,5,4,9
bended,1,0,1
benders,0,1,1
bendigaa,1,0,1
bending,0,2,2
bendito,1,0,1
bends,3,1,4
bendy,2,2,4
bene,1,0,1
beneath,3,1,4
benedryl,0,1,1
beneficial,2,0,2
benefit,4,9,13
benefited,0,1,1
benefits,6,7,13
benefitted,0,2,2
bener,0,1,1
beneran,1,0,1
benes,0,1,1
benet,0,1,1
bengal,0,1,1
bengalis,1,0,1
bengawan,0,1,1
bengie,1,0,1
benicassim,0,2,2
benicio,1,0,1
benign,1,0,1
benihana,1,0,1
benioff,0,1,1
benj,0,1,1
benjamin,2,2,4
benn,0,1,1
bennett,1,0,1
benni,1,0,1
bennie,0,1,1
benny,3,3,6
bens,0,1,1
benson,1,0,1
bent,2,1,3
bentley,1,1,2
bentleys,1,0,1
bento,1,1,2
bentuk,0,1,1
benz,2,1,3
beolg,1,0,1
beotch,0,2,2
bep,2,0,2
bepenthan,0,1,1
bequeath,0,1,1
ber,2,1,3
berall,1,0,1
berat,1,0,1
berba,1,0,1
bercita,1,0,1
bercue,1,0,1
berdey,0,2,2
bere,0,1,1
bereavement,0,1,1
berencana,0,1,1
berfday,0,1,1
berg,1,2,3
berge,2,0,2
bergen,0,1,1
berger,0,1,1
bergerac,0,1,1
berita,0,1,1
beritolam,0,1,1
berjam,0,1,1
berkeley,3,2,5
berkleemusic,0,1,1
berkley,0,1,1
berliin,1,0,1
berlin,10,14,24
bermuda,1,1,2
bermudas,0,1,1
bern,2,0,2
bernard,1,2,3
bernardus,1,0,1
berner,1,0,1
bernice,1,0,1
bernie,0,4,4
berrie,1,0,1
berries,4,3,7
berry,8,10,18
bert,2,1,3
bertahun,1,0,1
bertambah,1,0,1
bertaux,0,1,1
bertolucci,1,0,1
bertweety,1,0,1
bertwitter,1,0,1
berusahaaa,0,1,1
bes,2,2,4
besafe,0,1,1
besar,1,0,1
besch,1,0,1
beserk,1,0,1
beside,9,9,18
besides,28,35,63
besmirching,1,0,1
besok,0,1,1
besos,2,2,4
besote,0,1,1
bespoke,0,2,2
besscartotalled,0,1,1
besser,1,0,1
best,415,507,922
bestbuy,2,1,3
bestee,1,0,1
bestest,6,6,12
bestestttt,0,1,1
bestfamoustweets,1,0,1
bestfriend,3,2,5
bestfriendd,1,0,1
bestfriends,1,2,3
bestie,13,6,19
bestiebytch,1,0,1
bestiee,1,1,2
bestieeee,0,1,1
besties,11,0,11
bestiiees,0,1,1
bestsellers,0,1,1
besttt,0,1,1
bestttttttttttttttttttt,1,0,1
besty,0,1,1
besz,0,1,1
bet,97,146,243
beta,23,25,48
betaaaaaa,0,1,1
betaforum,1,0,1
betah,0,1,1
betas,7,0,7
betch,2,2,4
betcha,1,4,5
betchs,1,0,1
bete,0,1,1
beth,9,17,26
bethan,0,1,1
bethany,3,3,6
bethanylodge,0,1,1
bethanylynng,1,0,1
bethe,0,1,1
bethea,0,1,1
bethenny,1,1,2
bethh,0,1,1
beths,0,1,1
bethy,1,0,1
betide,1,0,1
beton,1,0,1
betray,1,0,1
betrayed,2,1,3
bets,1,6,7
betseyjohnson,1,0,1
betsy,0,3,3
betta,6,9,15
bettahhhhh,0,1,1
bettas,1,0,1
bette,1,1,2
better,684,972,1656
betterer,0,1,1
betterplanetnow,0,1,1
bettie,1,0,1
bettina,0,1,1
betting,5,2,7
bettiye,0,1,1
bettter,2,0,2
bettwe,0,1,1
betty,5,11,16
bettydraper,1,0,1
bettys,0,1,1
betul,1,0,1
between,57,65,122
beuatiful,0,1,1
beuno,0,1,1
beutiful,0,3,3
beuts,1,0,1
bev,3,8,11
beverage,3,2,5
beverages,0,3,3
beverino,1,0,1
beverley,2,0,2
beverly,2,3,5
beverwil,1,0,1
bevy,0,2,2
bewafaa,1,0,1
beware,0,3,3
bewitching,1,0,1
bewonderment,0,1,1
beww,1,0,1
bex,0,3,3
bexxi,0,1,1
bey,1,1,2
beybiiii,1,0,1
beyd,0,1,1
beyonce,10,12,22
beyonceeeee,0,1,1
beyond,22,17,39
beyondz,0,1,1
beys,1,0,1
beysht,1,0,1
beyyy,0,1,1
bez,1,0,1
bezzy,1,0,1
bf,36,37,73
bfast,2,2,4
bfd,3,1,4
bfe,1,1,2
bfeeding,1,0,1
bff,16,24,40
bffae,1,0,1
bffl,1,1,2
bfflz,0,1,1
bffs,5,6,11
bfh,1,0,1
bfn,0,1,1
bfo,0,1,1
bfs,0,1,1
bg,5,11,16
bgame,0,1,1
bgs,1,0,1
bgt,85,23,108
bh,2,2,4
bhaat,0,1,1
bhabhi,0,1,1
bhaha,2,0,2
bhahaha,0,1,1
bhahahah,0,1,1
bhahahahah,0,1,1
bhahbhahbhahhbahbhhbhbhbbbbbllllaaaahhhh,0,1,1
bhai,6,3,9
bhakarvadi,0,1,1
bhalo,1,0,1
bhawna,0,1,1
bhayo,0,1,1
bhej,1,0,1
bhejtee,0,1,1
bhex,0,1,1
bhi,3,1,4
bhkj,1,0,1
bhoy,0,1,1
bhs,1,0,1
bhula,1,0,1
bhutan,0,1,1
bi,5,5,10
bia,3,1,4
bianca,0,2,2
bianka,0,2,2
biar,0,1,1
bias,1,1,2
biasa,1,0,1
biase,2,0,2
biased,2,2,4
biatch,1,3,4
biatches,0,1,1
biatchh,0,1,1
bibbik,1,0,1
bibeh,1,0,1
bibi,0,1,1
bibies,0,1,1
bible,9,7,16
biblical,1,1,2
biblicaled,0,1,1
biceps,0,1,1
bichara,0,1,1
bicicleta,0,1,1
bickering,1,0,1
bicol,0,1,1
bicostal,1,0,1
bicycle,7,4,11
bicyclist,1,0,1
bid,7,4,11
bidder,1,0,1
bidding,1,5,6
biddys,0,1,1
biden,2,1,3
bidet,1,0,1
bids,1,2,3
bidwell,0,1,1
biebie,1,0,1
bieeen,1,0,1
biel,0,1,1
bien,2,0,2
bienn,1,0,1
bier,1,0,1
biffle,1,0,1
big,272,380,652
bigambition,1,0,1
bigbang,1,0,1
bigfanfriday,2,0,2
bigfoot,1,0,1
bigg,0,1,1
biggby,0,1,1
bigger,22,32,54
biggest,35,24,59
biggie,2,3,5
biggies,0,1,1
biggin,0,1,1
biggovhealth,0,1,1
biggup,1,0,1
biggy,1,0,1
biggz,0,1,1
bigios,0,1,1
bigiphone,0,1,1
bigish,1,0,1
bigloss,1,0,1
bigot,1,0,1
bigotry,0,1,1
bigots,1,0,1
bigpurpleheart,1,0,1
bigtime,2,3,5
bigup,1,0,1
bigupz,1,0,1
bigwavedude,0,1,1
bigwood,1,0,1
biiatch,0,1,1
biiig,1,0,1
biiiig,0,1,1
biiiiiig,1,0,1
biiiiiiirchhh,0,1,1
biiiiiiirthday,0,1,1
biiiitch,1,0,1
biirthday,1,0,1
bij,1,1,2
bijebus,1,0,1
bike,32,41,73
biker,0,1,1
bikers,0,2,2
bikes,7,5,12
bikin,1,1,2
biking,1,8,9
bikini,9,8,17
bikinis,1,1,2
biknightual,0,1,1
bikram,1,2,3
bilang,1,0,1
bilbao,0,1,1
bildungsstreik,1,0,1
bilihin,1,0,1
bilingual,1,2,3
bilingualism,0,1,1
bilions,1,0,1
bill,33,34,67
billabong,0,1,1
billards,0,1,1
billboard,0,1,1
billboards,0,1,1
billetproof,1,0,1
billfold,0,1,1
billie,2,4,6
billing,0,1,1
billion,5,2,7
billionaire,1,1,2
billionn,1,0,1
billions,1,0,1
billionth,0,2,2
billlllliiieee,0,1,1
bills,14,19,33
billy,9,33,42
billybragsters,1,0,1
billyy,0,1,1
biloxi,0,1,1
biltong,0,1,1
bilu,0,1,1
bimbo,1,1,2
bin,6,11,17
binary,0,2,2
binchey,1,0,1
binder,2,0,2
binding,3,1,4
bindings,1,0,1
bine,0,1,1
bing,22,22,44
binge,2,4,6
binged,0,1,1
bingle,1,0,1
bingled,0,1,1
bingley,0,1,1
bingo,4,2,6
bingum,1,0,1
bingungggg,1,0,1
binigay,0,1,1
bink,1,0,1
binkers,0,1,1
binkie,0,1,1
binkies,0,1,1
binks,1,1,2
binky,0,1,1
binoculars,1,0,1
binondo,0,1,1
bins,1,0,1
bint,0,3,3
bintan,0,1,1
binthia,1,0,1
binus,0,1,1
bio,15,28,43
bioblock,1,0,1
biochem,0,1,1
biochemistry,1,0,1
biodegradable,0,1,1
bioflick,0,1,1
biog,0,1,1
biography,0,1,1
biohazard,0,1,1
bioljo,1,0,1
biological,1,1,2
biologist,0,1,1
biology,5,9,14
biomass,1,0,1
biomedical,1,0,1
biopsies,1,0,1
bios,1,0,1
bioshock,2,0,2
biotch,1,2,3
biotech,1,0,1
bipolar,0,1,1
biq,1,0,1
bir,1,0,1
birbigs,0,1,1
birbirine,0,1,1
birchard,1,0,1
bird,28,19,47
birdhouse,1,0,1
birdie,3,2,5
birdmaniac,1,0,1
birds,14,16,30
birdy,2,0,2
birf,0,1,1
birfday,1,2,3
birfffday,0,1,1
birffffday,0,1,1
birkan,0,1,1
birm,1,0,1
birmingham,4,3,7
birmz,0,1,1
birtday,1,0,1
birth,8,10,18
birthdaaaay,0,1,1
birthday,214,296,510
birthdays,6,13,19
birthdayy,1,0,1
birthdayyy,2,0,2
birthdayyyyyy,1,0,1
birthdayyyyyyyy,0,1,1
birthing,0,2,2
birthplace,1,0,1
birthsday,1,0,1
birtney,1,0,1
biryani,0,1,1
bis,1,1,2
bisa,0,3,3
bisante,1,0,1
biscotti,1,0,1
biscuit,5,2,7
biscuits,5,7,12
biscuittmfs,1,0,1
biscutis,0,1,1
bises,0,1,1
bisexual,3,0,3
bish,1,2,3
bishes,1,1,2
bishop,0,1,1
bishy,0,1,1
bismillah,1,0,1
bismol,0,1,1
bisous,0,1,1
bist,0,1,1
bit,261,415,676
bitao,0,1,1
bitaw,1,1,2
bitch,75,59,134
bitchass,0,1,1
bitchasses,0,1,1
bitchboobye,1,0,1
bitches,16,15,31
bitchesss,2,0,2
bitchfighttt,1,0,1
bitchh,2,0,2
bitchhhh,0,1,1
bitchin,2,3,5
bitching,1,4,5
bitchinkitchen,1,0,1
bitchinn,0,1,1
bitchs,1,0,1
bitchy,1,3,4
bitchyliek,0,1,1
bitchys,0,1,1
bite,16,21,37
bites,11,10,21
bitey,1,0,1
biting,7,2,9
bitly,0,1,1
bits,15,22,37
bitten,4,2,6
bitter,7,10,17
bittersweet,3,3,6
bitthday,1,0,1
bitty,1,0,1
bitvise,0,1,1
biv,0,2,2
bix,1,0,1
biz,3,7,10
bizarre,3,7,10
bizarro,0,1,1
bizatch,0,1,1
bizkit,2,0,2
biznatch,2,0,2
bizoink,1,0,1
biztechday,1,0,1
bizz,1,3,4
bizzare,1,0,1
bizzarre,1,0,1
bizzle,0,1,1
bizznitch,1,0,1
bizzy,0,1,1
bizzz,1,0,1
bj,1,4,5
bja,1,0,1
bjf,1,0,1
bjj,0,1,1
bjjjjj,0,1,1
bjork,1,2,3
bjp,0,1,1
bjtweetup,1,1,2
bk,9,19,28
bkb,0,1,1
bkfast,1,0,1
bkground,0,1,1
bking,0,1,1
bkk,2,0,2
bklyn,0,1,1
bkn,0,2,2
bkstage,0,1,1
bkt,1,1,2
bl,3,1,4
bla,0,5,5
blaaaah,1,0,1
blaaaarhg,1,0,1
blaaah,1,1,2
blaaahhh,1,0,1
blaagers,0,1,1
blaahh,1,0,1
blaahhhhh,1,0,1
blaardy,0,1,1
blabber,1,0,1
blabla,0,1,1
black,100,103,203
blackberries,0,1,1
blackberry,24,53,77
blackberrys,0,1,1
blackbird,1,0,1
blackbloodben,0,1,1
blackburn,0,1,1
blacked,0,1,1
blackened,0,1,1
blackey,1,0,1
blackfield,1,0,1
blackforestrian,0,1,1
blackheads,1,0,1
blackhole,0,1,1
blackie,1,0,1
blackjack,1,2,3
blackjewelsseries,1,0,1
blackkeys,1,0,1
blackmail,1,2,3
blackman,0,1,1
blackness,1,0,1
blackout,1,4,5
blackpool,1,2,3
blackrock,1,0,1
blacks,1,0,1
blacksquadron,1,0,1
blacktown,0,1,1
blackwednesday,0,1,1
bladder,0,3,3
bladdy,1,0,1
blade,2,2,4
blades,1,4,5
blading,1,0,1
blag,1,0,1
blah,37,26,63
blahh,5,1,6
blahhh,3,0,3
blahhhh,1,0,1
blahhhhhhh,1,0,1
blahing,0,1,1
blahs,0,1,1
blahtastic,1,0,1
blaine,1,1,2
blair,7,10,17
blakang,1,0,1
blake,3,4,7
blakeee,0,1,1
blamange,1,0,1
blame,37,40,77
blamed,1,2,3
blamin,1,0,1
blaming,2,4,6
blanc,1,2,3
blanchir,0,1,1
bland,1,2,3
blando,1,0,1
blank,9,16,25
blanka,0,1,1
blanket,6,5,11
blanketed,0,1,1
blankets,2,0,2
blankeys,1,0,1
blankie,0,1,1
blankies,1,0,1
blanks,1,2,3
blankstare,1,0,1
blanky,1,0,1
blanquita,0,1,1
blargh,1,1,2
blaring,2,0,2
blart,1,0,1
blase,1,0,1
blasphemer,0,1,1
blasphemy,1,1,2
blast,20,45,65
blasted,2,1,3
blasting,6,5,11
blastings,0,1,1
blasts,0,1,1
blastt,0,1,1
blatant,0,1,1
blatantly,2,1,3
blatent,0,1,1
blatently,1,1,2
blather,1,0,1
blauw,1,0,1
blaze,0,3,3
blazed,1,0,1
blazer,2,1,3
blazers,1,2,3
blazin,0,2,2
blazing,1,1,2
blc,1,0,1
blcs,2,0,2
bld,0,1,1
bldg,0,2,2
ble,0,1,1
bleach,1,5,6
bleached,2,0,2
bleachers,1,0,1
bleaching,1,0,1
bleak,2,0,2
bleary,0,1,1
bleating,1,0,1
blec,0,1,1
blech,0,1,1
bleecker,0,1,1
bleed,4,2,6
bleeding,9,5,14
bleeds,2,1,3
bleeech,0,1,1
bleeeh,1,1,2
bleeehhh,1,0,1
bleehh,0,1,1
bleep,1,2,3
bleepity,1,0,1
bleeuugh,0,1,1
blegh,1,1,2
bleh,9,4,13
blehh,2,2,4
blehhh,1,1,2
blellow,0,1,1
blend,1,1,2
blended,0,2,2
blender,5,4,9
blending,0,1,1
blends,1,0,1
blergh,1,0,1
bles,1,0,1
blesh,1,0,1
bless,36,51,87
blessed,14,22,36
blessing,8,9,17
blessings,7,14,21
blesss,0,1,1
blessss,1,0,1
blessu,0,1,1
bletchley,1,1,2
blethering,1,0,1
bleu,1,1,2
bleugh,0,2,2
bleughhh,0,1,1
bleuh,0,1,1
bleurgh,0,1,1
bleve,0,1,1
blew,13,8,21
bleww,1,0,1
bley,1,0,1
blg,1,1,2
blh,0,1,1
bli,0,1,1
blicky,1,0,1
blidge,1,0,1
blieeeeve,1,0,1
blight,0,1,1
blighty,2,1,3
blimey,2,1,3
blimps,1,0,1
blind,7,12,19
blinding,2,1,3
blindly,1,0,1
blindness,0,1,1
blinds,0,1,1
bling,3,4,7
blingg,1,0,1
blings,1,0,1
blingy,0,1,1
blink,20,18,38
blinkday,1,0,1
blinker,1,0,1
blinkin,0,1,1
blinking,0,1,1
blinks,2,0,2
blinn,1,0,1
blip,17,18,35
blipfmkicksass,0,1,1
bliping,1,0,1
blipped,2,0,2
blipping,2,6,8
blippr,1,0,1
blippy,0,1,1
blips,2,1,3
blipstars,1,0,1
blir,1,0,1
bliss,11,8,19
blissful,2,2,4
blister,0,4,4
blistered,0,1,1
blisteringly,1,0,1
blisters,3,1,4
blitz,0,1,1
blizz,0,1,1
blizzard,2,2,4
blizzfm,1,0,1
blk,2,2,4
blkbry,0,2,2
blllaaaah,0,1,1
blm,2,0,2
blo,1,0,1
bloat,0,2,2
bloated,4,1,5
blob,2,1,3
blobby,1,0,1
blobs,2,0,2
bloc,0,1,1
block,39,37,76
blockage,1,0,1
blockbuster,3,3,6
blockbusters,1,0,1
blockdreamers,0,1,1
blocked,31,40,71
blocker,2,0,2
blockhead,2,2,4
blockheads,3,5,8
blocking,6,6,12
blockk,1,0,1
blockmate,0,1,1
blocks,9,15,24
bloem,0,1,1
blog,120,195,315
blogchat,2,0,2
blogg,0,1,1
blogged,3,4,7
blogger,2,12,14
bloggers,1,7,8
bloggety,1,0,1
blogging,9,15,24
bloggy,1,0,1
blogher,0,1,1
blogindiana,0,1,1
bloging,0,1,1
blogiversaries,1,0,1
blogofinnocence,0,1,1
blogosphere,0,1,1
blogpost,0,2,2
blogpot,0,1,1
blogs,14,17,31
blogsite,1,0,1
blogspot,1,2,3
blogtalk,1,0,1
blogtalkradio,2,0,2
blogtv,2,8,10
blogula,1,0,1
blogy,1,0,1
bloke,5,5,10
blokes,1,2,3
blokey,0,1,1
blond,3,7,10
blonde,17,21,38
blondes,1,2,3
blondeyy,0,2,2
blondie,1,2,3
blondiee,0,1,1
blono,1,0,1
blood,28,33,61
bloodline,0,1,1
bloodlines,0,1,1
bloodstream,0,1,1
bloodsugar,1,0,1
bloodtest,0,1,1
bloody,35,45,80
bloom,2,4,6
bloomberg,1,0,1
bloomed,0,2,2
blooming,4,0,4
bloomsbury,0,1,1
bloomsday,0,1,1
bloons,0,1,1
blooper,0,1,1
bloopers,1,4,5
blore,3,2,5
bloss,0,1,1
blossom,1,1,2
blossoms,1,0,1
blot,0,1,1
blotchy,0,1,1
blovesu,1,0,1
blow,21,19,40
blowd,0,1,1
blowdartchatuplines,0,1,1
blowdryer,0,1,1
blowdrying,1,0,1
blower,0,1,1
blowfish,1,0,1
blowin,1,0,1
blowing,6,5,11
blowjob,1,1,2
blowjobs,1,0,1
blown,8,8,16
blowout,2,1,3
blows,18,14,32
bloxes,0,1,1
blu,2,4,6
blublockers,0,1,1
blue,65,80,145
bluebeard,0,1,1
blueberries,1,1,2
blueberry,5,4,9
bluebox,1,3,4
blued,0,1,1
bluegrass,0,1,1
blueish,0,1,1
bluejays,1,0,1
blueprints,0,1,1
blues,7,10,17
bluesfest,0,1,1
bluetech,0,1,1
bluetooth,6,2,8
bluetoothed,0,1,1
bluewater,0,2,2
bluey,0,1,1
bluff,1,0,1
bluffin,1,0,1
bluffing,0,1,1
bluffton,0,1,1
bluffware,0,1,1
blum,0,1,1
blunder,0,1,1
blunt,5,1,6
blunts,0,3,3
blur,3,1,4
bluray,1,2,3
blurb,1,0,1
blurr,1,1,2
blurred,0,1,1
blurry,2,4,6
blurt,1,0,1
blush,6,3,9
blushed,0,1,1
blushes,6,7,13
blushing,2,4,6
bluths,0,1,1
blvd,2,0,2
blyech,0,1,1
bm,0,1,1
bmilkers,1,0,1
bmore,1,4,5
bmt,1,0,1
bmtc,1,0,1
bmth,1,3,4
bmw,2,3,5
bmwland,1,0,1
bmx,0,1,1
bn,3,3,6
bnd,1,1,2
bneeded,1,0,1
bner,0,1,1
bnget,1,0,1
bnotmessing,0,1,1
bnp,7,5,12
bnparetwats,0,2,2
bnr,0,1,1
bntm,1,0,1
bnut,0,1,1
bny,0,1,1
bo,7,7,14
boa,3,2,5
board,22,29,51
boarded,1,1,2
boarder,0,2,2
boarding,4,1,5
boards,4,5,9
boardwalk,1,1,2
boardwork,0,1,1
boaring,0,1,1
boast,1,0,1
boat,35,40,75
boating,2,1,3
boatloads,0,2,2
boats,2,4,6
bob,18,23,41
boba,1,0,1
bobanna,0,1,1
bobbi,0,2,2
bobbii,0,1,1
bobbiiiee,0,1,1
bobbin,0,1,1
bobbing,1,0,1
bobble,2,0,2
bobby,8,19,27
bobbypin,1,0,1
bobbypins,1,0,1
bobbywithdrawls,0,1,1
bobotie,0,3,3
bobs,0,1,1
boby,1,0,1
bocce,1,0,1
bochum,0,2,2
bod,0,4,4
bodacious,0,1,1
bode,0,1,1
boderline,1,0,1
bodes,1,0,1
bodied,1,0,1
bodies,9,3,12
body,66,58,124
bodybugg,0,1,1
bodyguard,1,0,1
bodyguards,1,1,2
bodypainting,1,0,1
bodypiercer,0,1,1
bodypump,0,1,1
bodyroll,0,1,1
bodyslamming,0,1,1
boeckman,1,0,1
boed,1,0,1
boehoe,1,0,1
boeng,1,0,1
boertjie,1,0,1
bof,0,1,1
bogaczyk,1,0,1
bogan,1,0,1
boggiling,1,0,1
bogle,1,0,1
bogodibosh,0,1,1
bogof,1,0,1
bogus,0,2,2
bohdi,0,1,1
bohemia,1,0,1
bohemian,0,2,2
bohica,1,0,1
boho,1,1,2
bohuzel,1,0,1
boi,4,3,7
boii,0,1,1
boiii,1,0,1
boil,2,0,2
boiled,2,5,7
boiler,2,0,2
boiling,3,2,5
boingo,1,1,2
bois,1,1,2
bojo,0,1,1
bok,0,1,1
bokeh,0,1,1
bol,0,3,3
bolas,0,1,1
bold,6,9,15
bolded,0,1,1
boldly,1,1,2
bolied,0,1,1
bolin,0,1,1
bolis,0,1,1
bollock,0,1,1
bollocks,6,1,7
bolloxed,0,1,1
bollywood,3,2,5
bolo,1,0,1
bologna,1,0,1
bolt,0,2,2
bolton,1,0,1
bolts,1,0,1
bolufeeee,1,0,1
bom,2,6,8
bomb,13,13,26
bombard,0,1,1
bombarding,0,1,1
bombay,0,4,4
bombdiggidy,0,1,1
bombed,0,5,5
bomber,2,1,3
bombjack,0,1,1
bombs,2,1,3
bombshells,1,0,1
bomn,0,1,1
bon,2,11,13
bona,0,1,1
bonafide,0,1,1
bond,8,6,14
bondage,1,0,1
bondi,0,2,2
bonding,3,3,6
bonds,1,0,1
bone,6,6,12
boned,1,1,2
boneless,1,1,2
boneman,1,0,1
bones,18,9,27
bonfire,3,3,6
bonfires,0,1,1
bonfore,0,1,1
bong,4,0,4
bongo,1,1,2
bongodibosh,0,3,3
bongs,0,1,1
bonita,1,3,4
boniver,1,0,1
bonjella,1,0,1
bonjour,3,3,6
bonk,0,1,1
bonkers,4,4,8
bonking,1,0,1
bonktown,1,0,1
bonnaroo,0,4,4
bonne,3,1,4
bonnie,2,6,8
bono,0,2,2
bonobo,1,0,1
bonoooo,0,1,1
bons,1,0,1
bonsoir,0,1,1
bonus,4,17,21
bonuses,1,0,1
bonza,0,1,1
boo,118,174,292
boob,8,2,10
boobface,0,1,1
boobie,2,1,3
boobier,0,1,1
boobies,1,1,2
booboo,1,0,1
boobs,10,4,14
booby,1,1,2
booed,0,1,1
booerns,1,1,2
booey,0,1,1
booface,0,1,1
boogah,0,1,1
boogie,1,1,2
boogieman,1,0,1
boogies,2,0,2
booh,1,0,1
boohoo,6,8,14
booii,0,1,1
booin,1,0,1
booing,0,1,1
book,145,171,316
bookaholic,1,0,1
bookcase,0,1,1
bookcases,0,1,1
bookcover,0,1,1
booked,18,13,31
bookeeper,0,2,2
booker,0,2,2
bookie,1,1,2
bookieb,1,2,3
booking,3,2,5
bookings,2,0,2
bookkeeping,1,1,2
booklet,1,1,2
bookmans,0,1,1
bookmark,2,1,3
bookmarked,2,5,7
bookmarking,1,1,2
bookmarklet,0,2,2
bookmarklets,0,1,1
bookmarks,1,3,4
bookparty,1,1,2
bookpurge,1,0,1
books,73,81,154
booksale,0,1,1
bookseller,0,2,2
bookshare,0,1,1
bookshelf,3,2,5
bookshelves,1,0,1
booksss,1,0,1
bookstore,3,3,6
bookstores,0,1,1
bool,0,1,1
boolprop,1,0,1
boom,18,21,39
boombox,0,1,1
boombozz,1,0,1
boomer,0,2,2
booming,1,0,1
boondak,0,1,1
boondocks,1,1,2
boone,1,0,1
boonies,1,1,2
booo,22,21,43
booobooo,0,1,1
booohooo,1,0,1
booom,0,1,1
booomb,1,0,1
boooo,12,11,23
boooohoo,1,0,1
booooo,3,11,14
boooook,1,0,1
boooooo,1,4,5
booooooo,1,0,1
boooooooo,1,3,4
booooooooo,2,0,2
boooooooooo,1,2,3
boooooooooooo,0,1,1
booooooooooooooooooooo,0,1,1
booooooooooooooooooooooohissssssssssssssssssssss,1,0,1
boooooored,1,0,1
boooooourns,0,1,1
boooored,0,1,1
booored,0,1,1
booorrriiinnnggg,1,0,1
boopty,1,0,1
booptys,1,0,1
boorrred,1,0,1
boos,2,1,3
boosh,1,0,1
boosie,1,0,1
boost,3,7,10
boosted,0,1,1
booster,3,3,6
boosters,1,0,1
boot,9,11,20
bootcamp,2,2,4
booted,3,2,5
booth,9,16,25
booths,0,1,1
bootie,1,0,1
bootiful,0,1,1
bootleg,1,2,3
bootloader,1,0,1
boots,12,16,28
bootsie,0,2,2
bootsnya,1,0,1
booty,5,9,14
bootycall,0,1,1
booyaa,0,1,1
booyaaaaaa,1,0,1
booyaaahsaahkaa,1,0,1
booyah,0,1,1
booze,10,5,15
boozeeeeeeeeee,0,1,1
boozer,0,1,1
boozes,1,0,1
boozing,1,0,1
boozosnob,0,1,1
bop,0,1,1
bopper,0,1,1
bopping,1,1,2
bor,1,0,1
boracay,0,1,1
borat,3,1,4
bord,0,1,1
bordeaux,1,0,1
bordeirlne,1,0,1
border,2,6,8
bordering,1,1,2
borderline,3,1,4
borders,3,4,7
bordom,2,0,2
bore,8,4,12
bored,165,133,298
boredd,3,1,4
boreddd,1,1,2
boredddd,2,1,3
boreddddd,1,0,1
boredddddd,1,0,1
boredem,0,1,1
boredom,11,11,22
boredum,1,0,1
boreedddd,1,0,1
boreeed,0,1,1
boreeeddd,0,1,1
boreing,0,1,1
borg,2,0,2
borgata,0,1,1
borgellaj,1,0,1
borgia,1,0,1
borgonia,0,1,1
borgota,1,0,1
borin,2,0,2
boring,85,65,150
boringgg,1,0,1
boringggg,0,1,1
boringgggg,1,0,1
boringggggg,0,1,1
borked,2,0,2
borly,0,1,1
born,15,33,48
borne,0,1,1
boro,2,0,2
borough,0,2,2
borracho,1,0,1
borris,1,0,1
borrow,11,17,28
borrowed,5,6,11
borrowing,3,1,4
borrrred,0,1,1
borrrrrrredddddd,0,1,1
borwnies,0,1,1
bos,0,2,2
bosco,1,0,1
boscombe,0,1,1
bose,2,0,2
bosen,0,2,2
boshman,0,1,1
boss,29,34,63
bosses,5,0,5
bossy,1,3,4
bostjan,0,1,1
boston,32,23,55
bostons,1,0,1
boswells,1,0,1
bot,8,13,21
botanic,0,1,1
botanical,0,1,1
botch,0,1,1
botched,0,1,1
botcon,1,1,2
botd,1,0,1
both,183,316,499
bothell,0,1,1
bother,17,20,37
bothered,7,12,19
bothering,2,3,5
bothers,4,2,6
bothersome,0,1,1
bothr,0,1,1
botom,0,1,1
botox,1,0,1
bots,6,4,10
bottega,1,0,1
bottle,23,30,53
bottled,0,5,5
bottleneck,0,1,1
bottlerockets,1,0,1
bottles,6,11,17
bottlesss,1,0,1
bottom,27,22,49
bottomed,1,0,1
bottoms,1,3,4
botttles,1,0,1
boubon,1,0,1
bouchie,0,1,1
boude,1,0,1
boudoir,1,0,1
bouemi,1,0,1
bouffant,0,1,1
bouge,1,0,1
bought,83,95,178
bougth,1,0,1
boulan,1,0,1
boulder,0,5,5
boulot,0,2,2
boulton,1,0,1
bounce,4,8,12
bounced,2,2,4
bouncers,1,0,1
bounces,2,2,4
bouncing,2,4,6
bouncy,5,1,6
bound,8,13,21
boundaries,1,2,3
boundary,1,0,1
boundless,1,0,1
bounz,0,1,1
bouquet,1,2,3
bouquets,1,0,1
bourbon,2,3,5
bourbons,1,0,1
bourdain,0,1,1
bourgeois,0,1,1
bourne,3,0,3
bournemouth,0,1,1
bout,119,120,239
bouta,3,0,3
boutiful,0,1,1
bouts,1,2,3
boutt,0,1,1
bovine,1,0,1
bow,6,12,18
bowden,1,0,1
bowel,0,1,1
bowels,0,1,1
bowen,0,2,2
bowenthebeard,1,0,1
bowery,0,1,1
bowie,1,0,1
bowing,1,0,1
bowl,13,7,20
bowleaze,0,1,1
bowler,1,0,1
bowlers,1,0,1
bowlin,0,1,1
bowling,8,11,19
bowlingtweetup,1,0,1
bowls,0,3,3
bows,2,1,3
bowtie,0,1,1
bowwow,0,1,1
box,48,73,121
boxed,1,3,4
boxee,0,2,2
boxer,3,2,5
boxers,3,4,7
boxershorts,0,1,1
boxes,10,12,22
boxies,0,1,1
boxing,4,3,7
boxmodel,1,0,1
boxset,2,0,2
boxstr,1,0,1
boxxxybabeee,1,0,1
boy,131,118,249
boyancy,1,0,1
boyanizer,1,0,1
boyband,1,1,2
boybands,0,1,1
boycott,1,1,2
boycotting,0,2,2
boyd,1,1,2
boyder,1,0,1
boyeee,0,1,1
boyet,1,0,1
boyf,2,0,2
boyfie,1,0,1
boyfr,0,1,1
boyfried,1,0,1
boyfriend,55,27,82
boyfriends,5,5,10
boyfrnd,1,0,1
boyish,2,0,2
boyl,0,1,1
boyle,16,9,25
boyled,1,0,1
boyles,1,0,1
boynton,0,1,1
boys,97,116,213
boysss,0,1,1
boysssss,1,0,1
boysummer,0,1,1
boyy,0,1,1
boyyyyyfriendd,1,0,1
boyyyyyy,1,0,1
boyz,3,1,4
boyzone,0,2,2
bozeman,1,0,1
bozhanov,0,1,1
bp,2,2,4
bpark,0,1,1
bpd,1,1,2
bperea,0,1,1
bphph,0,1,1
bpm,0,1,1
bpp,1,0,1
bqcrew,1,0,1
br,6,2,8
bra,5,2,7
braaaaaaaaaaain,0,1,1
braaaaaaiiiiiinnnnzzzzz,0,1,1
braaandon,0,1,1
brace,2,4,6
braceface,2,0,2
bracelet,7,5,12
bracelets,1,1,2
bracelette,1,0,1
braces,7,3,10
brackenwood,0,1,1
bracket,1,1,2
brackets,1,1,2
bracknell,1,0,1
braclet,1,0,1
brad,9,18,27
bradd,0,1,1
braddah,0,1,1
braden,1,0,1
bradford,1,0,1
bradie,14,30,44
bradieeeeee,1,0,1
bradiekins,0,1,1
bradies,1,3,4
bradiewebb,17,0,17
bradiewebbstack,0,1,1
bradley,2,1,3
bradshaw,1,0,1
bradstreet,0,1,1
brady,2,2,4
braffy,0,1,1
brag,2,1,3
bragg,0,1,1
bragger,0,1,1
braggin,1,0,1
bragging,1,3,4
brags,1,0,1
brahman,1,0,1
braid,3,0,3
braide,0,1,1
braided,1,1,2
braiding,0,1,1
braids,4,1,5
braidy,1,0,1
braille,2,0,2
brain,36,59,95
brainbite,1,0,1
brained,0,2,2
brainer,1,1,2
brainfart,1,0,1
brainful,0,1,1
brains,2,5,7
brainstorm,3,0,3
brainstormg,0,1,1
brainstorming,2,3,5
braintree,0,1,1
brainwashed,0,2,2
brainy,1,1,2
braised,0,2,2
braising,0,1,1
braison,0,1,1
braisons,1,0,1
braithwate,1,0,1
brake,1,2,3
braken,1,0,1
brakers,1,0,1
brakes,3,0,3
braking,1,0,1
bram,1,1,2
brampton,0,1,1
bran,5,0,5
branch,4,3,7
branches,1,0,1
branching,1,0,1
brand,13,22,35
brandchat,1,0,1
branded,1,0,1
brandenburger,0,1,1
brandface,0,1,1
brandi,1,6,7
brandians,1,0,1
brandice,1,0,1
branding,3,1,4
branditos,1,0,1
brando,0,1,1
brandon,12,8,20
brandriff,1,0,1
brands,1,3,4
brandworks,0,1,1
brandy,8,8,16
brandz,0,2,2
brane,0,1,1
branflakes,1,0,1
brangelina,0,1,1
brannan,1,0,1
brannen,1,0,1
branson,1,0,1
brant,0,1,1
brantanamo,0,1,1
brantwood,0,1,1
bras,2,2,4
brasil,0,6,6
brasion,0,1,1
brass,1,1,2
brassiere,0,1,1
brat,3,5,8
bratgirl,1,0,1
brats,2,4,6
bratty,1,0,1
braum,0,1,1
braun,1,0,1
bravaauthors,0,1,1
brave,9,10,19
bravery,1,0,1
braves,3,0,3
bravest,0,1,1
braving,1,0,1
bravo,3,7,10
brawijaya,1,0,1
brawl,2,1,3
brawls,0,1,1
brawn,2,0,2
brawns,1,0,1
brazi,0,1,1
brazil,10,32,42
brazilian,3,10,13
brazilians,1,0,1
brazill,1,0,1
brazillian,2,1,3
brazillovesmcfly,1,0,1
brazilwillmissmcfly,6,0,6
brazlian,0,1,1
brb,7,3,10
bre,0,2,2
brea,1,0,1
breaaaad,1,0,1
bread,27,42,69
breadcrumbs,1,0,1
breaded,1,1,2
breadhorn,1,0,1
breadline,1,0,1
breadwinner,0,1,1
break,126,105,231
breakbeat,1,0,1
breakdance,0,2,2
breakdown,7,4,11
breakdowns,1,1,2
breaker,5,4,9
breakers,0,3,3
breakeven,1,0,1
breakfaaaast,0,1,1
breakfast,68,69,137
breakfastpizza,1,0,1
breakie,1,1,2
breakin,1,2,3
breaking,30,22,52
breakingbad,2,0,2
breakinggg,0,1,1
breakkie,0,1,1
breakout,0,1,1
breakouts,0,2,2
breakpast,1,0,1
breaks,18,19,37
breakthrough,1,4,5
breakthroughs,1,0,1
breakthru,2,0,2
breakup,3,0,3
breakups,0,1,1
breakupwords,6,0,6
breaky,2,1,3
breana,0,1,1
breanna,0,1,1
breast,7,2,9
breasted,1,0,1
breastfed,0,1,1
breastfeeding,0,5,5
breastmilk,0,1,1
breasts,1,2,3
breath,14,17,31
breathe,16,13,29
breatheeee,0,1,1
breatheheavy,0,1,1
breathes,1,0,1
breathing,8,10,18
breathless,1,0,1
breaths,2,2,4
breathtaking,1,1,2
bred,1,2,3
bree,0,9,9
breeches,1,0,1
breed,1,6,7
breeder,0,1,1
breeders,0,1,1
breeding,1,0,1
breeds,2,1,3
breeeeeze,1,0,1
breeze,5,7,12
breezy,2,1,3
breffast,1,0,1
breivik,1,0,1
brekkie,1,0,1
bremner,0,1,1
bremst,0,1,1
bren,1,0,1
brenda,3,6,9
brendan,0,3,3
brendi,0,1,1
brendon,1,1,2
brends,0,2,2
brenflakes,0,1,1
brennaghday,0,1,1
brennan,3,0,3
brenner,0,1,1
brenny,0,1,1
brent,1,4,5
bret,1,2,3
bretheren,0,1,1
brett,1,7,8
brettislame,0,1,1
brevity,0,1,1
brew,1,6,7
brewers,0,4,4
brewery,3,1,4
brewing,5,3,8
brex,0,1,1
bri,2,7,9
bria,0,1,1
brian,7,37,44
briana,0,1,1
brianadrian,0,1,1
brianmcfadden,1,0,1
brianna,0,1,1
brianne,1,0,1
brians,1,1,2
briar,0,2,2
bribe,3,3,6
bribed,1,1,2
bribery,1,1,2
bribing,1,0,1
brick,4,4,8
bricked,0,1,1
bricks,0,1,1
bridal,1,2,3
bride,10,5,15
brides,2,0,2
bridge,9,10,19
bridges,2,1,3
bridget,2,5,7
bridgetoterabithia,1,0,1
bridgewater,1,0,1
brie,2,1,3
brieana,1,0,1
brief,7,2,9
briefcase,0,2,2
briefing,0,3,3
briefly,0,2,2
briefs,1,0,1
brien,0,1,1
brienne,0,1,1
brifacts,1,0,1
brig,1,0,1
brigens,0,1,1
brigette,1,0,1
briggs,0,1,1
bright,24,31,55
brightcove,0,1,1
brighted,0,1,1
brighten,5,3,8
brightening,1,0,1
brightens,0,2,2
brighter,4,2,6
brighterbrightest,1,0,1
brightest,1,0,1
brighthous,0,1,1
brighthouse,0,2,2
brightly,2,0,2
brightness,0,1,1
brighton,2,1,3
brightonians,1,0,1
brightside,3,2,5
brii,0,1,1
brijap,1,0,1
brill,3,7,10
brillant,2,1,3
brilliance,3,0,3
brilliant,42,48,90
brilliantly,0,1,1
brillinat,1,0,1
brimstone,0,1,1
brina,0,1,1
bring,133,185,318
bringback,3,0,3
bringer,1,0,1
bringin,2,1,3
bringing,9,16,25
bringiton,1,0,1
brings,16,15,31
brink,1,0,1
brinks,1,0,1
brinq,0,1,1
brinton,0,1,1
brioche,1,1,2
brios,0,1,1
bris,3,1,4
brisbane,7,7,14
brisbaneairportissoboring,1,0,1
brisbaneeeeeeeee,0,1,1
brisk,1,0,1
brisket,0,2,2
briso,1,0,1
brissy,1,3,4
bristol,2,7,9
brit,2,11,13
britain,6,5,11
britains,5,3,8
britan,0,1,1
britbrit,1,1,2
briteny,1,0,1
brith,0,1,1
brithday,1,0,1
britians,1,0,1
british,17,21,38
britishgp,1,0,1
britney,18,32,50
britneys,0,3,3
britneyspears,2,0,2
britons,0,1,1
britpop,0,1,1
brits,0,3,3
britsh,0,1,1
britt,1,7,8
brittainie,1,0,1
brittany,6,8,14
britters,1,0,1
brittish,1,1,2
brittle,0,1,1
brittney,0,1,1
brittony,1,0,1
britttt,0,1,1
britty,1,0,1
brity,1,0,1
brix,1,0,1
brixton,1,2,3
brkfast,0,1,1
bro,55,68,123
broad,4,1,5
broadband,6,7,13
broadcast,1,8,9
broadcasted,1,0,1
broadcasting,1,3,4
broadcasts,0,1,1
broadcite,1,0,1
broadens,1,0,1
broadminded,1,0,1
broads,2,1,3
broadway,3,7,10
broadwaybaby,1,0,1
broccoli,1,1,2
brochure,0,2,2
brochures,1,0,1
brocka,2,0,2
brocken,0,1,1
brocli,1,0,1
brocolli,1,1,2
brody,1,6,7
brodyy,0,1,1
brogan,0,1,1
brok,0,2,2
broke,91,85,176
brokeagain,1,0,1
brokeback,14,0,14
broked,1,0,1
brokeded,1,0,1
brokeennn,1,0,1
broken,80,55,135
brokenheart,2,0,2
brolly,0,1,1
bromance,0,4,4
bromsgrove,0,1,1
bron,4,3,7
bronca,1,0,1
bronchiolitis,1,1,2
bronchitis,1,0,1
bronchits,0,1,1
bronco,1,0,1
broncos,2,0,2
bronner,0,1,1
bronx,0,1,1
bronze,2,2,4
bronzed,1,0,1
broo,1,1,2
brooch,0,1,1
brood,0,2,2
brooding,1,0,1
broody,1,3,4
brook,0,2,2
brooke,2,26,28
brookhaven,0,1,1
brookie,0,1,1
brooklyn,8,11,19
brooks,4,2,6
brooky,0,1,1
broom,0,2,2
broomhead,0,1,1
broooken,1,0,1
broooo,1,0,1
brooooke,1,0,1
bros,10,7,17
broski,0,1,1
broskis,1,0,1
brosnan,0,1,1
broters,1,0,1
broth,1,0,1
brotha,0,7,7
brothe,1,0,1
brother,84,76,160
brotherly,0,1,1
brotherrrr,0,1,1
brothers,48,24,72
brough,1,0,1
brought,24,37,61
broughty,1,0,1
brouhaha,1,0,1
brova,0,1,1
brover,1,0,1
brow,0,1,1
broward,1,0,1
browed,1,0,1
browen,0,1,1
browine,1,0,1
brown,37,24,61
browngirl,0,1,1
brownie,3,3,6
brownies,10,10,20
browning,0,1,1
brownngirl,0,1,1
browns,2,1,3
brownskin,1,0,1
brownsugar,0,1,1
brownsugaradio,0,1,1
brows,2,2,4
browse,5,2,7
browsed,1,0,1
browser,6,14,20
browserlab,0,1,1
browsers,5,3,8
browsing,2,5,7
broxei,0,1,1
broz,0,2,2
brp,1,1,2
brr,4,0,4
brrr,0,2,2
brrrr,2,1,3
brrrrr,2,0,2
brrrrrenda,0,1,1
brrrrring,1,0,1
brrrrrring,2,0,2
bru,1,3,4
brucas,0,1,1
bruce,9,11,20
brucee,1,0,1
brucetenci,0,1,1
brudas,1,0,1
brug,1,0,1
bruh,1,0,1
bruins,1,1,2
bruise,3,2,5
bruised,4,4,8
bruiser,0,2,2
bruises,2,0,2
bruising,2,0,2
brulee,0,1,1
brullet,1,0,1
brum,2,3,5
brumbees,1,0,1
brumbies,1,0,1
brun,0,1,1
brunch,8,7,15
brunches,1,0,1
brunching,0,1,1
brunchrules,0,1,1
brune,0,1,1
brunei,1,2,3
brunette,0,1,1
brunettes,0,1,1
bruno,0,4,4
brunswick,1,1,2
brunt,2,2,4
brush,5,5,10
brusha,0,3,3
brushed,1,2,3
brushes,1,3,4
brushing,1,0,1
brusin,1,0,1
brussels,1,0,1
brusters,0,1,1
brutal,5,8,13
brutes,1,1,2
bruv,2,0,2
brw,0,1,1
brwndrby,0,1,1
bry,0,5,5
bryan,4,11,15
bryand,1,0,1
bryant,2,0,2
bryar,0,1,1
brycey,1,0,1
bryd,1,0,1
brydie,0,1,1
bryers,1,0,1
brygida,0,1,1
brynn,1,2,3
brysonlopez,1,0,1
bs,10,14,24
bsac,0,1,1
bsacks,0,1,1
bsb,20,100,120
bsc,1,1,2
bsck,1,0,1
bsg,2,3,5
bsk,1,2,3
bsnl,2,1,3
bsods,1,0,1
bst,2,0,2
bsta,0,1,1
bstat,1,0,1
bt,15,25,40
btbm,1,0,1
btcc,1,0,1
btf,0,2,2
btfs,0,1,1
bth,0,1,1
btm,2,0,2
btol,0,1,1
btown,0,1,1
btr,1,2,3
btrendie,0,1,1
bts,40,1,41
btu,2,2,4
btub,0,2,2
btv,1,0,1
btvs,4,0,4
btvsmb,2,0,2
btw,144,273,417
btwn,2,1,3
bu,2,9,11
buaa,0,1,1
buaahhahaah,0,1,1
buahahaha,0,1,1
buahahahaha,1,0,1
buat,3,2,5
bub,1,5,6
buba,0,1,1
bubb,0,2,2
bubba,1,3,4
bubbaiye,1,0,1
bubbbb,1,0,1
bubbbs,0,1,1
bubbi,0,1,1
bubbl,1,0,1
bubble,7,9,16
bubbled,0,1,1
bubblefun,0,1,1
bubblegum,2,0,2
bubbles,3,6,9
bubblesm,0,1,1
bubbletweet,0,2,2
bubbleweed,0,1,1
bubbly,3,2,5
bubby,0,1,1
bubs,0,1,1
bubscriber,0,1,1
bubu,1,0,1
bububebe,0,1,1
bubz,0,1,1
bucharest,0,2,2
buchman,0,1,1
buck,4,10,14
buckaroo,0,1,1
buckee,1,0,1
bucket,3,10,13
bucketing,0,2,2
buckets,2,1,3
buckeyes,0,1,1
buckfast,0,1,1
buckingham,1,0,1
buckle,0,1,1
buckles,0,2,2
buckley,1,1,2
bucks,10,15,25
buckwheat,0,1,1
buckwild,0,1,1
bucky,0,1,1
bud,13,16,29
budapest,0,2,2
buddah,1,0,1
buddar,1,0,1
budday,0,1,1
budddy,0,1,1
buddhism,0,1,1
buddies,11,6,17
budding,1,1,2
buddy,36,67,103
budged,0,1,1
budget,11,15,26
budgeting,1,1,2
budgets,1,0,1
budgie,1,1,2
budhai,0,1,1
budo,1,0,1
buds,6,3,9
budweiser,0,2,2
budy,0,1,1
bueller,0,1,1
buen,1,0,1
buena,1,1,2
buenas,1,1,2
bueno,8,10,18
buenos,4,5,9
bufest,1,0,1
buff,4,0,4
buffalo,4,5,9
buffering,1,0,1
buffet,4,5,9
buffett,0,1,1
buffoire,0,1,1
buffoon,0,1,1
buffs,0,2,2
buffy,2,4,6
bug,23,38,61
bugaboo,1,0,1
bugagaga,1,0,1
bugg,0,1,1
bugged,0,3,3
bugger,11,11,22
buggered,2,0,2
buggery,0,2,2
buggies,0,1,1
buggin,2,2,4
bugging,3,2,5
buggy,2,3,5
bugis,0,2,2
bugs,13,12,25
buh,6,2,8
buhh,0,1,1
buhrandee,1,0,1
buht,1,0,1
buid,1,0,1
build,26,24,50
builder,0,1,1
builders,1,4,5
buildin,0,1,1
building,20,21,41
buildings,0,1,1
builds,2,2,4
built,10,16,26
builtin,0,1,1
buisness,0,1,1
buisnesses,1,0,1
buisnesss,1,0,1
buju,1,0,1
buk,0,1,1
buka,0,1,1
bukan,2,0,2
bukannya,0,2,2
bukas,2,3,5
bulacan,0,1,1
bulaga,0,1,1
bulan,1,0,1
bulb,2,5,7
bulbasaur,1,0,1
bulgaia,0,1,1
bulgogi,1,0,1
buliding,0,1,1
bulk,1,5,6
bulking,0,1,1
bulky,1,0,1
bull,14,13,27
bullcraap,0,1,1
bullcrap,0,1,1
bulldog,1,1,2
bulldogs,0,2,2
bulldoze,0,1,1
bullet,6,4,10
bulletin,1,3,4
bulletproof,0,1,1
bullets,2,0,2
bullhorn,1,0,1
bullish,1,0,1
bulllllllshit,0,1,1
bullminic,1,0,1
bullock,1,0,1
bullocks,0,1,1
bullpen,2,1,3
bulls,4,3,7
bullseye,2,0,2
bullshit,7,4,11
bullshitting,0,1,1
bullwinkle,1,0,1
bully,2,4,6
bullying,1,1,2
bullyish,0,1,1
bulmers,1,0,1
buloh,0,1,1
bulshit,0,1,1
bum,10,10,20
bumanglang,1,0,1
bumbaclot,1,0,1
bumbed,1,0,1
bumberr,0,1,1
bumble,1,0,1
bumblebee,2,0,2
bumbo,1,0,1
bumbpy,0,1,1
bumbum,0,1,1
bumed,1,1,2
bumfondle,0,1,1
bummed,39,42,81
bummer,45,57,102
bummeriffic,0,1,1
bummerr,0,1,1
bummers,2,0,2
bummin,1,1,2
bumming,0,1,1
bummma,1,0,1
bummmer,0,1,1
bummmmer,1,0,1
bump,7,5,12
bumped,3,3,6
bumper,3,4,7
bumpin,1,0,1
bumping,1,4,5
bumps,2,3,5
bumpy,1,3,4
bums,3,2,5
bumting,0,1,1
bun,3,4,7
buna,0,1,1
bunch,32,51,83
buncha,0,1,1
bunches,2,3,5
bunchh,1,0,1
bundaberg,0,1,1
bunday,0,1,1
bundestag,0,1,1
bundle,0,1,1
bundoora,0,1,1
bung,3,3,6
bungees,0,1,1
bungie,1,0,1
bunk,2,1,3
bunked,1,0,1
bunking,0,1,1
bunneh,0,1,1
bunnicula,1,0,1
bunnies,3,4,7
bunny,19,19,38
bunnybell,0,1,1
bunnypuffs,1,0,1
bunnys,1,0,1
buns,0,6,6
buon,2,0,2
buona,1,0,1
bur,1,1,2
bura,1,0,1
burbank,1,0,1
burberry,1,1,2
burbs,0,1,1
burden,2,3,5
burdens,0,1,1
buren,1,0,1
burfdae,0,1,1
burfday,0,1,1
burger,10,13,23
burgers,3,8,11
burgerville,0,1,1
burgh,0,2,2
burglars,1,1,2
burgled,1,0,1
burguer,0,1,1
burgundy,1,0,1
burian,0,1,1
buried,4,2,6
burjon,0,1,1
burke,1,0,1
burleigh,1,0,1
burlesque,0,3,3
burlington,1,1,2
burly,1,2,3
burma,0,1,1
burn,29,27,56
burnball,0,2,2
burned,14,13,27
burner,2,1,3
burnin,1,1,2
burning,15,8,23
burnnn,0,1,1
burnout,0,3,3
burns,5,8,13
burnt,14,11,25
burnung,1,0,1
burp,2,1,3
burped,0,1,1
burriss,0,1,1
burrito,4,4,8
burritos,2,0,2
burrnnn,0,1,1
burrr,1,1,2
burslem,1,0,1
burst,5,2,7
bursting,1,1,2
bursts,2,0,2
burswood,1,0,1
burton,3,0,3
bury,1,1,2
bus,48,39,87
busby,1,0,1
busch,0,1,1
buses,4,4,8
buset,2,0,2
bush,3,8,11
bushal,0,1,1
bushel,1,0,1
bushes,2,2,4
bushy,1,0,1
bushys,0,1,1
busier,0,1,1
busiest,1,0,1
business,66,73,139
businesses,3,1,4
businessman,1,1,2
businessy,1,0,1
buss,1,0,1
busses,1,0,1
bussi,1,0,1
bussin,1,0,1
busso,0,1,1
bussy,0,1,1
bust,9,5,14
busted,8,7,15
buster,2,5,7
busters,0,4,4
bustin,1,1,2
busting,2,2,4
bustling,1,0,1
bustout,0,1,1
busty,0,1,1
busy,157,184,341
but,3790,5337,9127
butane,1,0,1
butbi,0,1,1
butbut,0,1,1
butbutbut,0,3,3
butch,0,1,1
butchano,1,0,1
butcher,2,0,2
butchered,1,0,1
butchy,0,1,1
buti,0,2,2
butler,1,1,2
butlers,1,0,1
butonly,1,0,1
butt,18,28,46
butter,19,23,42
butterbeanbee,2,0,2
buttercup,3,3,6
buttercupshere,1,0,1
buttered,1,0,1
butterflies,1,1,2
butterfly,2,8,10
butterflyish,1,0,1
butterless,0,1,1
butterly,1,0,1
buttermilk,1,0,1
buttery,2,1,3
buttfuck,0,1,1
butthead,2,2,4
butthole,1,0,1
butthurt,0,1,1
butties,0,1,1
buttinski,1,0,1
buttock,1,0,1
buttocks,1,0,1
buttomed,1,0,1
button,18,36,54
buttons,5,9,14
butts,1,1,2
buttt,0,2,2
butttt,1,1,2
buttttt,2,0,2
butty,1,1,2
buu,1,0,1
buuren,1,0,1
buut,1,1,2
buuttttooon,0,1,1
buuu,1,0,1
buuut,2,0,2
buuuuh,1,0,1
buuuurning,0,1,1
buuuut,1,1,2
buuuuut,1,0,1
buuuuuuu,1,0,1
buuzzz,0,1,1
buy,183,223,406
buyer,1,2,3
buyers,1,3,4
buying,35,29,64
buyitdirect,1,0,1
buyout,1,0,1
buys,5,3,8
buyy,1,0,1
buzaul,1,0,1
buzer,1,0,1
buzz,9,10,19
buzzard,0,1,1
buzzcocks,1,0,1
buzzed,3,0,3
buzzer,1,0,1
buzzing,4,0,4
buzzkill,0,1,1
buzznet,2,0,2
buzzvn,2,0,2
buzzy,0,1,1
bv,0,2,2
bw,2,2,4
bwaaaa,1,0,1
bwaahahahah,0,1,1
bwahaha,0,4,4
bwahahaahaha,0,1,1
bwahahahahaha,0,1,1
bwahahhahah,1,0,1
bwe,0,3,3
bwfcon,1,0,1
bwhahaaaa,0,1,1
bwhahaha,1,0,1
bwhahahaha,0,1,1
bwi,0,2,2
bwinleeey,0,1,1
bwoy,0,1,1
bwring,0,1,1
bwudder,1,0,1
bwugh,1,0,1
bx,0,1,1
bxhsos,1,0,1
bxtch,1,0,1
by,722,767,1489
byahilo,0,1,1
bye,86,50,136
byebye,3,2,5
byee,6,5,11
byeee,0,3,3
byeeee,0,1,1
byeeeeee,1,0,1
byeeexxx,0,1,1
byen,0,1,1
byes,1,0,1
byk,0,1,1
bynes,0,1,1
byob,0,1,1
byotch,1,0,1
bypass,2,0,2
byranflurry,1,0,1
byrannya,0,1,1
byrne,1,2,3
byron,1,2,3
bys,0,1,1
bysshe,1,0,1
bystanders,1,0,1
byte,0,1,1
bytes,1,0,1
bytheway,0,1,1
byue,0,1,1
byye,0,1,1
byyeee,1,0,1
byyyyeeee,1,0,1
bz,4,1,5
bzw,1,0,1
bzws,0,1,1
bzzagent,0,2,2
bzzreports,0,1,1
ca,15,24,39
caaa,0,1,1
caaaaan,1,0,1
caaaallateeee,1,0,1
caaab,1,0,1
caaannntt,0,1,1
caant,1,0,1
cab,11,9,20
cabage,0,1,1
cabana,1,1,2
cabanaaaaaa,0,1,1
cabaret,1,1,2
cabbage,4,1,5
cabello,1,0,1
caberet,1,0,1
cabernet,2,0,2
cabeza,1,0,1
cabin,2,3,5
cabinet,1,2,3
cabinets,1,1,2
cable,18,35,53
cables,0,4,4
cabn,0,1,1
cabot,1,0,1
cabs,1,1,2
caca,1,2,3
cacelius,0,1,1
cache,1,4,5
cached,0,1,1
cachemate,0,1,1
caches,1,0,1
caching,0,3,3
cackle,1,0,1
cackling,0,1,1
cacti,1,0,1
cad,1,2,3
cadavers,0,1,1
cadbury,2,3,5
cadburys,0,1,1
caddie,1,0,1
caddo,1,0,1
caddy,0,2,2
caddyshack,1,0,1
cadel,0,1,1
caden,0,1,1
caderno,1,0,1
cadet,2,0,2
cadets,0,1,1
caduceus,0,1,1
cae,1,0,1
caesar,1,1,2
caf,3,0,3
cafe,14,17,31
cafepress,1,1,2
cafes,0,1,1
cafetaria,0,1,1
cafeteria,0,1,1
caffe,2,0,2
caffeinated,2,1,3
caffeine,9,13,22
caffiene,0,1,1
caffine,2,1,3
caffino,0,1,1
cag,0,2,2
cagcast,0,2,2
cage,5,7,12
caged,1,0,1
cages,0,1,1
caging,0,1,1
cah,3,2,5
cahalan,0,1,1
cahey,0,1,1
cahful,1,0,1
cahgne,1,0,1
cahill,1,0,1
cahla,0,2,2
caicos,1,0,1
caillat,1,0,1
cain,1,1,2
cainta,0,1,1
caio,1,0,1
caipirinha,0,1,1
cairo,0,3,3
cairons,0,1,1
caisse,1,1,2
cait,2,0,2
caite,0,1,1
caithness,0,1,1
caitlin,1,4,5
caitlyn,1,0,1
caity,0,1,1
cajon,1,0,1
cajuan,1,0,1
cajun,1,0,1
cake,46,74,120
cakep,0,1,1
cakephp,1,0,1
cakes,8,12,20
cakey,0,1,1
cal,7,5,12
calamari,1,0,1
calamine,0,1,1
calc,1,0,1
calcio,1,0,1
calciotweet,0,1,1
calcium,0,1,1
calcpacouncil,1,0,1
calculate,2,1,3
calculated,0,1,1
calculating,1,1,2
calculations,1,0,1
calculator,2,0,2
calculators,1,1,2
calculus,2,0,2
caldav,1,0,1
calder,1,0,1
caleaner,0,1,1
caleb,3,4,7
caledonian,0,1,1
calendar,5,10,15
calender,1,2,3
calendimaggio,0,1,1
calexico,1,0,1
caley,1,1,2
calf,4,2,6
calgary,1,4,5
calhoun,1,1,2
cali,27,38,65
caliber,1,0,1
calibrate,1,0,1
calibration,0,1,1
calidornia,0,3,3
caliente,1,0,1
calif,1,0,1
california,21,26,47
californiaa,0,1,1
californiaaa,0,1,1
californian,0,1,1
californians,1,0,1
californication,2,0,2
califs,0,1,1
caliiiiiii,0,1,1
call,253,345,598
callahan,0,1,1
callander,0,1,1
callback,1,0,1
calld,1,1,2
called,148,180,328
caller,1,4,5
callie,1,0,1
callies,1,0,1
callin,4,8,12
calling,41,52,93
calll,0,1,1
calllllll,0,1,1
callofduty,0,1,1
calls,34,36,70
callum,2,0,2
cally,0,1,1
calm,15,16,31
calmed,2,1,3
calmer,2,0,2
calming,1,0,1
calms,1,0,1
caloocan,0,1,1
calorie,3,3,6
calories,5,7,12
calpol,1,1,2
cals,0,2,2
calso,0,1,1
caludine,0,1,1
calve,0,1,1
calves,0,2,2
calvin,4,8,12
calvinism,0,1,1
calvinnnnn,0,1,1
cam,9,38,47
cama,1,0,1
camamilla,0,1,1
camara,1,1,2
camaraderie,1,0,1
camaro,3,1,4
camaros,1,0,1
cambell,1,1,2
cambiar,1,0,1
cambridge,1,5,6
cambridgeshire,2,0,2
cambs,0,1,1
camcorder,1,1,2
camd,0,1,1
camden,2,5,7
came,143,180,323
camel,1,1,2
camels,0,1,1
cameo,1,1,2
cameos,0,1,1
camera,57,69,126
cameraa,1,0,1
camerabatterij,1,0,1
cameraphones,0,1,1
cameras,7,4,11
cameron,3,2,5
cameros,0,1,1
cami,1,0,1
camian,0,1,1
camic,1,0,1
camiiille,1,0,1
camilla,0,2,2
camille,0,4,4
cammie,2,0,2
cammy,0,1,1
camnapped,0,1,1
camoflauges,1,0,1
camouflage,0,1,1
camown,0,1,1
camp,30,24,54
campaign,5,11,16
campaigning,1,1,2
campaigns,2,1,3
campbell,2,2,4
campbells,0,1,1
camped,1,1,2
camper,4,6,10
campers,2,0,2
campfire,1,1,2
camping,12,15,27
campofiorin,0,1,1
campos,1,0,1
campout,0,1,1
campping,1,0,1
camps,0,2,2
campsite,1,1,2
campus,6,6,12
cams,0,2,2
camwhoring,0,1,1
camz,0,1,1
can,2611,3508,6119
cana,1,0,1
canada,33,53,86
canadas,0,1,1
canadian,7,11,18
canadians,2,5,7
canal,2,3,5
canals,1,1,2
canaries,0,1,1
canary,0,1,1
canaveral,1,0,1
canberra,2,9,11
canboring,0,1,1
cancald,1,0,1
cancel,17,11,28
canceled,17,9,26
canceling,2,1,3
cancellation,1,4,5
cancelled,37,32,69
cancelledd,1,0,1
cancelling,2,2,4
cancels,1,0,1
cancer,30,14,44
cancers,1,0,1
cancion,2,0,2
cancle,1,0,1
canclled,1,0,1
cand,1,1,2
candace,0,3,3
candela,0,1,1
candice,0,6,6
candid,3,2,5
candidate,2,2,4
candidates,1,1,2
candies,2,2,4
candis,0,1,1
candle,1,6,7
candlelight,1,0,1
candles,5,3,8
candy,17,27,44
candybar,2,0,2
candygirls,1,0,1
cane,1,2,3
canfield,1,0,1
canggeeh,1,0,1
canhelpu,1,0,1
canna,0,1,1
cannabis,2,0,2
cannae,0,2,2
cannea,0,1,1
canned,1,2,3
cannel,0,1,1
cannelloni,0,1,1
cannes,3,1,4
cannibal,1,0,1
canning,0,2,2
cannn,0,1,1
cannnt,0,1,1
cannon,2,1,3
cannont,0,1,1
cannot,83,64,147
canoe,1,1,2
canoeing,0,1,1
canon,8,6,14
canot,0,1,1
canr,0,1,1
cans,0,1,1
cant,455,438,893
cantab,1,0,1
cantada,0,1,1
cantalope,0,1,1
cantaloupe,1,0,1
cantando,1,0,1
cantare,1,0,1
cantecel,0,1,1
canteen,1,1,2
cantelope,1,0,1
canterbury,1,0,1
canton,0,1,1
cantona,0,1,1
cantonese,0,3,3
cantt,1,0,1
canttt,1,1,2
canucks,3,2,5
canvas,0,3,3
canyon,4,0,4
canzorz,0,1,1
cao,1,0,1
caoe,1,0,1
cap,9,10,19
capabilities,2,3,5
capable,1,1,2
capacity,5,2,7
cape,3,4,7
caper,0,1,1
capers,0,1,1
capes,2,3,5
capgemini,0,1,1
capital,2,5,7
capitalism,1,0,1
capitals,2,0,2
capitanes,1,0,1
capitol,0,1,1
capoeira,0,1,1
capped,3,4,7
cappster,0,1,1
cappu,0,1,1
cappuccino,2,0,2
cappy,0,2,2
capres,1,0,1
capri,2,0,2
capricorn,0,1,1
caps,6,13,19
capschat,2,0,2
capsize,0,1,1
capslock,0,3,3
capsule,0,1,1
capt,1,0,1
captain,7,11,18
captchas,0,2,2
caption,0,4,4
captions,0,2,2
captivated,0,1,1
captivating,0,1,1
captive,1,0,1
capture,6,2,8
captured,2,3,5
captures,1,1,2
capturing,0,3,3
car,174,197,371
cara,2,2,4
carabana,0,1,1
caracas,0,1,1
caracterizeaza,1,0,1
caramel,2,7,9
caran,0,1,1
caravan,1,1,2
carb,2,1,3
carbon,2,1,3
carbonation,0,1,1
carbonnet,1,0,1
carbs,5,6,11
carcassonne,0,1,1
card,50,58,108
cardboard,2,6,8
cardiff,3,0,3
cardigan,0,4,4
cardinals,2,1,3
carding,0,1,1
cardio,2,0,2
cardona,1,0,1
cards,24,22,46
cardstock,1,0,1
cardy,0,1,1
care,143,183,326
carece,0,1,1
cared,3,3,6
caree,0,1,1
careeeeeee,1,0,1
career,8,22,30
careerkiller,1,0,1
careers,1,0,1
carefree,2,0,2
careful,17,24,41
carefull,0,1,1
carefully,2,1,3
carefur,1,0,1
careless,2,0,2
carelessly,0,1,1
carer,1,1,2
carers,1,0,1
cares,14,19,33
caresbear,1,0,1
caressssss,0,1,1
carey,4,2,6
carez,1,0,1
carg,0,1,1
cargo,1,0,1
cari,2,0,2
caribbean,2,2,4
caricature,0,1,1
carina,0,1,1
caring,2,13,15
carissa,0,1,1
carl,4,8,12
carla,0,5,5
carleigh,1,0,1
carless,1,1,2
carleton,0,1,1
carley,0,2,2
carlin,1,0,1
carling,0,1,1
carlisle,3,6,9
carlita,0,1,1
carlo,0,2,2
carlonia,1,0,1
carlos,4,5,9
carloving,0,1,1
carlow,0,1,1
carls,1,0,1
carlsbad,0,1,1
carlton,2,1,3
carly,2,4,6
carm,1,0,1
carmel,2,3,5
carmello,0,1,1
carmen,1,8,9
carmensita,0,1,1
carmi,0,1,1
carmines,0,1,1
carmit,0,1,1
carn,0,1,1
carnage,0,1,1
carnahan,2,0,2
carnations,1,0,1
carne,1,0,1
carnell,0,1,1
carnitas,1,0,1
carnival,4,1,5
carnivals,1,0,1
carnivore,0,2,2
carnivores,1,0,1
carnivorous,0,1,1
carnt,0,1,1
caro,1,4,5
carol,4,6,10
carolina,3,11,14
carolinas,1,0,1
caroline,4,7,11
carolle,1,0,1
carolyn,1,1,2
carosel,0,1,1
carousel,1,1,2
carousels,1,0,1
carp,1,0,1
carpal,1,0,1
carpe,1,0,1
carpenter,0,1,1
carpenters,1,1,2
carpet,9,3,12
carpeted,1,0,1
carpets,1,1,2
carpool,4,4,8
carpools,1,0,1
carpooltunnel,1,0,1
carr,1,1,2
carradine,6,1,7
carrefour,1,0,1
carriage,1,0,1
carribean,2,1,3
carrie,4,12,16
carriebear,0,1,1
carried,2,5,7
carrier,1,1,2
carries,0,2,2
carrot,5,3,8
carrots,5,3,8
carrrrie,0,1,1
carry,10,12,22
carrying,4,9,13
carryover,1,0,1
cars,16,20,36
carseat,1,0,1
carside,0,1,1
carson,4,4,8
carsten,1,0,1
cart,3,2,5
carte,0,1,1
carted,1,0,1
carter,2,2,4
carters,1,0,1
carthageland,1,0,1
cartier,0,1,1
cartii,0,1,1
cartilage,2,0,2
carton,1,0,1
cartons,1,0,1
cartoon,6,3,9
cartoonish,0,1,1
cartoonists,0,1,1
cartoonmajor,0,1,1
cartoons,5,12,17
cartridge,1,0,1
carv,0,1,1
carve,0,1,1
carver,2,0,2
cary,0,2,2
carymac,1,0,1
caryn,1,0,1
cas,1,1,2
casa,5,4,9
casablanca,1,1,2
casanova,1,1,2
casara,1,0,1
casbah,0,1,1
cascade,1,0,1
case,58,91,149
cases,6,6,12
casey,7,11,18
cash,19,26,45
cashback,2,3,5
cashflow,0,2,2
cashier,3,3,6
cashiers,0,1,1
cashmere,0,1,1
casino,2,6,8
casio,0,1,1
cask,0,1,1
casper,1,1,2
caspian,1,0,1
cass,0,1,1
cassadee,0,1,1
cassadinkle,0,1,1
cassandra,0,1,1
casserole,0,1,1
cassettes,1,0,1
cassi,0,1,1
cassia,1,0,1
cassidy,3,0,3
cassie,1,6,7
cassini,0,1,1
cast,12,15,27
castaway,0,1,1
casters,1,1,2
castiel,2,2,4
castigatorul,0,1,1
castilla,0,1,1
castillo,0,1,1
casting,4,1,5
castle,2,11,13
castles,1,1,2
castlevania,1,0,1
castro,0,1,1
casual,3,1,4
casualties,0,1,1
cat,72,92,164
catagory,1,0,1
catalog,1,2,3
catalogs,1,0,1
catalogue,0,3,3
catalyst,2,1,3
catan,0,1,1
catarina,0,1,1
catastrophe,2,0,2
catastrophic,1,0,1
catawungus,0,1,1
catbirds,0,1,1
catch,86,118,204
catcha,1,0,1
catcher,2,1,3
catches,1,2,3
catchhphrase,0,1,1
catchin,1,1,2
catching,20,26,46
catchup,0,2,2
catchy,7,5,12
catchya,1,1,2
cate,1,1,2
categories,2,0,2
categorization,1,0,1
category,3,8,11
cater,1,0,1
catered,2,0,2
caterin,0,1,1
catering,2,4,6
cateva,1,0,1
cateye,0,1,1
catfish,2,1,3
cath,0,2,2
cathal,0,1,1
cathartic,1,0,1
cathay,1,0,1
catherine,1,8,9
cathiebee,0,1,1
catholic,6,0,6
catholicism,1,0,1
cathy,1,15,16
cathyy,0,1,1
catie,1,2,3
catilin,0,1,1
cation,0,1,1
catkins,0,1,1
catlayst,0,1,1
catnap,0,1,1
cats,37,43,80
catsss,0,1,1
catsuit,0,1,1
cattery,1,0,1
cattle,0,2,2
cattt,0,1,1
caturday,0,1,1
catus,0,1,1
catwoman,0,1,1
caty,1,2,3
caudill,1,0,1
caugh,2,0,2
caught,42,67,109
cauli,1,0,1
caus,1,2,3
causa,0,1,1
causality,0,1,1
causation,0,1,1
cause,222,235,457
caused,10,10,20
causee,0,2,2
causes,6,4,10
causing,4,10,14
caution,1,1,2
cautious,0,2,2
cav,2,1,3
cavalcade,1,0,1
cavalier,0,1,1
cavaliers,0,2,2
cavashawn,1,0,1
cave,2,5,7
caved,3,4,7
caveman,0,2,2
cavemen,1,1,2
caves,1,0,1
cavey,0,1,1
caving,1,0,1
cavities,1,2,3
cavity,2,0,2
cavs,27,13,40
cay,1,2,3
cayey,1,0,1
cayla,2,0,2
caylagirl,0,1,1
cayman,0,1,1
cayogial,1,0,1
cayute,0,1,1
caz,0,1,1
cazeliah,0,1,1
cazz,0,1,1
cb,1,3,4
cba,3,6,9
cbb,2,1,3
cbbb,0,1,1
cbbc,1,0,1
cbbd,1,0,1
cbc,2,1,3
cbd,1,0,1
cbeebies,0,1,1
cbetta,1,0,1
cbf,2,1,3
cbr,1,0,1
cbs,1,3,4
cbtnuggets,0,1,1
cc,7,13,20
ccc,0,2,2
cccoollld,1,0,1
cccraaaazy,1,0,1
cckb,1,0,1
ccna,0,1,1
ccny,0,1,1
cco,1,0,1
ccri,1,0,1
ccs,1,1,2
cd,54,63,117
cda,0,1,1
cdc,1,1,2
cdjs,0,1,1
cdma,0,1,1
cdn,0,1,1
cdrom,0,1,1
cds,9,10,19
cdt,0,1,1
ce,4,1,5
ceasar,0,1,1
cease,3,1,4
ceases,2,0,2
cebu,2,4,6
ceccy,0,1,1
cece,0,3,3
ceci,2,0,2
cecilia,1,0,1
cedar,0,2,2
cedric,1,0,1
cedskis,0,1,1
cedt,1,0,1
cee,0,2,2
ceebs,0,1,1
ceej,0,1,1
ceia,0,1,1
ceiling,2,3,5
ceirysjewellery,0,1,1
celberaties,0,1,1
celc,0,1,1
celcius,0,3,3
cele,0,1,1
celeb,13,8,21
celebacy,0,1,1
celebrate,17,19,36
celebrated,6,3,9
celebrates,1,0,1
celebrating,8,14,22
celebration,12,8,20
celebrations,0,4,4
celebratory,1,1,2
celebrities,6,7,13
celebrity,15,10,25
celebritys,1,0,1
celebs,4,11,15
celebully,1,0,1
celedon,1,0,1
celeration,0,1,1
celery,0,2,2
celeste,0,1,1
celia,0,1,1
celiac,1,4,5
celiaelise,1,0,1
celibacy,0,1,1
celibate,1,0,1
celine,2,0,2
cell,37,36,73
cellcast,0,1,1
celle,0,1,1
cellgroup,1,0,1
celllllll,2,0,2
cello,3,1,4
cellone,0,1,1
cellophane,0,1,1
cellphone,6,3,9
cellphones,1,0,1
cells,3,0,3
cellular,1,0,1
cellulite,1,0,1
celly,1,1,2
celona,1,0,1
celphone,2,0,2
celsius,0,1,1
celt,0,1,1
celtic,0,1,1
celtics,1,5,6
celts,0,1,1
celulite,1,0,1
celup,0,1,1
cement,1,1,2
cemetery,1,0,1
cemilan,0,1,1
cen,0,1,1
cena,1,0,1
censored,1,0,1
censoring,1,1,2
censorship,0,1,1
census,0,1,1
cent,3,1,4
centenarian,0,1,1
center,22,20,42
centered,3,2,5
centers,1,0,1
centerville,0,1,1
centigrade,0,1,1
centos,1,1,2
central,13,12,25
centralia,0,1,1
centralmo,0,2,2
centralwoods,0,1,1
centre,7,8,15
centric,2,2,4
centro,2,2,4
centroids,0,1,1
cents,0,14,14
centuries,0,1,1
centuruyyy,1,0,1
century,9,9,18
ceo,2,1,3
cepat,0,1,1
cepatla,0,1,1
cepet,2,0,2
cepey,0,1,1
cephelapod,0,1,1
cept,6,2,8
ceramics,0,1,1
cere,0,1,1
cereal,9,12,21
ceremonies,0,1,1
ceremony,6,5,11
ceri,1,0,1
cerial,1,0,1
cerita,0,1,1
cerrito,1,0,1
cerritos,1,1,2
cert,3,1,4
certain,16,32,48
certainly,22,47,69
certainty,0,1,1
certapay,1,0,1
certifiable,0,2,2
certifiably,2,0,2
certificate,2,5,7
certification,1,0,1
certified,4,3,7
cervical,1,1,2
cervix,0,1,1
cesar,0,2,2
cesare,0,1,1
cess,0,2,2
cessna,1,2,3
cest,0,1,1
cet,1,0,1
cetaphil,0,1,1
ceuceuu,0,1,1
ceva,1,1,2
cexcellsaudio,1,0,1
cezza,0,1,1
cf,1,3,4
cfa,2,0,2
cfl,1,0,1
cflca,0,1,1
cfm,0,1,1
cfp,0,1,1
cfstudio,1,0,1
cft,0,1,1
cfunited,1,0,1
cg,1,1,2
cgc,1,0,1
cge,1,0,1
cgft,3,2,5
cgi,0,3,3
cgn,0,1,1
cgo,1,0,1
cgsrs,0,1,1
cgtuts,0,1,1
ch,30,35,65
cha,10,18,28
chaa,1,0,1
chaat,0,1,1
chabge,0,1,1
chabibi,0,1,1
chace,2,2,4
chach,0,1,1
chacha,0,1,1
chachi,0,1,1
chad,2,12,14
chaddy,0,1,1
chadvader,1,0,1
chae,1,0,1
chaela,0,1,1
chagall,1,0,1
chahiye,1,0,1
chai,5,5,10
chain,6,7,13
chained,1,1,2
chainmail,1,0,1
chainnigh,0,1,1
chains,2,1,3
chainsaw,1,0,1
chair,15,12,27
chairlift,0,1,1
chairman,1,0,1
chairmanship,0,1,1
chairs,1,3,4
chaise,2,0,2
chak,0,1,1
chaka,2,1,3
chakadoll,0,1,1
chakai,0,1,1
chakra,1,0,1
chal,2,2,4
chalean,1,0,1
chalega,0,1,1
chalet,1,0,1
chalk,1,4,5
chalkpit,0,1,1
chall,1,0,1
challange,0,1,1
challanged,0,1,1
challenge,21,26,47
challenged,0,4,4
challenges,2,8,10
challenging,1,1,2
cham,1,0,1
chamber,1,2,3
chameleon,1,0,1
chameleons,0,1,1
chaminade,1,0,1
chamomile,0,1,1
champ,1,2,3
champagne,5,7,12
champaign,0,1,1
champange,1,1,2
champers,0,3,3
champion,3,1,4
championing,0,1,1
champions,8,5,13
championship,9,2,11
championships,3,0,3
champlain,1,0,1
champs,2,0,2
champssss,1,0,1
chan,4,9,13
chanc,2,0,2
chance,92,142,234
chances,11,10,21
chandler,0,3,3
chanel,0,6,6
chaney,1,0,1
chang,1,4,5
changdice,0,1,1
changdive,0,1,1
change,150,137,287
changeable,0,1,1
changed,40,51,91
changeee,0,1,1
changehate,0,1,1
changeling,1,0,1
changeover,1,0,1
changer,0,1,1
changes,22,23,45
changey,0,1,1
changin,2,2,4
changing,13,24,37
changs,3,1,4
chani,0,1,1
channel,24,33,57
channeled,1,0,1
channeling,0,1,1
channellive,1,0,1
channels,7,12,19
channy,0,1,1
chant,0,2,2
chanta,0,1,1
chantal,0,1,1
chantelle,0,3,3
chantelllll,0,1,1
chantent,1,0,1
chanter,0,1,1
chanting,0,1,1
chanybabi,0,1,1
chaos,2,6,8
chaotic,1,2,3
chap,2,6,8
chapel,1,1,2
chapelle,1,0,1
chaperoning,1,0,1
chapin,1,0,1
chapoutier,0,1,1
chappele,1,0,1
chappelle,1,0,1
chappie,1,0,1
chappy,1,0,1
chapstick,0,2,2
chapte,1,0,1
chapter,11,10,21
chapters,5,3,8
chaptertextbookever,1,0,1
char,3,15,18
chara,1,0,1
character,24,28,52
characteristics,0,1,1
characters,21,22,43
charactres,1,0,1
charade,1,0,1
charcoal,0,3,3
charda,0,1,1
chardonnay,0,1,1
chardy,1,0,1
charge,19,25,44
charged,9,7,16
charger,9,11,20
chargerr,0,1,1
chargers,0,1,1
charges,4,3,7
chargin,1,0,1
charging,7,12,19
charice,2,6,8
charini,0,1,1
charisma,1,0,1
charismatic,2,0,2
charitable,1,0,1
charities,1,0,1
charity,6,12,18
charitytuesday,8,1,9
charlee,0,1,1
charlene,4,1,5
charles,7,13,20
charlesie,0,1,1
charlevoix,0,1,1
charley,0,2,2
charleys,1,0,1
charli,0,2,2
charlie,13,21,34
charliecuntskies,6,0,6
charliee,1,0,1
charlieover,1,0,1
charlobo,1,0,1
charloteemily,0,1,1
charlotte,7,4,11
charlottenthon,0,1,1
charlsey,0,1,1
charlton,0,1,1
charm,2,7,9
charma,0,1,1
charmaine,1,1,2
charmed,8,8,16
charming,4,3,7
charms,0,2,2
charo,0,1,1
charred,1,0,1
charrise,0,1,1
chars,0,5,5
chart,3,3,6
charts,2,2,4
chase,3,10,13
chased,1,6,7
chaser,4,0,4
chasers,1,1,2
chases,0,1,1
chaseton,1,0,1
chashm,1,0,1
chasids,1,0,1
chasin,0,1,1
chasing,6,6,12
chasm,0,1,1
chason,0,1,1
chastened,0,1,1
chastise,0,1,1
chastised,0,1,1
chastisement,1,0,1
chat,67,112,179
chata,1,0,1
chatbox,0,1,1
chateau,1,1,2
chateauvallon,1,0,1
chatice,1,0,1
chato,0,2,2
chatran,0,2,2
chatroom,3,0,3
chatrooms,1,0,1
chats,3,7,10
chatsworth,1,0,1
chatted,4,1,5
chatter,0,1,1
chattering,0,1,1
chatting,13,20,33
chatty,9,3,12
chattyloves,0,1,1
chattyman,1,0,1
chatzy,0,2,2
chau,1,0,1
chaucer,0,1,1
chaulk,1,0,1
chaux,0,1,1
chavez,1,0,1
chavtastic,0,1,1
chays,0,1,1
chaz,0,7,7
chaza,0,1,1
chbosky,1,0,1
chch,0,1,1
chdstaffretreat,1,0,1
che,4,5,9
cheahwen,0,1,1
chealea,1,0,1
cheap,27,48,75
cheaper,14,13,27
cheapest,4,1,5
cheaply,0,1,1
cheapskate,1,0,1
cheapspeakers,1,0,1
cheapy,0,1,1
chears,1,0,1
cheasy,0,1,1
cheat,2,9,11
cheated,4,6,10
cheater,0,1,1
cheaters,1,0,1
cheatin,0,2,2
cheating,8,9,17
cheatmateeee,0,1,1
cheats,1,1,2
cheba,0,1,1
check,217,347,564
checkbook,0,1,1
checkbox,1,0,1
checked,29,65,94
checkers,1,0,1
checkig,1,0,1
checkin,4,7,11
checking,34,46,80
checkk,1,0,1
checklist,0,2,2
checkn,1,0,1
checkout,3,1,4
checks,3,4,7
checkup,0,2,2
checl,0,1,1
cheddar,2,1,3
chedsy,1,0,1
cheeburger,0,1,1
cheechee,1,0,1
cheeder,0,1,1
cheeezul,0,1,1
cheek,7,5,12
cheekage,0,1,1
cheeks,2,5,7
cheeky,5,8,13
cheemaro,0,1,1
cheep,2,1,3
cheer,34,41,75
cheerd,0,1,1
cheered,4,5,9
cheerful,2,3,5
cheerfully,0,1,1
cheering,8,8,16
cheerio,2,0,2
cheerios,1,2,3
cheerleader,1,5,6
cheerleaders,0,1,1
cheerleading,1,1,2
cheers,40,75,115
cheery,0,4,4
cheerz,1,0,1
cheese,45,58,103
cheeseburger,1,3,4
cheeseburgers,3,1,4
cheeseburglar,1,0,1
cheeseburst,1,0,1
cheesecake,4,11,15
cheesecakes,0,1,1
cheesed,1,0,1
cheeses,1,1,2
cheesesteak,1,0,1
cheesey,0,1,1
cheeseyone,1,0,1
cheesin,1,0,1
cheesseeeeecake,1,0,1
cheesy,4,6,10
cheetah,1,2,3
cheetahs,1,0,1
cheeto,1,0,1
cheetos,2,1,3
cheez,2,0,2
cheeze,1,1,2
cheezels,1,1,2
cheezits,1,1,2
cheezy,0,1,1
chef,5,17,22
cheffing,1,0,1
chefs,1,0,1
cheggars,0,2,2
cheggers,1,0,1
cheif,1,0,1
chek,0,1,1
cheka,0,1,1
chekvala,0,1,1
chela,0,1,1
chele,0,1,1
chelioooooo,0,1,1
chelle,2,2,4
chellooooo,0,1,1
chells,0,1,1
chelo,1,0,1
chels,0,4,4
chelsea,14,21,35
chelseaa,0,1,1
chelseataan,1,0,1
chelsey,0,2,2
chelseyyyyyy,0,1,1
chelster,0,1,1
chelt,0,1,1
cheltenham,1,0,1
chelz,0,1,1
chem,7,11,18
chema,0,1,1
chemical,0,2,2
chemicals,1,2,3
chemist,0,1,1
chemistry,8,10,18
chemisty,1,0,1
chems,0,1,1
chen,1,1,2
cheney,3,1,4
chengdu,1,0,1
chennai,1,3,4
chenney,0,1,1
cheque,3,3,6
chequered,1,0,1
cheques,0,1,1
cher,1,7,8
chercies,2,0,2
cherie,0,1,1
cherise,0,1,1
cherish,2,5,7
cherished,0,1,1
chernobyl,1,2,3
cherokee,2,1,3
cherrie,0,1,1
cherries,1,1,2
cherry,9,16,25
chery,0,1,1
cherye,2,0,2
cheryl,2,6,8
chesapeake,1,0,1
chesca,0,1,1
cheshire,0,1,1
cheskalabbyu,1,0,1
chesney,1,0,1
chess,2,4,6
chest,17,15,32
chesta,1,0,1
chester,4,7,11
chesterday,23,1,24
chesterquest,0,1,1
chesty,0,1,1
chet,0,6,6
chettah,0,1,1
chevron,0,1,1
chevy,1,2,3
chew,0,4,4
chewbacc,1,0,1
chewbacca,1,1,2
chewed,0,1,1
chewie,0,2,2
chewiness,1,0,1
chewing,3,1,4
chewy,2,0,2
chex,0,3,3
cheyaaa,0,1,1
chez,0,2,2
chezzy,0,1,1
chgo,1,0,1
chha,0,1,1
chhoota,1,0,1
chi,6,18,24
chia,0,1,1
chiaki,1,0,1
chibi,1,0,1
chic,2,6,8
chica,7,12,19
chicago,30,48,78
chicagos,1,0,1
chicas,1,0,1
chicharon,1,0,1
chichester,0,1,1
chick,23,26,49
chicka,0,1,1
chickadee,0,1,1
chickan,0,1,1
chicken,50,61,111
chickenpie,0,1,1
chickens,2,6,8
chickenvillage,1,0,1
chickie,3,4,7
chicklet,1,0,1
chickpea,0,1,1
chicks,13,10,23
chicky,0,2,2
chico,3,4,7
chics,0,2,2
chie,0,1,1
chief,4,3,7
chiefredbeard,1,0,1
chiefs,1,0,1
chiewchiew,0,1,1
chiffon,1,0,1
chigo,1,0,1
chigs,0,1,1
chihuahua,2,3,5
chii,0,1,1
chiiiinese,0,1,1
chik,0,2,2
chika,0,1,1
chiki,0,1,1
chikkin,0,1,1
chil,0,1,1
child,29,28,57
childbirth,1,0,1
childcare,1,0,1
childhood,9,8,17
childish,0,2,2
children,34,30,64
childrens,2,1,3
chile,11,5,16
chileeeeeeeeeee,0,1,1
chili,5,8,13
chill,26,47,73
chillax,1,4,5
chillaxe,1,0,1
chillaxed,1,1,2
chillaxin,1,0,1
chilled,7,5,12
chillen,5,4,9
chiller,0,2,2
chilli,4,0,4
chillicothe,0,1,1
chillin,21,31,52
chilling,9,14,23
chillins,1,0,1
chillis,2,0,2
chilln,0,1,1
chillness,1,0,1
chillout,1,2,3
chills,3,4,7
chilluns,0,1,1
chilly,3,8,11
chils,0,1,1
chim,1,1,2
chimed,1,0,1
chimin,0,1,1
chin,9,9,18
china,11,21,32
chinahouse,1,0,1
chinais,1,0,1
chinatown,1,1,2
chinchilla,1,0,1
chinelo,1,0,1
chinese,26,30,56
chinga,1,0,1
chinggy,0,1,1
chinie,0,1,1
chinkeese,0,1,1
chinned,1,0,1
chino,1,2,3
chinook,0,1,1
chinooks,0,1,1
chinta,1,0,1
chio,0,1,1
chiodos,2,1,3
chiong,0,1,1
chip,8,27,35
chipmunk,2,1,3
chipotle,5,5,10
chipped,1,1,2
chippen,0,1,1
chippendales,1,0,1
chipper,1,1,2
chippy,2,0,2
chippys,0,1,1
chips,15,21,36
chipsets,0,1,1
chiq,1,0,1
chiqui,1,0,1
chiro,0,2,2
chiron,0,1,1
chiropractor,0,2,2
chirping,1,2,3
chirpy,0,2,2
chirring,1,0,1
chirs,0,1,1
chirst,2,0,2
chis,0,1,1
chismosa,1,0,1
chiste,0,1,1
chiswick,0,1,1
chit,4,2,6
chita,0,1,1
chitown,1,1,2
chiuahah,0,1,1
chivers,1,0,1
chix,1,1,2
chk,4,6,10
chkn,0,1,1
chloe,0,8,8
chloees,1,0,1
chlorine,0,1,1
chmod,0,1,1
chnaged,0,1,1
chnce,1,0,1
cho,5,4,9
choc,6,6,12
choccie,2,0,2
chocco,0,1,1
choco,5,4,9
chocolate,87,106,193
chocolates,3,6,9
chocolatey,1,1,2
chocolatte,1,0,1
chocos,0,1,1
choctop,0,1,1
choice,42,68,110
choices,6,7,13
choir,1,3,4
choke,2,7,9
choked,2,2,4
choker,1,0,1
cholaa,1,0,1
cholera,0,1,1
cholesterol,1,0,1
cholos,0,1,1
chomel,1,0,1
chomp,1,2,3
chomping,1,1,2
chomps,0,1,1
choo,1,1,2
chooken,1,0,1
choose,35,33,68
chooses,2,0,2
choosing,2,5,7
chootaa,1,0,1
chop,3,0,3
chopin,1,0,1
chopped,6,2,8
choppers,1,0,1
choppin,1,0,1
chopping,1,1,2
choppy,3,1,4
chopra,1,0,1
chops,3,4,7
chopsticks,0,1,1
choral,0,1,1
chorar,2,0,2
chord,2,3,5
chords,1,1,2
chore,0,1,1
choreograph,1,1,2
choreographer,0,1,1
choreography,1,4,5
chores,1,8,9
chorizo,0,1,1
chorlton,0,1,1
chorus,1,3,4
chos,1,0,1
chose,6,14,20
chosed,1,0,1
choseit,0,1,1
chosen,4,2,6
chosers,0,1,1
chou,1,0,1
choucroute,1,0,1
chow,0,3,3
chowder,0,1,1
chowmein,1,0,1
chows,0,1,1
chp,2,0,2
chq,1,0,1
chrashed,1,0,1
chriistiinee,1,0,1
chris,49,111,160
chrisbrown,0,1,1
chriscorrigan,1,0,1
chrislynn,1,0,1
chriso,0,1,1
chrissi,0,1,1
chrissie,1,1,2
chrissy,0,6,6
christ,8,7,15
christa,0,1,1
christchurch,0,1,1
christel,1,1,2
christening,1,2,3
christi,0,1,1
christian,11,7,18
christiana,1,0,1
christiancuero,1,0,1
christiania,2,0,2
christians,1,2,3
christina,8,5,13
christine,2,9,11
christines,0,1,1
christmas,13,24,37
christmases,1,0,1
christofer,1,0,1
christophe,0,1,1
christopher,5,4,9
christy,4,2,6
christyland,0,1,1
christysims,1,0,1
chromaroma,1,0,1
chrome,7,13,20
chronic,1,3,4
chronicles,3,1,4
chrono,1,0,1
chronological,1,0,1
chrys,0,1,1
chrysler,0,2,2
chryslers,0,1,1
chu,5,6,11
chubba,0,1,1
chubbchubbs,0,1,1
chubbs,1,1,2
chubbx,0,1,1
chubby,2,2,4
chubsunite,1,0,1
chuck,33,24,57
chucken,0,1,1
chuckeu,3,0,3
chucking,3,1,4
chuckle,8,3,11
chuckles,1,3,4
chuckling,2,0,2
chuckmemonday,1,0,1
chuckmemondays,18,2,20
chuckreally,1,0,1
chucks,1,1,2
chucktv,0,1,1
chucky,1,1,2
chuf,1,0,1
chuffed,1,6,7
chug,0,1,1
chugged,2,0,2
chul,1,0,1
chula,0,1,1
chum,1,1,2
chump,1,1,2
chums,3,0,3
chunderella,1,0,1
chune,0,1,1
chung,2,1,3
chunhee,1,0,1
chunk,4,1,5
chunky,3,4,7
chur,0,1,1
church,45,50,95
churches,1,1,2
churchgirl,1,0,1
churchies,0,1,1
churrcchh,1,0,1
chutney,0,1,1
chutti,0,1,1
chuuch,1,0,1
chuuu,0,1,1
chuuunes,0,1,1
chuy,1,2,3
chv,0,1,1
chyby,1,0,1
chyeah,0,1,1
chyeahhhh,0,1,1
chyllinn,1,0,1
chz,1,0,1
ci,3,3,6
cia,0,1,1
cian,0,1,1
ciao,3,5,8
ciara,4,3,7
ciaraaaa,1,0,1
ciarlo,0,1,1
cibernetica,1,0,1
cibu,0,1,1
cichaaaaaaa,0,1,1
cici,3,3,6
cicis,1,0,1
cics,0,1,1
cider,3,7,10
ciee,0,1,1
cierto,1,0,1
cifra,1,0,1
cig,0,1,1
cigar,0,1,1
cigarette,4,2,6
cigarettes,4,4,8
cigars,2,1,3
ciggarette,0,1,1
ciggies,0,1,1
ciggs,1,0,1
cigs,1,1,2
ciijay,0,2,2
cik,0,1,1
cil,0,2,2
cilicia,1,0,1
cilips,1,0,1
cill,0,1,1
cillit,0,1,1
cilly,0,1,1
cimaja,1,0,1
cin,1,1,2
cinabon,1,0,1
cinci,1,0,1
cincinnati,2,0,2
cinco,1,1,2
cincy,3,7,10
cindalalala,1,0,1
cinderella,4,2,6
cinderelliiee,1,0,1
cinderfella,0,1,1
cindi,0,1,1
cindy,1,16,17
cine,1,0,1
cinema,13,21,34
cinemas,4,2,6
cinemassacre,0,1,1
cinemax,0,1,1
cinemon,0,1,1
cineskeip,0,1,1
cinespace,0,1,1
cinima,0,1,1
cinna,0,1,1
cinnamelts,1,0,1
cinnamon,5,2,7
cinny,0,1,1
cinsay,0,1,1
cint,0,1,1
cinthia,0,1,1
cio,1,0,1
cipri,0,1,1
cipro,0,1,1
circ,1,2,3
circa,0,2,2
circle,8,11,19
circles,7,5,12
circlevoid,1,0,1
circling,0,1,1
circo,1,0,1
circuit,1,0,1
circuits,0,2,2
circulate,1,0,1
circulatin,1,0,1
circulation,0,3,3
circumcised,1,0,1
circumcision,0,1,1
circumstance,0,1,1
circumstances,5,8,13
circus,3,7,10
circusoz,0,1,1
circustances,1,0,1
cireselor,0,1,1
ciri,2,0,2
ciro,0,1,1
ciroc,1,2,3
ciroq,1,0,1
cis,0,1,1
cisa,0,2,2
cisco,2,1,3
cism,0,1,1
cit,2,1,3
cita,2,0,2
citaaay,1,0,1
citabria,0,1,1
citation,0,1,1
cite,0,1,1
citi,1,1,2
cities,4,4,8
citiies,0,1,1
citing,1,1,2
citipointe,0,1,1
citiz,0,1,1
citizen,4,3,7
citizens,3,3,6
citizenship,0,1,1
citrine,0,1,1
citrus,2,2,4
city,77,99,176
citycast,1,0,1
cityrail,1,0,1
citysearchbelle,0,1,1
citywalk,0,1,1
citywide,0,1,1
civ,1,0,1
civic,0,2,2
civics,1,0,1
civicsummit,1,0,1
civil,2,2,4
civilian,0,1,1
civilization,0,1,1
civilsation,1,0,1
civpro,0,1,1
cj,5,6,11
cjbaran,6,0,6
ck,8,7,15
ckall,1,0,1
ckckck,0,1,1
cked,1,1,2
ckin,2,0,2
cking,1,0,1
ckopo,0,1,1
ckrg,0,1,1
cks,0,1,1
ckw,0,1,1
cl,1,1,2
cla,1,2,3
claa,0,1,1
clackers,1,0,1
clad,0,1,1
claim,5,10,15
claimed,1,2,3
claiming,2,0,2
claims,4,3,7
clair,0,1,1
claire,2,19,21
clairey,0,1,1
clam,0,1,1
claments,0,1,1
clamps,0,1,1
clams,1,0,1
clamshell,0,1,1
clan,0,1,1
clancy,0,1,1
clannad,1,0,1
clap,1,8,9
clapham,1,1,2
claphamph,1,0,1
clapping,3,2,5
clappity,0,1,1
claps,0,3,3
clara,1,2,3
claraa,0,1,1
clare,1,6,7
claree,1,0,1
claremont,1,0,1
clarence,1,0,1
clarieey,0,1,1
clarification,0,3,3
clarified,0,1,1
clarify,3,3,6
clarifying,0,2,2
clarinet,1,0,1
clarissy,0,1,1
clarita,1,0,1
claritin,0,1,1
clarity,1,2,3
clark,2,1,3
clarke,0,1,1
clarkson,5,1,6
clarky,1,0,1
clash,2,2,4
clashed,0,1,1
clashes,1,0,1
clashing,1,0,1
clasically,1,0,1
class,109,110,219
classe,0,1,1
classes,33,40,73
classic,23,25,48
classical,4,4,8
classics,1,2,3
classification,1,0,1
classified,1,1,2
classifying,0,1,1
classmate,4,2,6
classmates,2,8,10
classroom,0,2,2
classs,0,1,1
classses,0,1,1
classwork,1,0,1
classy,4,4,8
classyyyyyyyyyyyy,0,1,1
clatita,1,0,1
claud,1,0,1
claude,1,7,8
claudette,1,0,1
claudia,1,2,3
claudy,0,1,1
claus,0,1,1
claustrophobia,0,1,1
claustrophobic,0,2,2
claw,2,0,2
claws,1,1,2
clay,3,6,9
claymation,0,1,1
claymores,1,0,1
clayton,2,2,4
cld,2,5,7
cldnt,0,1,1
cle,1,1,2
cleaing,0,1,1
clean,51,77,128
cleaned,12,3,15
cleaner,5,3,8
cleaners,0,2,2
cleanin,1,2,3
cleaning,34,21,55
cleanliness,1,1,2
cleans,0,2,2
cleanse,0,2,2
cleansed,1,0,1
cleanup,1,2,3
clear,37,34,71
clearance,1,2,3
clearanced,0,1,1
cleared,4,8,12
clearfix,1,0,1
clearin,1,0,1
clearing,6,3,9
clearly,26,21,47
clears,2,5,7
cleartrip,1,0,1
clearways,1,0,1
clearwire,0,1,1
cleavage,0,1,1
cleave,0,1,1
cleaver,0,1,1
clebs,1,0,1
cleche,1,0,1
clef,1,2,3
clefhangers,0,1,1
clem,0,1,1
clemantis,1,0,1
clemens,1,0,1
clemente,1,0,1
clements,0,1,1
clemmensen,1,0,1
clemson,1,0,1
clenching,0,2,2
cleo,0,1,1
clergy,1,0,1
clerk,0,1,1
clerks,2,1,3
clermont,1,0,1
cleveland,7,4,11
clever,18,18,36
cleverly,0,1,1
clevland,1,0,1
clevlando,0,1,1
clf,0,1,1
clg,1,0,1
cli,1,0,1
cliare,1,0,1
clich,1,0,1
cliche,1,4,5
click,41,52,93
clickable,2,0,2
clickbank,1,0,1
clicked,5,10,15
clicker,1,1,2
clicking,6,4,10
clicks,0,4,4
clicky,0,2,2
clickz,1,0,1
client,18,24,42
clients,14,9,23
clientside,1,0,1
clif,0,1,1
cliff,3,1,4
cliffhanger,2,3,5
cliffhangers,0,1,1
clifford,1,0,1
cliffs,0,2,2
cliiiiiiiiiiiiif,0,1,1
climactic,0,1,1
climate,2,5,7
climax,3,0,3
climaxing,1,0,1
climb,12,6,18
climbing,3,3,6
climbs,0,1,1
clinches,0,1,1
cline,0,1,1
cling,0,1,1
clinging,1,0,1
clings,1,2,3
clingy,2,0,2
clinic,7,0,7
clinical,1,1,2
clinics,1,1,2
clink,2,0,2
clint,1,2,3
clinton,2,2,4
clip,12,19,31
clipart,0,1,1
clipboard,0,1,1
clipe,1,0,1
clipper,0,1,1
clippers,2,1,3
clipperz,0,1,1
clippings,1,0,1
clips,4,7,11
clipse,0,1,1
cliqueoftwitter,1,1,2
cliquey,0,1,1
clit,0,1,1
clive,1,0,1
clkub,1,0,1
clld,1,0,1
clo,1,1,2
cloak,0,1,1
clobber,1,0,1
clobbered,0,2,2
clock,30,19,49
clocked,0,1,1
clocking,1,0,1
clocks,0,1,1
clockwise,0,1,1
clockwork,1,3,4
clodagh,0,1,1
clog,1,0,1
cloggie,1,0,1
cloggin,1,0,1
clogs,1,0,1
clone,1,6,7
clones,1,0,1
clooney,1,0,1
clooooo,0,1,1
clooose,0,1,1
clop,1,0,1
clopin,1,0,1
clopping,1,0,1
cloris,0,1,1
clorox,1,0,1
close,99,128,227
closed,50,56,106
closedhanded,0,1,1
closely,1,4,5
closer,27,35,62
closes,8,3,11
closest,6,11,17
closet,5,9,14
closets,1,1,2
closeup,2,1,3
closing,5,6,11
closure,4,5,9
clotes,1,0,1
cloth,1,2,3
clothdiapering,0,1,1
clothdiapers,7,5,12
clothes,40,40,80
clothess,1,0,1
clothing,5,4,9
cloths,0,2,2
clotted,0,1,1
cloud,6,14,20
clouded,1,0,1
cloudforce,4,0,4
cloudiiiieee,1,0,1
clouding,1,1,2
cloudland,0,1,1
clouds,14,17,31
cloudy,14,16,30
clove,0,1,1
clover,0,1,1
clovis,0,1,1
clown,3,8,11
clownfish,1,0,1
clowning,0,1,1
clowns,3,5,8
clr,0,1,1
cls,1,0,1
clsrms,1,0,1
club,65,78,143
clubbin,0,1,1
clubbing,4,3,7
clubhose,0,1,1
clubhouse,4,0,4
clubing,1,0,1
clubman,1,0,1
clubs,2,10,12
cluckingblossom,1,0,1
clude,1,0,1
clue,13,28,41
clued,0,2,2
clueless,3,3,6
clues,3,4,7
cluetrain,1,0,1
cluj,1,0,1
clumsy,5,7,12
clunkers,0,1,1
cluster,2,0,2
clusterf,0,1,1
clusterfark,1,0,1
clusterfuck,1,0,1
clusters,0,1,1
clutch,2,1,3
clutches,0,2,2
clutching,0,1,1
clutter,2,1,3
cluttered,0,3,3
clutz,0,1,1
clutzy,0,1,1
clx,1,0,1
clyde,0,1,1
clydee,0,1,1
cm,4,8,12
cma,0,3,3
cmb,0,1,1
cmc,0,1,1
cmd,5,2,7
cme,1,2,3
cmen,0,1,1
cmf,1,0,1
cmg,1,0,1
cmm,0,1,1
cmmnts,1,0,1
cmn,2,1,3
cmnted,1,0,1
cmo,0,1,1
cmon,1,4,5
cms,0,1,1
cmsummit,0,1,1
cmt,1,3,4
cn,8,4,12
cna,0,2,2
cnat,0,1,1
cnbc,1,0,1
cnbi,0,1,1
cnc,0,3,3
cncl,1,0,1
cnet,0,2,2
cnn,8,7,15
cnnfail,1,0,1
cnp,1,0,1
cns,0,1,1
cnt,13,8,21
cntd,1,0,1
cntrymomma,1,0,1
cntt,2,0,2
co,24,26,50
coach,7,10,17
coached,0,1,1
coachella,2,1,3
coaches,1,4,5
coaching,5,5,10
coaja,1,0,1
coal,1,0,1
coalface,0,1,1
coals,0,1,1
coarse,0,1,1
coast,22,27,49
coastal,1,2,3
coasteering,1,0,1
coaster,3,0,3
coasters,0,5,5
coasting,1,0,1
coasts,1,0,1
coat,6,6,12
coatbridge,0,1,1
coated,0,2,2
coating,1,1,2
coats,0,1,1
cob,1,0,1
coba,0,2,2
cobain,1,0,1
cobber,0,1,1
cobbler,0,1,1
cobert,1,0,1
coberta,0,1,1
cobie,0,1,1
cobler,0,1,1
cobra,3,4,7
cobris,1,0,1
cobwebs,1,1,2
coby,0,1,1
coca,2,1,3
cocacola,2,0,2
cocaine,2,1,3
coccoon,0,1,1
coche,0,1,1
cochina,0,1,1
cochino,0,1,1
cochrane,1,0,1
cock,5,8,13
cockblock,1,0,1
cockblocked,1,0,1
cockburn,0,1,1
cocker,0,2,2
cockle,0,1,1
cocknbull,0,1,1
cockpit,1,1,2
cockroach,2,0,2
cocks,0,1,1
cocksucker,1,0,1
cocktail,1,7,8
cocktailing,0,1,1
cocktails,4,2,6
cocky,1,3,4
coco,5,9,14
cocoa,3,3,6
cocogod,0,1,1
cocoliciousness,0,1,1
coconut,3,4,7
cod,7,7,14
coda,1,0,1
code,35,41,76
codebase,0,2,2
codec,1,0,1
coded,0,2,2
codeglue,1,0,1
codemasters,0,1,1
codename,1,0,1
codenamed,1,0,1
codes,8,9,17
codger,1,0,1
codi,0,1,1
codine,1,0,1
coding,5,4,9
cody,4,5,9
codyross,1,0,1
coefficient,0,1,1
coefficients,1,0,1
coelho,1,1,2
coem,1,1,2
cofee,1,0,1
coffe,0,2,2
coffee,123,194,317
coffeeclub,0,3,3
coffeehouse,1,0,1
coffeemachine,1,0,1
coffeepot,1,0,1
coffees,0,2,2
coffeeshop,1,0,1
cofffyy,1,0,1
coffin,2,0,2
coffins,1,0,1
cog,1,0,1
cogently,1,0,1
cogic,0,1,1
cogs,1,1,2
cohan,1,0,1
cohen,1,3,4
coherence,1,0,1
cohn,1,0,1
cohosting,0,1,1
coices,0,1,1
coin,3,2,5
coincidence,6,9,15
coincident,0,1,1
coincidental,2,0,2
coincidentally,2,2,4
coincidently,1,0,1
coined,1,2,3
coins,3,2,5
coisky,0,1,1
coitado,0,1,1
cojones,0,1,1
coke,13,15,28
cokehead,1,0,1
cokenilla,0,1,1
cokeontinent,0,1,1
coko,0,1,1
cokolat,0,1,1
coktup,0,1,1
col,2,2,4
cola,5,2,7
colab,1,0,1
colaborate,1,0,1
colada,1,1,2
colbert,2,2,4
colbie,1,2,3
colbran,0,1,1
colby,1,3,4
colchester,1,1,2
cold,145,152,297
colda,0,1,1
coldboot,0,1,1
colder,4,6,10
coldest,0,1,1
coldflame,1,0,1
coldfusion,0,1,1
coldoil,0,1,1
coldplay,10,5,15
colds,1,3,4
coldwell,1,0,1
cole,3,6,9
coleee,0,1,1
coles,0,2,2
colesaw,1,0,1
coleslaw,1,0,1
colette,1,1,2
colg,0,1,1
colgne,1,0,1
coli,1,0,1
colie,1,0,1
colij,1,0,1
colin,6,11,17
coliseum,0,2,2
coll,2,0,2
colla,1,0,1
collab,0,2,2
collaborate,1,0,1
collaboration,4,4,8
collabs,1,1,2
collage,0,3,3
collager,0,1,1
collages,0,1,1
collapse,5,2,7
collapsed,0,1,1
collapsing,0,1,1
collar,0,1,1
collate,0,1,1
collated,1,0,1
colleague,4,1,5
colleagues,2,3,5
collect,3,9,12
collectable,1,0,1
collected,3,1,4
collectible,0,1,1
collectibles,3,1,4
collecting,4,4,8
collection,9,22,31
collections,0,3,3
collective,1,3,4
collector,3,0,3
collectors,0,2,2
collects,0,1,1
collectsoulliveonfriday,0,1,1
colledge,0,1,1
colleen,0,2,2
college,48,56,104
colleges,3,0,3
colletti,0,1,1
collide,1,0,1
collided,1,0,1
collie,0,2,2
colliers,0,1,1
collies,0,1,1
collin,1,1,2
collingwood,1,0,1
collins,1,3,4
collision,1,0,1
collumn,0,1,1
colm,0,1,1
cologne,8,5,13
colombia,3,0,3
colombian,1,0,1
colon,1,1,2
colonial,0,1,1
colonized,1,0,1
colonopenbracket,1,0,1
colony,0,3,3
color,38,47,85
colorado,4,13,17
coloradoooo,1,0,1
colorblind,0,1,1
colored,1,5,6
colorful,4,2,6
coloring,0,6,6
colorist,1,0,1
colorless,1,0,1
colors,11,18,29
colossal,1,0,1
colossus,1,1,2
colostomy,1,0,1
colour,10,25,35
coloured,1,0,1
colourful,0,2,2
colourin,1,0,1
colouring,1,0,1
colourlando,1,0,1
colours,8,6,14
colourway,0,1,1
colse,0,1,1
colt,0,1,1
colth,0,1,1
colton,0,1,1
coltrane,0,1,1
colts,2,0,2
columbia,2,3,5
columbo,0,1,1
columbus,6,8,14
column,4,4,8
columns,3,1,4
com,105,138,243
coma,4,0,4
comapny,0,1,1
comb,2,0,2
combat,1,2,3
combicbook,0,1,1
combination,11,12,23
combinations,0,1,1
combine,3,6,9
combined,2,4,6
combines,1,0,1
combining,1,1,2
combo,10,13,23
combonations,1,0,1
combos,0,3,3
comcast,3,5,8
comdey,1,0,1
come,729,970,1699
comebaaaaack,0,1,1
comeback,6,7,13
comedian,5,2,7
comedians,2,1,3
comedic,2,0,2
comedies,1,1,2
comedy,13,14,27
comee,1,1,2
comeee,1,0,1
comeeee,1,1,2
coment,1,1,2
comentary,1,0,1
comeover,2,0,2
comer,0,1,1
comes,97,126,223
comet,3,5,8
comets,0,1,1
comfort,13,16,29
comfortable,8,6,14
comfortably,0,1,1
comforter,1,1,2
comforters,1,0,1
comforting,1,6,7
comfy,9,9,18
comgrats,0,1,1
comi,1,0,1
comic,13,20,33
comical,1,4,5
comically,1,0,1
comiccon,0,1,1
comicon,1,0,1
comics,8,4,12
comida,2,0,2
comigo,1,0,1
comin,11,25,36
coming,267,365,632
comingrightup,1,0,1
comitted,1,0,1
comix,1,0,1
comm,3,3,6
comma,1,2,3
command,3,2,5
commander,1,1,2
commandline,0,2,2
commandments,0,1,1
commando,0,1,1
commands,1,2,3
commas,1,1,2
commeeeee,0,1,1
commemorate,0,1,1
commen,1,0,1
commence,1,2,3
commenced,1,0,1
commencement,1,1,2
commences,1,0,1
commencing,1,1,2
comment,66,95,161
commentary,4,9,13
commentate,0,1,1
commentating,1,0,1
commentator,1,1,2
commented,5,6,11
commenters,2,0,2
commenting,1,6,7
commentry,0,1,1
comments,37,45,82
commerce,0,1,1
commercial,12,14,26
commercials,6,4,10
commerical,2,0,2
commericals,0,1,1
commie,1,0,1
commies,1,0,1
commin,2,0,2
comming,8,4,12
commiserating,1,1,2
commisons,0,1,1
commissary,1,1,2
commission,1,2,3
commissioned,1,2,3
commissioners,1,0,1
commissioning,1,0,1
commit,0,8,8
commitment,5,2,7
commitments,1,2,3
committed,0,3,3
committee,0,1,1
committees,1,0,1
commmeeee,0,1,1
commnts,0,2,2
commodity,0,1,1
commodore,4,2,6
common,15,27,42
comms,0,1,1
commtell,1,0,1
commuion,0,1,1
communcate,1,0,1
commune,0,1,1
communicate,2,4,6
communicated,1,0,1
communicating,1,1,2
communication,4,7,11
communications,3,0,3
communion,1,1,2
communist,0,1,1
communities,2,1,3
community,23,24,47
communityone,2,0,2
commute,4,2,6
comn,1,0,1
como,2,2,4
comp,27,32,59
compact,1,2,3
compacted,0,1,1
companies,7,5,12
companion,1,2,3
company,51,56,107
compaq,0,3,3
compare,10,11,21
compared,6,16,22
compares,1,0,1
comparing,1,0,1
comparison,3,10,13
comparisons,0,1,1
compartmentalizing,1,0,1
compass,0,3,3
compassion,3,2,5
compat,0,1,1
compatibility,2,1,3
compatible,4,5,9
compatriot,0,1,1
compe,1,0,1
comped,1,0,1
compelled,0,1,1
compelling,0,1,1
compelte,0,1,1
compensate,2,2,4
compensated,1,0,1
compensating,1,0,1
compensation,1,1,2
compereing,1,0,1
compete,1,5,6
competely,0,1,1
competing,0,1,1
competitiion,1,0,1
competition,17,17,34
competitions,4,1,5
competitive,1,9,10
competitiveness,0,1,1
competiton,0,2,2
competitor,1,0,1
competitors,1,0,1
competitve,0,1,1
compilations,1,0,1
compile,1,0,1
compiler,1,0,1
compilers,0,1,1
compiles,0,2,2
compiling,0,2,2
compiz,1,0,1
complain,12,25,37
complained,4,1,5
complainer,2,0,2
complaing,0,1,1
complainin,0,1,1
complaining,14,11,25
complains,2,1,3
complaint,4,1,5
complaints,3,5,8
compleate,0,1,1
complete,37,23,60
completed,8,9,17
completely,43,61,104
completing,1,1,2
completley,2,0,2
completly,3,2,5
completo,1,0,1
complex,3,8,11
complexes,0,1,1
compliant,1,0,1
complicated,16,9,25
complicatedddddddddddd,1,0,1
complicates,0,1,1
complications,2,2,4
complied,1,0,1
compliment,7,24,31
complimentary,0,1,1
complimented,0,1,1
complimenting,1,0,1
compliments,5,8,13
complitments,0,1,1
comply,0,1,1
component,1,2,3
components,1,2,3
compooper,0,1,1
compose,4,1,5
composed,1,0,1
composer,1,0,1
composers,1,0,1
composing,1,2,3
composition,0,2,2
compositions,2,0,2
compost,0,1,1
composter,0,1,1
compound,1,1,2
comprar,1,0,1
comprehend,1,0,1
comprehensible,0,1,1
comprehensive,1,1,2
compres,0,1,1
compress,1,0,1
compressed,1,0,1
compression,0,1,1
compressor,1,0,1
compromise,0,2,2
compromised,1,0,1
comps,2,3,5
compte,1,0,1
compton,0,2,2
compu,0,2,2
compulsive,1,0,1
compulsory,1,1,2
computational,1,0,1
compute,1,1,2
computed,0,1,1
computer,105,124,229
computerarts,1,0,1
computerfail,0,1,1
computerr,1,0,1
computers,12,13,25
computersecurity,1,0,1
computerz,0,1,1
computing,2,3,5
computr,1,0,1
comrade,1,1,2
comrades,1,0,1
coms,1,0,1
comung,0,1,1
comunication,0,1,1
con,18,16,34
conair,0,1,1
conan,21,10,31
conando,1,0,1
conar,1,0,1
concealer,2,0,2
conceived,0,1,1
concensus,0,1,1
concentrate,6,6,12
concentrated,0,1,1
concentrtion,0,1,1
concept,6,12,18
concepts,1,1,2
concern,9,9,18
concerned,7,10,17
concerning,3,2,5
concerns,1,3,4
concert,89,118,207
concerts,12,19,31
concertt,1,0,1
concession,1,0,1
concessions,1,0,1
concetrate,1,0,1
conch,1,1,2
conchords,1,2,3
concierge,1,0,1
concierto,1,0,1
concieted,0,1,1
concious,2,0,2
concision,1,0,1
conclude,1,1,2
concluded,1,0,1
concludes,1,0,1
concluding,0,1,1
conclusion,3,6,9
conclusions,4,0,4
concord,1,3,4
concrastinate,0,1,1
concratulation,1,0,1
concrete,3,3,6
concur,2,5,7
concurs,0,1,1
concussion,0,1,1
cond,1,0,1
conde,0,1,1
condensation,0,2,2
condense,2,0,2
condensed,1,0,1
condescending,1,0,1
condition,6,8,14
conditioner,5,2,7
conditioning,1,2,3
conditions,1,2,3
condo,2,1,3
condolence,0,1,1
condolences,3,12,15
condom,2,0,2
condoms,1,3,4
condomssss,0,1,1
condoned,1,0,1
conduct,1,0,1
cone,3,7,10
conect,1,0,1
conectas,0,1,1
cones,0,2,2
conf,9,15,24
confectionary,0,1,1
confederations,1,1,2
conference,29,19,48
conferences,1,0,1
conferencing,1,0,1
confess,2,1,3
confessed,3,0,3
confessing,1,0,1
confession,7,2,9
confessions,4,1,5
confetti,2,0,2
confidence,5,7,12
confident,7,7,14
confidential,0,2,2
confidentiality,1,0,1
confidently,1,1,2
config,3,4,7
configuation,1,0,1
configurable,0,2,2
configuration,1,0,1
configured,0,1,1
confine,1,0,1
confined,1,0,1
confinement,0,1,1
confirm,11,8,19
confirmation,2,9,11
confirmations,1,0,1
confirmed,10,18,28
confirming,2,2,4
confirms,2,1,3
confiscate,1,0,1
confiscated,2,1,3
conflict,1,0,1
conflicting,3,0,3
conflicts,1,1,2
conformance,0,1,1
conformed,0,1,1
conforming,0,1,1
confrimed,1,0,1
confront,2,0,2
confrontational,0,1,1
confrontations,0,1,1
confronting,0,1,1
confuddlin,1,0,1
confued,0,1,1
confuse,3,1,4
confused,40,35,75
confusedd,1,0,1
confuseeeeed,0,1,1
confusin,1,0,1
confusing,20,25,45
confusion,2,6,8
confussed,1,0,1
confuzzled,0,2,2
confy,1,0,1
cong,0,1,1
congee,0,1,1
congeniality,1,0,1
congested,1,2,3
congestion,1,0,1
congo,1,0,1
congraaaats,1,0,1
congrads,0,2,2
congradulations,1,1,2
congras,0,1,1
congrat,0,3,3
congrates,0,2,2
congrats,134,246,380
congratss,0,1,1
congratualtions,0,1,1
congratulat,1,0,1
congratulate,3,4,7
congratulated,0,1,1
congratulation,3,5,8
congratulations,33,104,137
congratulatory,0,1,1
congratz,5,3,8
congratzzzzz,0,1,1
congraulations,1,0,1
congraz,1,0,1
congress,3,1,4
congressman,0,2,2
conjuctivitis,0,1,1
conjugated,0,1,1
conjures,1,1,2
conked,0,1,1
conking,0,1,1
conks,0,1,1
conmigo,0,1,1
conn,0,1,1
conneaut,0,1,1
connect,17,21,38
connected,4,17,21
connecticut,2,1,3
connecting,8,4,12
connection,31,29,60
connectionisms,1,0,1
connections,5,5,10
connectioon,1,0,1
connector,3,0,3
conned,0,1,1
connelly,1,0,1
connery,1,1,2
conneticut,1,1,2
connie,0,4,4
connnor,1,0,1
connor,5,2,7
conoazo,0,1,1
conold,0,1,1
conor,0,2,2
conquer,3,1,4
conquered,0,1,1
conquerer,0,1,1
conrad,0,1,1
conrads,0,1,1
conributions,0,1,1
conrol,1,0,1
cons,3,4,7
consarnit,1,0,1
conscientious,0,1,1
conscious,2,3,5
consciousness,1,2,3
consecutive,3,1,4
consegui,1,0,1
conseguiu,0,1,1
consensus,2,0,2
consent,1,0,1
consequence,2,0,2
consequences,3,1,4
conservateacher,1,0,1
conservative,3,5,8
conservatory,0,1,1
consider,16,31,47
considerate,2,1,3
consideration,0,3,3
considered,9,16,25
considering,19,26,45
considers,2,0,2
consigo,1,0,1
consiperacy,1,0,1
consist,0,1,1
consistantly,0,1,1
consisted,2,0,2
consistency,0,2,2
consistent,1,1,2
consistently,0,3,3
consists,0,2,2
consolation,3,5,8
consolations,1,0,1
console,3,4,7
consoles,0,4,4
consolidate,1,0,1
consolidation,1,0,1
consolodation,1,0,1
consonants,0,1,1
consorting,1,0,1
conspiracist,0,1,1
conspiracy,4,4,8
conspired,0,2,2
conspires,0,1,1
conspiring,0,1,1
constant,12,10,22
constantly,13,7,20
constellation,1,0,1
constipated,1,1,2
constitutes,0,1,1
constitution,1,2,3
constitutional,1,0,1
construct,0,1,1
constructed,0,2,2
constructing,1,0,1
construction,7,6,13
constructive,2,2,4
consubfm,1,0,1
consult,0,3,3
consultancy,1,0,1
consultant,1,0,1
consulted,0,1,1
consulting,1,3,4
consume,2,1,3
consumed,2,5,7
consumer,0,2,2
consumerism,1,0,1
consumers,0,2,2
consumes,0,1,1
consuming,1,3,4
consumption,3,1,4
cont,34,6,40
contability,1,0,1
contact,17,39,56
contacted,1,2,3
contacting,2,3,5
contactjh,1,0,1
contacts,13,9,22
contagious,3,3,6
contain,1,0,1
contained,1,3,4
container,2,3,5
containers,0,2,2
contains,2,1,3
contaminated,2,1,3
contd,4,0,4
contdown,1,0,1
conte,1,0,1
contemplate,0,3,3
contemplated,0,1,1
contemplating,3,8,11
contemporary,2,0,2
contempt,2,0,2
contend,0,1,1
contenders,1,0,1
content,30,18,48
contented,0,1,1
contents,2,0,2
contest,25,34,59
contestant,0,1,1
contestants,0,2,2
contests,2,0,2
context,2,4,6
contextual,1,1,2
contiguous,0,1,1
contiki,0,1,1
continent,3,2,5
continental,1,1,2
contingent,1,1,2
continually,0,1,1
continuation,1,1,2
continue,19,27,46
continued,3,3,6
continueee,0,1,1
continues,9,5,14
continuing,4,0,4
continuity,1,0,1
continuitysummit,1,0,1
continuous,2,1,3
continuously,2,2,4
contollers,0,1,1
contraceptive,0,1,1
contract,12,13,25
contractions,0,1,1
contracts,2,1,3
contractual,0,1,1
contradicting,0,1,1
contradiction,1,2,3
contradictory,0,1,1
contradicts,1,0,1
contraption,0,1,1
contrary,1,0,1
contrast,0,2,2
contratulations,1,0,1
contribute,5,6,11
contributed,1,0,1
contributes,1,0,1
contributing,1,0,1
contribution,2,2,4
contributions,0,2,2
contributor,0,1,1
contries,0,1,1
contrite,0,1,1
control,19,29,48
controll,0,1,1
controlled,0,2,2
controller,6,0,6
controllers,2,3,5
controlling,1,2,3
controlradius,1,0,1
controls,1,2,3
controversial,1,0,1
controversy,0,2,2
conv,1,0,1
convaluted,0,1,1
convene,1,0,1
convenience,1,2,3
conveniences,0,1,1
convenient,6,4,10
conveniently,0,2,2
convening,0,1,1
convenion,0,1,1
convention,9,6,15
conventions,0,4,4
conversation,23,19,42
conversational,1,0,1
conversationalist,1,0,1
conversations,11,10,21
converse,5,5,10
conversion,0,2,2
conversions,1,0,1
convert,2,8,10
converted,4,5,9
converter,0,2,2
convertible,1,2,3
converting,0,3,3
converts,1,1,2
convey,0,1,1
convicing,1,0,1
convict,1,0,1
conviction,1,1,2
convictions,1,0,1
convicts,0,1,1
convience,0,1,1
convient,1,0,1
convince,7,21,28
convinced,5,7,12
convincing,1,2,3
convinence,1,0,1
convo,12,16,28
convocation,1,0,1
convoluted,1,0,1
convos,2,2,4
coo,1,3,4
coochie,2,0,2
coockies,1,0,1
coodn,1,0,1
coodnt,1,0,1
coogee,0,1,1
cooger,1,0,1
coogi,1,0,1
cook,41,43,84
cookbook,2,1,3
cookbooks,2,0,2
cooked,17,10,27
cooker,1,0,1
cookers,0,1,1
cookery,0,1,1
cookie,15,18,33
cookieman,0,1,1
cookies,34,39,73
cookiezmama,0,1,1
cookiiee,0,1,1
cookin,2,2,4
cooking,26,24,50
cookk,1,0,1
cookout,1,3,4
cooks,3,5,8
cookware,1,0,1
cool,421,719,1140
cooland,1,0,1
coolant,3,0,3
coolata,0,1,1
coold,0,1,1
cooled,1,1,2
cooler,12,18,30
coolerrr,1,0,1
cooles,0,1,1
coolest,9,14,23
coolestdudes,0,1,1
cooley,0,1,1
coolies,2,1,3
coolin,0,2,2
cooling,1,3,4
coolio,3,2,5
coolll,0,1,1
coolness,5,4,9
coolpants,1,0,1
cools,1,2,3
coolz,1,0,1
coon,0,1,1
coonected,1,0,1
coontails,1,0,1
coookies,1,0,1
coool,3,9,12
coools,0,1,1
cooool,1,3,4
coooolest,0,1,1
coooome,0,1,1
coooool,2,1,3
coooooler,0,1,1
coooooooooool,0,1,1
coooooooooooool,1,0,1
cooos,1,0,1
coop,1,0,1
cooped,1,0,1
cooper,2,2,4
cooperate,1,0,1
cooperates,0,3,3
cooperating,4,1,5
cooperations,0,1,1
coopersville,0,1,1
coordinates,1,1,2
coordinators,0,1,1
coors,0,1,1
cooties,1,0,1
cop,9,4,13
cope,7,3,10
copeland,1,0,1
copenhagen,2,2,4
copes,0,1,1
copic,1,0,1
copics,0,1,1
copied,3,3,6
copies,5,7,12
copii,1,0,1
copilate,1,0,1
coping,1,3,4
copped,1,3,4
coppelia,1,0,1
copper,1,3,4
cops,6,10,16
copulate,1,0,1
copy,33,56,89
copycat,1,2,3
copycats,0,2,2
copying,3,0,3
copyright,4,7,11
copyrighted,1,0,1
copywriting,0,1,1
coquitlam,1,0,1
cor,0,4,4
coralene,0,1,1
coraline,1,3,4
coralista,0,1,1
corally,0,1,1
corbin,1,4,5
corbor,0,1,1
cord,2,7,9
cordelia,1,0,1
corden,1,0,1
cordial,0,1,1
cordoba,0,1,1
cordy,1,0,1
core,6,6,12
corei,0,1,1
coren,1,0,1
coreplayer,0,1,1
corey,2,5,7
corfu,0,1,1
corgi,0,2,2
cori,0,4,4
coriander,0,1,1
coriandr,0,1,1
corinne,1,1,2
cork,2,1,3
corked,1,0,1
corm,1,0,1
cormier,1,0,1
corn,4,8,12
cornbread,2,1,3
corndogs,0,1,1
cornell,3,3,6
corner,20,21,41
cornering,0,1,1
corners,3,2,5
cornerstone,0,2,2
cornerstonenapa,1,1,2
cornet,1,0,1
cornettos,1,0,1
corney,1,0,1
cornflakes,1,2,3
cornflowers,1,0,1
cornholio,0,1,1
corniness,0,1,1
corning,0,2,2
cornish,1,0,1
cornor,0,1,1
corns,1,0,1
cornucopia,0,1,1
cornwall,3,3,6
corny,6,2,8
coro,1,0,1
corona,2,0,2
coronas,2,0,2
coronation,0,1,1
coroner,1,0,1
corp,1,2,3
corporate,1,4,5
corporation,0,1,1
corpore,1,0,1
corps,0,1,1
corpse,1,1,2
corpsegrinder,1,0,1
corpus,0,1,1
corrct,0,1,1
correct,17,34,51
corrected,1,8,9
correcting,2,2,4
correction,8,6,14
corrections,1,1,2
correctly,4,8,12
correcto,0,1,1
correlation,1,2,3
correspondents,0,1,1
corrie,0,1,1
corries,1,0,1
corrina,0,1,1
corrupt,3,0,3
corrupted,2,2,4
corruption,1,1,2
cors,0,1,1
corse,1,0,1
corseted,1,0,1
corsets,1,0,1
corsi,0,1,1
corsica,0,1,1
cortizone,0,1,1
cortnee,0,3,3
cortoon,0,1,1
corts,1,0,1
corty,0,1,1
coruja,0,1,1
corvette,1,1,2
corwin,0,1,1
cory,2,5,7
cos,71,94,165
cosatu,1,0,1
cosby,0,1,1
cosgrove,0,1,1
cosied,0,1,1
cosigning,0,1,1
cosine,1,0,1
cosmetic,1,1,2
cosmetics,1,0,1
cosmic,2,0,2
cosmo,0,4,4
cosmopolitans,1,0,1
cosmos,1,1,2
cosof,1,0,1
cosplay,3,0,3
cosplays,0,1,1
cost,23,46,69
costa,2,4,6
costanza,0,1,1
costar,1,0,1
costco,2,1,3
costing,1,0,1
costly,1,3,4
costs,8,15,23
costume,6,6,12
costumes,2,0,2
cosworth,1,0,1
cosy,1,3,4
cot,1,0,1
cotf,0,1,1
coth,0,1,1
cotija,0,2,2
cotm,1,0,1
cott,0,1,1
cottage,4,3,7
cottbus,1,0,1
cotter,1,0,1
cotton,3,3,6
cottoncandy,0,1,1
coty,0,1,1
cou,0,1,1
couch,14,25,39
couches,0,2,2
couchsurfing,0,1,1
couchville,0,1,1
coucou,1,0,1
coud,1,0,1
cougar,3,6,9
cougars,1,0,1
cough,55,28,83
coughcaulincough,0,1,1
coughchickencough,0,1,1
coughfanboycough,0,1,1
coughing,5,8,13
coughs,2,4,6
coughy,0,1,1
could,768,1100,1868
coulda,10,9,19
coulde,0,1,1
couldent,0,1,1
couldn,1,2,3
couldnt,40,54,94
couldtn,1,0,1
couldv,1,0,1
couldve,6,7,13
coull,1,0,1
coulnd,1,0,1
coulors,1,0,1
council,4,7,11
councils,0,1,1
counld,0,1,1
counseling,2,1,3
counselor,1,1,2
counselors,0,1,1
count,37,46,83
countdown,4,7,11
counted,3,2,5
counter,5,14,19
counterclockwise,0,1,1
counterpart,1,0,1
counterpoint,1,0,1
counters,0,1,1
countersuicide,1,0,1
counties,2,0,2
counting,15,13,28
countires,1,0,1
countless,1,1,2
countries,7,7,14
countrified,1,0,1
country,50,75,125
countryside,3,2,5
counts,8,16,24
county,5,9,14
coup,0,2,2
coupe,1,0,1
coupla,0,3,3
couple,77,148,225
coupled,1,0,1
couples,3,4,7
coupling,1,0,1
coupon,6,7,13
coupons,2,5,7
coupure,1,0,1
courage,3,1,4
courageous,0,1,1
courier,1,1,2
course,148,232,380
courseee,0,1,1
courseeee,0,2,2
courses,2,5,7
coursework,9,3,12
court,20,5,25
courtesy,0,4,4
courtney,1,7,8
courts,0,2,2
courtship,0,1,1
courtside,1,0,1
couscous,1,0,1
couse,2,0,2
cousin,38,26,64
cousinnn,1,0,1
cousinnnnnnnnnn,1,0,1
cousins,17,11,28
couter,1,0,1
couteract,1,0,1
couture,1,4,5
couuld,0,1,1
couz,0,1,1
cov,0,1,1
cove,1,1,2
covent,0,1,1
cover,34,56,90
coverage,7,18,25
covered,18,18,36
coveres,1,0,1
covergirl,1,0,1
covering,2,1,3
covers,10,7,17
coverup,0,1,1
covetin,0,1,1
cow,14,8,22
coward,1,1,2
cowardly,1,0,1
cowbell,1,1,2
cowboy,8,4,12
cowboys,1,3,4
cowell,1,1,2
cowinkydink,0,1,1
coworker,0,2,2
coworkers,3,2,5
cowrkr,1,0,1
cows,6,3,9
cox,1,2,3
coyote,0,1,1
coyotes,1,1,2
coz,70,61,131
cozy,0,5,5
cp,5,10,15
cpa,2,2,4
cpanel,0,2,2
cph,0,1,1
cping,0,1,1
cpk,1,1,2
cpl,0,1,1
cpr,0,1,1
cps,1,0,1
cpt,1,1,2
cptn,0,1,1
cptncrunk,0,1,1
cpu,1,2,3
cpuz,0,1,1
cpy,1,0,1
cq,0,1,1
cr,0,8,8
cra,2,0,2
craaaaaaazy,0,1,1
craaaaazy,0,2,2
craaaap,0,1,1
craaaazy,0,1,1
craaazy,1,0,1
craaazyy,1,0,1
craaazzzyyy,0,1,1
craabb,1,0,1
craazzyy,0,1,1
crab,2,5,7
crabass,1,0,1
crabs,2,0,2
crack,19,20,39
cracka,0,1,1
crackalackin,0,1,1
crackalatin,0,1,1
crackberry,4,1,5
crackdown,2,1,3
cracked,6,6,12
cracker,1,6,7
crackers,7,2,9
crackfics,1,0,1
crackhead,0,2,2
crackhouse,0,1,1
crackin,1,6,7
cracking,1,8,9
crackkkin,1,0,1
crackle,2,0,2
crackling,0,1,1
cracklins,0,1,1
cracks,4,5,9
cradle,0,2,2
cradles,1,0,1
craft,3,3,6
crafted,0,1,1
crafting,1,0,1
crafts,2,1,3
craftsmanship,1,0,1
crafty,2,0,2
craftym,0,2,2
craftyma,0,1,1
craic,1,1,2
craig,8,12,20
craigery,0,1,1
craigslist,1,4,5
craisin,1,0,1
cram,1,0,1
crammed,0,1,1
cramming,2,0,2
cramp,1,0,1
cramped,2,2,4
cramping,1,0,1
cramps,10,7,17
cranberries,1,0,1
cranberry,3,2,5
crane,1,0,1
cranes,1,0,1
cranium,0,2,2
crank,6,2,8
cranked,1,2,3
cranking,1,0,1
cranks,1,2,3
crankset,0,1,1
cranky,4,7,11
crannies,0,1,1
crao,0,1,1
crap,107,108,215
crapcrapcrap,0,1,1
craper,1,0,1
crapola,0,1,1
crappeh,0,1,1
crapper,1,0,1
crappie,0,1,1
crappier,1,0,1
crappiest,0,1,1
crappin,1,0,1
crapping,1,1,2
crappy,24,29,53
crapshoot,1,0,1
craptastic,2,0,2
crapton,0,1,1
craque,1,0,1
crash,25,26,51
crashd,0,1,1
crashed,30,19,49
crasher,0,1,1
crashers,0,2,2
crashes,8,10,18
crashin,2,0,2
crashing,18,16,34
crater,0,1,1
crates,0,1,1
crave,4,3,7
craved,1,0,1
cravesushi,1,0,1
craving,16,24,40
cravings,3,2,5
crawfish,1,0,1
crawford,3,1,4
crawl,9,5,14
crawling,5,3,8
crawls,2,0,2
crayolaaaaaaaaaaa,0,1,1
crayon,0,2,2
crayons,1,1,2
crazayy,0,1,1
craze,1,0,1
crazed,1,0,1
crazi,1,0,1
crazier,4,4,8
crazies,1,2,3
craziest,1,4,5
crazily,0,1,1
craziness,5,2,7
crazy,155,180,335
crazyness,1,0,1
crazyplans,0,1,1
crazytown,0,1,1
crazyy,1,0,1
crazyyy,1,1,2
crazyyyyyy,1,0,1
crazyyyyyyyyyy,1,0,1
crazzy,0,1,1
cream,76,87,163
creamed,0,1,1
creamer,2,0,2
creamfields,1,0,1
creaming,3,0,3
creammmm,1,0,1
creamola,1,0,1
creams,1,2,3
creamy,0,1,1
creaped,0,1,1
creaps,0,1,1
creased,2,0,2
creat,0,1,1
create,17,28,45
created,9,8,17
creater,0,1,1
creates,0,1,1
createspace,0,1,1
creatg,0,1,1
creating,4,6,10
creation,4,4,8
creationist,1,0,1
creations,3,0,3
creative,29,20,49
creativeleague,0,1,1
creatively,0,2,2
creatives,0,1,1
creativity,4,4,8
creator,1,0,1
creators,2,0,2
creature,1,1,2
creatures,3,4,7
cred,4,3,7
credability,1,0,1
credeam,0,1,1
credibilitate,0,1,1
credibility,1,2,3
credible,0,1,1
credit,31,43,74
creditcrunchtv,2,0,2
credited,0,2,2
creditors,0,1,1
credits,3,3,6
creditscore,0,1,1
creds,1,0,1
creed,1,2,3
creeeperr,1,0,1
creek,3,4,7
creep,4,5,9
creeped,0,1,1
creeper,0,2,2
creepers,0,4,4
creepier,1,0,1
creepiest,0,1,1
creepin,0,1,1
creeping,0,2,2
creepo,0,1,1
creepos,0,1,1
creeps,2,3,5
creepster,0,1,1
creepy,21,23,44
creepying,1,0,1
creflo,1,0,1
creflodollarministries,1,0,1
creme,2,3,5
creo,2,3,5
creole,0,1,1
crepe,2,1,3
crepes,0,2,2
crescendo,1,0,1
crescent,0,1,1
crest,1,1,2
crete,1,0,1
crew,17,22,39
crewing,0,1,1
crews,1,0,1
crg,0,1,1
crib,6,5,11
cribs,1,0,1
cricinfo,1,0,1
cricket,14,10,24
cricketer,1,0,1
cricketing,0,1,1
crickey,1,0,1
cried,42,38,80
crieff,0,1,1
cries,30,14,44
criessss,1,0,1
criie,0,1,1
crikey,0,1,1
crime,7,10,17
crimes,1,0,1
criminal,1,1,2
criminalizes,0,1,1
criminally,0,1,1
criminals,1,0,1
criminology,0,1,1
criminy,2,0,2
crimp,0,1,1
crimping,0,1,1
crimson,2,0,2
cringe,1,3,4
cringeworthy,1,0,1
cringing,0,2,2
crinkles,1,0,1
criollo,1,0,1
crip,1,0,1
cripple,1,1,2
crippled,1,0,1
cris,2,0,2
crisis,3,5,8
crisp,1,7,8
crisps,4,3,7
crispy,0,2,2
criss,0,1,1
crissy,1,1,2
cristal,0,1,1
cristina,2,0,2
cristobal,0,1,1
cristy,1,0,1
cristyyyyy,1,0,1
crit,1,2,3
criteria,0,1,1
critic,1,0,1
critical,3,2,5
criticalmass,1,0,1
criticism,0,4,4
criticisms,0,1,1
critics,1,0,1
critique,0,1,1
critiques,0,1,1
critiquing,1,0,1
critters,3,2,5
crmk,0,1,1
croatia,1,2,3
croatian,0,1,1
croc,1,0,1
crochet,0,1,1
crocheted,0,1,1
crock,1,1,2
crocked,1,0,1
crocker,0,2,2
crocketts,0,1,1
crockpot,3,0,3
crocks,0,1,1
crocodile,1,0,1
crocodiles,1,0,1
crocs,1,1,2
croissant,0,12,12
croissants,1,0,1
crombos,0,1,1
cron,0,1,1
cronenberg,0,1,1
cronieees,0,1,1
crook,1,0,1
crooked,1,0,1
crooks,2,2,4
crop,1,1,2
cropped,0,3,3
cropping,0,1,1
crops,1,0,1
crosby,1,3,4
cross,20,19,39
crossbone,1,0,1
crossed,24,39,63
crosses,2,3,5
crossesfingers,0,1,1
crossfire,2,0,2
crossfit,0,1,1
crossin,0,1,1
crossing,8,7,15
crossings,0,1,1
crossingtherubicon,1,0,1
crossover,2,0,2
crossroaaaaadssss,0,1,1
crossroads,0,1,1
crossword,1,0,1
crotch,3,3,6
crouch,1,0,1
crouches,0,1,1
crouwel,1,0,1
crow,0,1,1
crowd,20,14,34
crowded,2,3,5
crowds,2,2,4
crowdsurfing,0,1,1
crowe,1,0,1
crowley,2,0,2
crown,7,4,11
crowned,0,1,1
crowning,0,1,1
crowns,1,1,2
crowntail,1,0,1
crows,2,2,4
croyd,0,1,1
croydon,1,1,2
crp,1,0,1
cru,2,0,2
cruces,0,1,1
crucial,1,2,3
crucifiction,1,0,1
crucifix,0,1,1
crud,2,2,4
cruddy,1,2,3
crude,1,0,1
crue,1,0,1
cruel,13,11,24
cruelty,0,1,1
cruise,7,16,23
cruiser,0,2,2
cruisers,1,0,1
cruises,1,0,1
cruising,2,2,4
crumb,0,1,1
crumble,2,1,3
crumbly,0,1,1
crumbs,2,0,2
crummy,2,3,5
crumpetness,0,1,1
crumpets,3,0,3
crumpled,0,1,1
crunch,5,8,13
crunchie,1,0,1
crunching,1,1,2
crunchy,1,4,5
crunchynuts,0,1,1
crunk,2,1,3
crusading,0,1,1
crusecourtney,0,1,1
crush,21,15,36
crushed,5,6,11
crushes,1,0,1
crushin,0,1,1
crushing,0,2,2
crusie,0,1,1
crusin,2,0,2
crust,1,0,1
crusty,3,1,4
crutch,2,0,2
crutches,3,1,4
cruuuuuuuuuuuuell,0,1,1
cruxshadows,1,0,1
cruxshawdows,1,0,1
cruz,3,1,4
cruzeirense,0,1,1
crv,0,1,1
cry,137,115,252
crybaby,0,2,2
cryed,1,0,1
cryin,1,3,4
crying,87,55,142
cryinggg,0,1,1
cryng,0,1,1
crypic,1,0,1
cryptic,1,2,3
crypto,1,0,1
crys,1,1,2
crysies,0,1,1
cryssie,0,1,1
crystal,5,16,21
crystalbel,0,1,1
crystalfontenot,0,1,1
crystalmariedontluvspiteanymore,0,1,1
crystals,0,2,2
cryy,1,0,1
crzlilho,0,1,1
crzy,1,0,1
cs,4,7,11
csb,0,2,2
csf,0,1,1
csh,1,0,1
csharp,1,0,1
csi,8,11,19
csis,0,1,1
csk,0,1,1
csl,1,0,1
cso,1,0,1
csp,1,0,1
cspan,1,1,2
css,4,7,11
cst,1,2,3
csts,0,1,1
csu,0,1,1
csuf,1,0,1
csv,0,1,1
ct,9,9,18
cto,2,1,3
ctown,2,0,2
ctrl,4,1,5
cttttttttt,1,0,1
ctv,0,1,1
cty,2,0,2
cu,10,8,18
cua,2,0,2
cuando,1,0,1
cuba,0,1,1
cuban,2,2,4
cubans,0,1,1
cubase,3,0,3
cubbies,0,3,3
cubbyhouses,0,1,1
cube,3,1,4
cubed,1,0,1
cubes,0,3,3
cubicle,4,1,5
cubs,6,7,13
cucchiaio,0,1,1
cucumber,4,5,9
cucumbers,1,2,3
cud,8,12,20
cuddle,13,9,22
cuddles,7,7,14
cuddling,3,1,4
cuddly,5,1,6
cuddybuddys,0,1,1
cudi,1,0,1
cudn,1,0,1
cudnt,2,2,4
cue,1,1,2
cuek,0,2,2
cuento,0,1,1
cuervo,1,0,1
cuhs,1,0,1
cuisine,0,2,2
cul,0,3,3
culd,1,1,2
culdnt,0,1,1
culinary,0,3,3
cull,0,1,1
cullen,3,4,7
cullencoven,2,0,2
cullens,0,3,3
culpa,0,1,1
culprite,0,1,1
cult,3,6,9
cultivate,0,2,2
cultivating,0,1,1
cultural,4,5,9
culturally,1,0,1
culture,13,8,21
cultured,1,0,1
cultures,1,4,5
cultureshockmag,0,1,1
culturl,1,0,1
culvers,0,1,1
cum,10,6,16
cuma,1,0,1
cuman,0,2,2
cumberland,0,1,1
cumbersome,1,1,2
cumin,2,0,2
cumslut,0,1,1
cung,1,0,1
cunning,0,3,3
cunt,4,4,8
cuntitude,1,0,1
cunts,2,0,2
cup,43,45,88
cupa,0,1,1
cupboard,4,4,8
cupcake,6,17,23
cupcaked,1,0,1
cupcakes,9,20,29
cupcakeskickass,0,1,1
cupertino,1,1,2
cupid,1,0,1
cupla,1,0,1
cuppa,3,6,9
cupped,1,0,1
cupping,1,0,1
cuppycake,0,1,1
cups,4,5,9
cura,2,0,2
curahan,0,1,1
curand,0,1,1
curb,2,1,3
curbing,0,1,1
curbishely,0,1,1
cure,9,11,20
curently,1,0,1
cures,2,5,7
curfew,1,1,2
curhat,0,2,2
curiosity,1,3,4
curioso,0,1,1
curious,22,36,58
curiousity,1,0,1
curiouslaymrhe,0,1,1
curitiba,0,1,1
curl,4,8,12
curled,4,1,5
curles,1,0,1
curlin,0,1,1
curling,1,1,2
curlopt,0,1,1
curls,4,3,7
curly,8,4,12
currants,0,1,1
curren,1,0,1
currency,0,3,3
current,29,32,61
currently,29,49,78
currreal,1,0,1
curry,5,13,18
currys,0,1,1
curse,12,10,22
cursed,3,2,5
cursele,0,1,1
cursiler,1,0,1
cursin,1,2,3
cursing,4,2,6
cursive,1,0,1
curt,0,1,1
curtain,1,2,3
curtesy,1,0,1
curtinde,1,0,1
curtis,1,2,3
curtsey,1,0,1
curve,9,6,15
curves,3,2,5
curvy,1,0,1
cus,10,8,18
cusack,1,1,2
cuse,0,1,1
cushion,0,4,4
cusin,1,0,1
cusioned,0,1,1
cuspidor,1,0,1
cuss,1,1,2
cussing,0,1,1
cust,1,3,4
custard,1,4,5
custody,1,0,1
custom,7,10,17
customer,18,21,39
customers,10,14,24
customink,0,1,1
customised,0,1,1
customizable,2,0,2
customization,2,0,2
customize,1,1,2
customs,2,1,3
custurd,1,0,1
cut,82,88,170
cutbacks,0,1,1
cute,218,358,576
cutee,0,3,3
cuteee,2,1,3
cuteeeeeeeeeeeee,0,1,1
cuteface,1,0,1
cuteflip,0,1,1
cutelymixed,1,0,1
cuteness,2,0,2
cuter,2,4,6
cutes,0,1,1
cutest,7,13,20
cutester,0,1,1
cutie,9,18,27
cutiee,0,1,1
cuties,1,1,2
cutiest,1,0,1
cutler,0,1,1
cutoff,0,2,2
cutouts,0,1,1
cuts,10,9,19
cutt,1,0,1
cutter,1,2,3
cuttin,1,2,3
cutting,14,18,32
cuttting,0,1,1
cutty,1,0,1
cuute,0,1,1
cuuttee,1,0,1
cuutteeeeeeeeeeeee,1,0,1
cuuut,0,1,1
cuuute,1,1,2
cuuutttee,1,0,1
cuuuute,2,1,3
cuuuuute,1,0,1
cuuuuuute,0,1,1
cuuuuuuuuuuuuuuuuuuuute,1,0,1
cuy,0,1,1
cuz,156,181,337
cuzdem,1,0,1
cuzin,2,0,2
cuzins,1,1,2
cuzns,1,0,1
cuzo,1,1,2
cuzz,2,3,5
cuzzies,0,1,1
cuzzin,0,2,2
cuzzo,0,2,2
cuzzy,2,0,2
cv,4,5,9
cville,1,0,1
cvs,2,4,6
cw,2,3,5
cwalk,0,1,1
cwazy,0,1,1
cwg,1,0,1
cwjobs,1,0,1
cws,1,1,2
cwts,1,0,1
cxld,0,1,1
cxomputer,0,1,1
cy,0,1,1
cya,5,9,14
cyanide,1,1,2
cyber,4,1,5
cyberhallelujah,1,0,1
cyberman,1,0,1
cybersafety,0,1,1
cyberspace,1,0,1
cyborg,2,0,2
cycle,11,12,23
cycled,2,0,2
cycles,1,0,1
cyclical,0,1,1
cycling,6,6,12
cyclones,0,2,2
cydonia,1,0,1
cygwin,0,1,1
cylinder,1,0,1
cylob,0,1,1
cymk,0,1,1
cyndi,1,0,1
cynic,1,1,2
cynical,0,1,1
cynicism,1,0,1
cynics,0,1,1
cynth,0,1,1
cynthia,0,2,2
cynthiad,1,0,1
cyperspace,1,0,1
cypher,1,0,1
cypress,0,1,1
cyrano,0,1,1
cyress,1,0,1
cyrus,21,11,32
cyrusim,0,1,1
cytosport,0,1,1
cyurs,0,1,1
cz,4,0,4
czar,1,1,2
czech,1,1,2
czn,1,0,1
da,115,69,184
daa,0,2,2
daaa,0,1,1
daaaaaamn,1,0,1
daaaaaang,1,0,1
daaaaamn,1,0,1
daaaamn,2,0,2
daaaark,1,0,1
daaaarn,1,0,1
daaaaru,0,1,1
daaaay,1,0,1
daaah,0,1,1
daaammmnnnnn,1,0,1
daaamn,2,1,3
daaang,1,0,1
daaappppppp,1,0,1
daaasshhh,1,0,1
daaay,1,0,1
daaayyyy,1,0,1
daam,1,0,1
daammmnnn,0,1,1
daamn,1,0,1
daance,0,1,1
daang,0,1,1
daaru,1,0,1
daayyuuummm,1,0,1
dab,0,1,1
dabber,0,1,1
dabbled,1,0,1
dabouv,0,1,1
dabs,0,1,1
dac,1,1,2
daca,0,2,2
dachshund,0,1,1
dachshunds,0,1,1
dad,134,138,272
dada,1,1,2
dadaf,0,1,1
dadayuhin,0,1,1
daddddddyyyyyyyy,0,1,1
dadddyy,1,0,1
daddies,1,1,2
daddio,1,0,1
daddy,32,42,74
daddyb,0,1,1
daddyhood,0,1,1
daddys,0,1,1
daddyy,1,0,1
dadhi,1,0,1
dads,17,16,33
dadsssssss,1,0,1
dady,0,1,1
dae,0,1,1
daemons,0,1,1
dafft,0,1,1
daffy,0,1,1
dafont,1,0,1
daft,3,3,6
dag,1,1,2
dagen,0,1,1
dagger,1,2,3
daggering,0,1,1
daggone,1,0,1
daggy,0,1,1
dago,1,0,1
dah,3,4,7
dahhhh,0,1,1
dahhling,0,1,1
dahlia,0,1,1
dahling,0,2,2
dahlings,0,1,1
dahsar,0,1,1
dai,1,2,3
dailies,0,1,1
dailt,0,1,1
daily,22,35,57
dailybooth,0,1,1
dailycharacter,1,0,1
dailymile,0,1,1
dailyrt,0,1,1
daint,0,1,1
daintier,1,0,1
dainty,1,1,2
daiquiri,1,0,1
dairy,6,4,10
dairylea,1,0,1
daisies,9,2,11
daisy,3,3,6
daisychain,1,0,1
daisycon,0,1,1
dakak,1,0,1
dake,1,0,1
dakno,1,0,1
dakota,4,2,6
daku,1,0,1
dalai,1,0,1
dalaran,1,0,1
dalarna,1,0,1
dalawa,1,1,2
dalby,0,1,1
dale,3,4,7
daledoh,1,0,1
dalesford,0,1,1
daley,1,1,2
dali,1,2,3
dalila,1,0,1
daliladramatic,1,0,1
dallas,12,22,34
daly,2,0,2
dam,10,15,25
damage,7,13,20
damaged,6,1,7
damages,1,1,2
damaging,2,0,2
damai,2,0,2
damansara,0,1,1
dame,1,0,1
dami,2,0,2
damien,1,1,2
daming,1,1,2
damit,4,4,8
damm,3,1,4
dammit,22,21,43
dammm,3,0,3
dammmm,1,0,1
dammmmit,0,1,1
dammmmmnnnnnn,1,0,1
dammmnn,0,2,2
dammnn,1,0,1
damn,284,289,573
damnable,1,0,1
damnation,0,1,1
damned,11,7,18
damnimiss,1,0,1
damnit,13,14,27
damnme,1,0,1
damnn,2,3,5
damnnn,1,1,2
damnnnn,1,0,1
damnnnnnnn,0,1,1
damnthose,0,1,1
damnyou,1,0,1
damond,0,1,1
damons,0,1,1
damp,1,3,4
dampen,0,1,1
dampener,0,1,1
dampening,1,0,1
dampens,1,0,1
damper,3,1,4
dampner,1,0,1
dan,22,19,41
dana,3,4,7
danbury,1,0,1
dance,104,80,184
danced,5,5,10
dancefloor,2,3,5
danceordiewithavengeance,1,0,1
dancer,2,9,11
dancerr,1,0,1
dancers,3,2,5
dances,6,5,11
dancey,1,0,1
dancin,5,2,7
dancing,43,45,88
dandeli,1,0,1
dandelion,1,1,2
dandilions,1,0,1
dandy,1,5,6
dane,2,3,5
daneille,1,0,1
danes,0,1,1
dang,31,50,81
danger,8,5,13
dangerous,8,10,18
dangggg,2,1,3
dangit,4,2,6
dani,1,4,5
dania,1,0,1
danica,1,0,1
daniel,14,4,18
danielle,2,2,4
danish,1,4,5
danity,4,4,8
daniwilson,0,1,1
dank,2,2,4
danke,2,6,8
danks,1,0,1
dann,1,0,1
danna,2,0,2
danneel,3,0,3
danniee,1,0,1
danny,23,26,49
dannybrown,1,0,1
dannygokey,2,1,3
dannygokeyislove,0,5,5
dannys,2,0,2
danskin,1,0,1
dante,1,0,1
danybear,0,1,1
daon,1,0,1
dapat,0,2,2
daphne,0,2,2
daphy,1,0,1
daps,1,0,1
dar,4,5,9
darcee,0,1,1
darcy,1,2,3
dare,19,14,33
dared,2,0,2
daredevil,1,0,1
darel,1,0,1
darelle,1,0,1
daren,1,0,1
dares,2,0,2
darfur,0,1,1
dari,1,3,4
darien,1,1,2
daring,1,0,1
dark,55,46,101
darkened,0,1,1
darker,4,3,7
darkerr,0,1,1
darkheresy,1,0,1
darklight,0,1,1
darkly,0,1,1
darkness,6,4,10
darko,1,0,1
darl,1,3,4
darlin,3,16,19
darling,22,39,61
darlingg,0,1,1
darlingheart,1,0,1
darlings,0,2,2
darn,35,32,67
darndest,0,2,2
darned,1,0,1
darnell,0,1,1
darnit,1,1,2
darnnn,0,1,1
darragh,0,1,1
darrell,0,1,1
darren,1,1,2
darrrrrlin,1,0,1
darshan,1,0,1
darth,3,1,4
darthed,1,0,1
darts,1,0,1
daru,0,1,1
darude,1,0,1
darvish,1,0,1
darwin,0,4,4
das,3,9,12
dash,3,5,8
dashboard,2,1,3
dashed,0,1,1
dashing,0,1,1
dasmari,0,1,1
dass,0,1,1
dat,32,50,82
data,17,23,40
database,4,2,6
databases,1,0,1
datacentre,0,1,1
datamodem,0,1,1
datang,1,1,2
date,73,94,167
datea,1,0,1
dated,2,4,6
dateeengg,1,0,1
dateless,1,0,1
dateline,1,1,2
datepicker,1,0,1
dates,7,30,37
datet,1,0,1
datetwit,0,1,1
dati,1,0,1
dating,18,16,34
dats,4,12,16
datz,0,1,1
dauchebates,0,1,1
daugh,0,1,1
daughter,44,53,97
daughters,6,6,12
daugther,1,0,1
dauphine,0,1,1
dav,0,2,2
davanni,0,1,1
davao,0,1,1
dave,18,22,40
davedesch,1,0,1
davematthewsband,0,1,1
davey,1,1,2
david,60,43,103
davidarchie,2,1,3
davidcarradine,1,0,1
davidnya,0,1,1
davidson,1,0,1
davies,1,0,1
daviiiid,0,1,1
davis,3,4,7
davison,1,0,1
davy,1,1,2
davygreenberg,0,1,1
davynathan,1,0,1
daw,1,5,6
dawg,3,5,8
dawgggg,0,1,1
dawkin,1,0,1
dawn,7,11,18
dawned,1,0,1
dawnkey,1,0,1
dawno,0,1,1
dawson,4,1,5
dawsy,0,5,5
dawww,1,0,1
dawys,0,1,1
day,1748,1854,3602
daya,0,1,1
dayaaaaa,0,1,1
dayam,1,0,1
daycamp,0,1,1
daycare,3,2,5
daydream,2,1,3
daydreamed,1,0,1
daydreaming,0,2,2
dayfor,1,0,1
dayglo,0,1,1
daygo,0,1,1
dayjob,0,1,1
daylight,1,4,5
daylights,0,2,2
daym,1,1,2
daymn,1,0,1
dayofcaring,1,0,1
dayquil,1,0,1
days,410,442,852
dayss,1,3,4
dayssss,2,1,3
daytime,2,2,4
dayton,0,2,2
daytona,1,4,5
daytonaa,1,0,1
daytrader,0,1,1
dayts,1,0,1
dayum,1,1,2
dayummm,0,1,1
dayy,1,2,3
dayyy,3,0,3
dayyys,1,0,1
dayyyyy,1,0,1
dayyyyyyy,1,0,1
dayz,1,2,3
daze,1,0,1
dazs,1,1,2
dazzle,1,0,1
db,8,9,17
dba,0,2,2
dbacks,1,0,1
dbag,1,0,1
dbers,0,1,1
dbest,1,0,1
dbf,0,1,1
dbh,1,0,1
dbl,2,4,6
dbn,0,1,1
dbz,0,1,1
dc,36,41,77
dca,1,0,1
dcc,0,1,1
dcd,1,0,1
dcfc,0,1,1
dcftfwfl,0,1,1
dchs,1,0,1
dcm,1,0,1
dcsf,1,0,1
dct,1,0,1
dcth,1,1,2
dcu,1,0,1
dd,12,16,28
dday,0,1,1
ddd,3,1,4
dddd,0,1,1
dddddd,0,1,1
ddddddddddddddd,1,0,1
ddf,1,0,1
ddg,0,1,1
ddlj,1,0,1
ddll,1,0,1
ddlovato,1,0,1
ddms,1,0,1
ddn,0,1,1
ddnt,3,1,4
ddr,1,1,2
dds,0,1,1
ddsutte,1,0,1
ddth,3,0,3
ddub,1,5,6
de,50,44,94
dea,0,1,1
deacon,0,1,1
deactivate,1,0,1
deactivated,0,1,1
dead,84,101,185
deadbeef,0,1,1
deadgirl,1,0,1
deadliest,1,1,2
deadline,8,6,14
deadlines,0,5,5
deadly,2,3,5
deadman,1,0,1
deadpool,2,2,4
deads,1,0,1
deadzone,0,1,1
deaf,4,7,11
deal,49,89,138
dealbreaker,1,0,1
dealer,3,2,5
dealers,1,4,5
dealership,1,0,1
dealing,15,8,23
dealling,0,1,1
deallll,0,1,1
deals,9,3,12
dealt,1,1,2
dean,17,10,27
deanna,0,1,1
deans,0,2,2
deanzo,1,0,1
deaply,1,0,1
dear,91,168,259
dearapple,1,0,1
dearer,0,1,1
dearest,4,5,9
dearheat,1,0,1
dearie,1,2,3
dearly,2,1,3
dears,2,2,4
dearth,0,1,1
deary,2,2,4
dearyy,0,1,1
death,42,33,75
deathandtaxes,2,0,2
deathbed,1,0,1
deathcab,0,1,1
deathly,0,2,2
deathmatch,1,0,1
deathmetal,1,0,1
deathnote,2,0,2
deaths,2,4,6
deathtraps,0,1,1
deb,1,3,4
debate,4,7,11
debaters,1,0,1
debates,1,2,3
debating,3,5,8
debauchery,0,1,1
debbbb,0,1,1
debbie,2,5,7
debian,0,1,1
debil,1,0,1
debilitating,1,0,1
debit,1,0,1
deborah,0,2,2
debra,0,2,2
debrief,0,1,1
debriefings,0,1,1
debris,1,0,1
debs,0,1,1
debt,1,4,5
debugging,1,1,2
debuing,1,0,1
debut,6,1,7
debutante,0,1,1
debuted,0,1,1
debuting,0,1,1
debuts,1,0,1
debz,0,1,1
dec,4,9,13
decade,1,0,1
decadent,3,2,5
decadenze,0,1,1
decades,5,1,6
decaf,0,1,1
decant,0,1,1
decapitated,2,0,2
decay,0,1,1
deceived,1,0,1
deceiving,1,2,3
december,8,9,17
decemberists,0,1,1
decembr,0,1,1
decembre,1,0,1
decency,0,1,1
decending,1,0,1
decent,20,29,49
deceptive,1,0,1
decide,23,33,56
decided,50,56,106
decidedly,1,1,2
decides,2,4,6
deciding,2,5,7
decimated,0,1,1
decipher,4,0,4
decision,17,21,38
decisions,2,4,6
decisive,2,0,2
decisively,0,1,1
deck,13,15,28
deckchair,0,1,1
decks,2,0,2
declaration,0,1,1
declare,1,0,1
declared,1,2,3
declaring,2,3,5
declaw,2,0,2
decline,4,1,5
declined,3,1,4
decluttering,0,1,1
decode,3,1,4
decoding,1,0,1
decompression,1,0,1
decongestant,1,0,1
decor,0,1,1
decorate,0,1,1
decorated,1,0,1
decorates,0,1,1
decorating,0,6,6
decoration,1,2,3
decorations,0,1,1
decorator,0,1,1
decoy,0,1,1
decreasing,0,1,1
decribe,1,0,1
decs,1,0,1
dede,0,1,1
dedicate,4,2,6
dedicated,4,5,9
dedicating,1,1,2
dedication,2,4,6
dedications,0,1,1
dedictaed,0,1,1
deducability,0,1,1
deduct,1,1,2
deducted,1,0,1
deductible,1,2,3
dee,5,7,12
deed,3,4,7
deeds,1,2,3
deedsss,1,0,1
deee,1,0,1
deeeaaarrr,1,0,1
deeeeeeeeeeelightful,0,1,1
deeeeeeeeeeh,0,1,1
deeeeeevvvvoooo,1,0,1
deeeeeyum,0,1,1
deeelicious,0,1,1
deeen,1,0,1
deefamouss,1,0,1
deeh,0,1,1
deejay,1,0,1
deejays,1,0,1
deeley,1,0,1
deelish,0,1,1
deemed,2,0,2
deems,1,0,1
deen,0,1,1
deep,32,39,71
deepak,1,0,1
deepconnect,0,1,1
deeper,1,3,4
deepest,3,3,6
deepfelt,1,0,1
deeply,2,10,12
deeps,0,1,1
deer,6,5,11
deerhound,0,1,1
deerhunter,2,0,2
deerinfested,1,0,1
deers,1,0,1
dees,1,0,1
deesp,0,1,1
deet,1,1,2
deets,2,5,7
deetz,0,2,2
deez,1,0,1
deezy,2,0,2
def,60,90,150
deface,0,1,1
defanitely,1,0,1
default,6,10,16
defeat,2,4,6
defeating,1,1,2
defeats,1,1,2
defect,0,1,1
defective,1,0,1
defeiend,0,1,1
defend,3,3,6
defendants,1,0,1
defender,1,0,1
defending,1,2,3
defense,5,3,8
defensive,1,0,1
defensw,1,0,1
deferment,0,2,2
deff,5,5,10
deffinately,1,0,1
deffo,3,4,7
defiance,0,2,2
defiantly,1,1,2
deficient,0,1,1
deficit,0,1,1
defies,0,1,1
definate,1,1,2
definately,9,23,32
definatelyyyyyyy,0,1,1
definatley,0,1,1
definatly,0,1,1
define,2,5,7
defined,0,3,3
definetely,0,1,1
definetly,2,1,3
defining,1,0,1
definite,2,5,7
definitelly,0,1,1
definitely,110,217,327
definition,5,11,16
definitions,1,1,2
definitive,1,0,1
definitively,1,0,1
definitley,0,2,2
definitly,2,4,6
deflated,1,0,1
deflection,0,1,1
defnitley,0,1,1
defnly,0,1,1
defo,5,12,17
defoo,0,1,1
defra,0,1,1
deft,0,1,1
defult,1,0,1
defunct,1,1,2
defy,0,2,2
defying,0,1,1
deg,4,3,7
degenerate,1,0,1
degeneres,2,0,2
degrading,0,1,1
degrassi,3,0,3
degraw,1,0,1
degree,11,10,21
degreee,1,0,1
degrees,16,23,39
degress,1,1,2
deh,2,8,10
dehhh,0,1,1
dehhhh,1,0,1
dehlicatessen,1,0,1
dehrydrated,1,0,1
dehydration,0,1,1
dei,1,0,1
deidra,0,1,1
deity,0,1,1
deixis,0,1,1
deja,1,3,4
dejected,1,0,1
dejo,1,0,1
dekalb,0,1,1
dekh,0,2,2
deki,0,1,1
dekker,1,0,1
dekleta,1,0,1
del,8,6,14
delancey,1,0,1
deland,0,1,1
delano,0,1,1
delaware,0,1,1
delay,14,8,22
delayed,22,18,40
delayin,0,1,1
delaying,2,2,4
delays,2,3,5
delectable,1,0,1
delegate,1,1,2
delerious,0,1,1
deles,0,1,1
delete,20,24,44
deleted,22,28,50
deletes,0,1,1
deletin,0,1,1
deleting,3,10,13
deleware,1,0,1
delhi,4,9,13
delhis,0,1,1
deli,3,1,4
delia,2,1,3
deliberate,1,0,1
deliberately,1,0,1
delicate,0,1,1
delicieux,1,0,1
delicious,32,46,78
delight,2,4,6
delighted,0,3,3
delightful,0,7,7
delirious,2,2,4
deliriously,0,1,1
deliscious,1,0,1
delish,2,13,15
deliver,11,9,20
deliverance,0,1,1
delivered,6,10,16
delivering,3,1,4
delivers,3,1,4
delivery,12,11,23
delkey,1,0,1
dell,6,7,13
dells,0,1,1
delongeday,26,0,26
delonte,1,1,2
delorean,1,0,1
delores,1,1,2
delta,1,2,3
delte,0,1,1
deluded,0,1,1
deluise,1,0,1
delusional,0,1,1
deluweil,0,1,1
delux,0,1,1
deluxe,2,2,4
delving,1,0,1
dem,9,7,16
demain,0,1,1
demand,15,16,31
demanded,0,1,1
demanding,0,1,1
demands,2,1,3
demarco,1,0,1
demented,1,0,1
dementieva,1,0,1
demi,28,20,48
demilena,1,0,1
demis,1,1,2
demise,1,0,1
demo,13,14,27
democracy,2,3,5
democrat,2,0,2
democratic,3,0,3
democrats,3,0,3
demoed,0,1,1
demographic,0,2,2
demographics,1,0,1
demoing,0,1,1
demolish,0,1,1
demon,1,1,2
demonic,1,0,1
demons,5,8,13
demonstration,1,0,1
demonstrators,1,0,1
demoralizing,0,1,1
demorarme,0,1,1
demos,0,1,1
demoted,0,1,1
dempsie,1,0,1
dems,1,0,1
den,6,11,17
dena,1,0,1
denali,1,0,1
denan,0,1,1
dendrankisdenduvel,1,0,1
denedim,1,0,1
dengan,0,1,1
dengerin,1,0,1
dengg,1,0,1
dengue,1,0,1
deniablity,1,0,1
denial,4,2,6
denied,3,4,7
denies,1,0,1
denim,1,4,5
denims,1,0,1
denise,3,2,5
denison,0,1,1
denk,0,1,1
denkste,0,1,1
denluvinbyrne,1,0,1
denmark,0,7,7
denn,0,2,2
dennesha,1,0,1
dennis,0,2,2
denny,2,1,3
dennys,0,2,2
dennyville,1,0,1
denotes,1,0,1
denovo,1,0,1
dens,0,1,1
dense,1,4,5
densely,0,1,1
dent,1,2,3
dental,2,6,8
dented,2,1,3
dentention,0,1,1
denting,0,1,1
dentist,25,13,38
dentistry,0,2,2
dentists,1,0,1
denton,1,0,1
dents,0,1,1
denver,4,8,12
deny,5,8,13
denzel,1,0,1
deo,1,0,1
deodorant,1,0,1
deon,2,0,2
deonna,2,0,2
depart,1,0,1
departed,2,2,4
department,2,5,7
departmental,1,0,1
departments,0,1,1
departs,1,0,1
departure,1,1,2
depeche,1,3,4
depechemode,1,0,1
depend,2,2,4
dependant,1,0,1
depended,1,0,1
dependent,2,2,4
depending,4,13,17
depends,18,40,58
depersate,1,0,1
depleted,0,1,1
deploma,1,0,1
deploy,1,1,2
deployed,2,1,3
deployment,1,1,2
depois,0,1,1
depopulated,1,0,1
deposit,0,3,3
deposited,0,1,1
deposits,1,0,1
depot,2,1,3
depp,2,3,5
depresing,1,0,1
depress,0,2,2
depressant,2,0,2
depressed,37,22,59
depressin,0,1,1
depressing,38,31,69
depressingly,1,0,1
depression,5,4,9
depressive,0,1,1
deprivation,0,1,1
deprive,0,1,1
deprived,5,6,11
depseration,1,0,1
dept,2,5,7
depth,2,3,5
depths,0,1,1
deptt,0,1,1
deputies,1,0,1
der,3,11,14
deragefied,0,1,1
derail,3,0,3
derby,5,5,10
dere,3,4,7
deregulated,0,1,1
derek,7,4,11
dereks,1,0,1
derick,0,1,1
derision,0,1,1
derita,1,0,1
derive,1,0,1
deriving,0,1,1
derk,0,1,1
dermals,1,0,1
derogatory,1,0,1
derr,1,0,1
derren,0,2,2
derrin,1,0,1
derro,0,1,1
derry,1,0,1
ders,1,0,1
derunkah,1,0,1
des,1,5,6
desayune,1,0,1
descendant,0,2,2
descended,1,0,1
descent,1,3,4
descolar,1,0,1
describe,6,6,12
described,1,2,3
describes,0,2,2
describing,1,0,1
describn,1,0,1
descrimination,1,0,1
description,3,11,14
descriptions,0,1,1
descriptive,1,3,4
desenhei,1,0,1
desert,8,9,17
deserted,1,0,1
deserts,1,1,2
deserve,33,47,80
deserved,10,27,37
deserves,8,12,20
deservin,1,0,1
deserving,0,1,1
deseve,0,1,1
desi,2,2,4
design,35,52,87
designated,0,1,1
designed,6,5,11
designer,10,14,24
designers,2,4,6
designing,4,6,10
designs,6,11,17
designtalk,1,0,1
desirable,0,1,1
desire,7,7,14
desired,3,1,4
desiree,2,0,2
desires,2,1,3
desk,15,33,48
deskmodding,1,0,1
desks,2,0,2
desktop,9,14,23
desmond,1,0,1
desolate,0,1,1
despair,0,3,3
desparate,1,0,1
desparately,0,1,1
desparte,1,0,1
desperate,12,10,22
desperated,1,0,1
desperately,6,6,12
desperation,2,2,4
desperatly,1,0,1
despise,0,1,1
despised,1,1,2
despite,14,7,21
despiute,0,1,1
desple,0,1,1
despotic,1,0,1
desprate,1,0,1
despre,1,1,2
desrve,1,0,1
dessas,1,0,1
dessert,6,3,9
desserts,4,1,5
destin,0,1,1
destination,6,2,8
destinations,2,0,2
destined,2,1,3
destiney,1,0,1
destiny,6,5,11
destroy,8,5,13
destroyallbots,0,1,1
destroyed,4,7,11
destroying,2,1,3
destroys,0,1,1
destroytwitter,0,1,1
destruction,1,2,3
destructive,2,0,2
destructor,0,1,1
desu,0,1,1
det,1,0,1
detach,0,1,1
detached,1,0,1
detachment,1,0,1
detail,9,5,14
detailed,2,4,6
details,21,43,64
detatched,0,1,1
detect,0,2,2
detected,1,1,2
detecting,0,1,1
detection,0,1,1
detective,2,3,5
detectives,1,0,1
detention,2,2,4
determination,3,0,3
determine,2,3,5
determined,9,9,18
determinism,1,0,1
deterrant,0,1,1
deterred,0,1,1
detest,0,1,1
detestable,0,1,1
detour,1,2,3
detox,1,4,5
detoxed,1,0,1
detracted,1,0,1
detroit,12,13,25
detroittigers,1,0,1
detto,1,0,1
deuce,0,1,1
deux,2,0,2
dev,15,7,22
devastated,0,4,4
devastating,0,1,1
devasted,1,0,1
devaughn,1,0,1
devede,0,1,1
devel,1,0,1
develop,0,7,7
developed,4,2,6
developer,2,6,8
developers,5,4,9
developing,5,5,10
development,11,11,22
developments,0,2,2
develops,1,1,2
deveriam,0,1,1
devestating,0,2,2
deviant,0,1,1
deviantart,1,2,3
deviations,0,1,1
device,6,5,11
devices,3,0,3
devied,0,1,1
devil,11,13,24
deviled,0,1,1
devilish,0,1,1
devils,2,0,2
devin,0,2,2
devine,1,0,1
devious,2,2,4
devistated,2,0,2
devistating,0,1,1
devo,4,4,8
devoed,0,2,2
devoid,1,1,2
devon,2,3,5
devooo,0,1,1
devote,0,1,1
devoted,0,3,3
devotees,1,0,1
devotion,2,0,2
devotions,1,0,1
devour,1,0,1
devoured,1,0,1
devourer,1,0,1
devoyke,0,1,1
devstateddd,1,0,1
devunity,1,0,1
devy,0,1,1
dew,7,2,9
dewa,0,1,1
dewan,0,1,1
dewey,1,0,1
dexaggerating,0,1,1
dexter,3,7,10
dexy,3,1,4
dey,6,3,9
deym,0,1,1
deyor,0,1,1
deze,1,1,2
dezi,1,0,1
df,1,0,1
dfail,0,1,1
dfb,0,1,1
dfinition,0,1,1
dfizzy,1,8,9
dfjdslkfjd,1,0,1
dftba,2,0,2
dfw,1,1,2
dfx,0,1,1
dgeek,1,0,1
dgq,0,1,1
dgt,1,0,1
dh,8,13,21
dha,0,1,1
dhani,2,0,2
dharma,2,0,2
dhat,1,0,1
dhcp,2,0,2
dhead,0,1,1
dhempe,1,0,1
dhgymn,1,0,1
dhl,1,1,2
dhoka,1,0,1
dhoni,1,0,1
dhonnobad,0,1,1
dhq,0,1,1
dhs,1,0,1
di,17,21,38
dia,4,9,13
diabeates,1,0,1
diabetes,8,3,11
diabetic,3,1,4
diabetis,0,1,1
diabites,1,0,1
diablo,1,1,2
diabolical,1,0,1
diagnosed,1,3,4
diagnosis,1,0,1
diagonal,0,1,1
diagonally,1,0,1
diagonosed,0,1,1
diagram,0,1,1
diagrams,0,2,2
diahorrea,1,0,1
dial,3,6,9
dialect,0,1,1
dialidol,1,0,1
dialing,0,1,1
dialling,0,1,1
dialog,0,1,1
dialogue,2,2,4
dialogues,0,1,1
dialup,0,1,1
dialysis,1,0,1
diamo,0,1,1
diamond,5,2,7
diamonds,4,0,4
dian,0,1,1
diana,2,3,5
diandra,0,1,1
diane,1,1,2
diannaaaa,1,0,1
dianne,0,1,1
diaper,3,4,7
diapers,5,2,7
diappointment,0,1,1
diaried,0,1,1
diaries,0,1,1
diarrhea,1,0,1
diary,7,5,12
dias,2,4,6
diay,1,0,1
diaz,0,1,1
diba,1,0,1
dibayarrrr,0,1,1
dibbs,1,0,1
dibeli,0,1,1
dibley,1,0,1
dibruno,0,1,1
dibs,1,2,3
dic,0,1,1
dica,0,1,1
dicaprio,1,0,1
dice,6,7,13
dich,0,2,2
dichotomies,1,0,1
dick,16,14,30
dickensurl,1,0,1
dickhead,0,1,1
dickhole,1,0,1
dicko,0,1,1
dicks,1,1,2
dickwotsit,0,1,1
dicovery,1,0,1
dictating,1,0,1
dictator,0,2,2
dictionaries,1,0,1
dictionary,4,4,8
did,1400,2215,3615
didd,1,0,1
didda,1,0,1
diddle,0,1,1
diddy,3,1,4
dide,1,0,1
dident,1,1,2
didgeridoo,0,1,1
didgets,1,0,1
didi,3,1,4
didint,0,1,1
didja,1,2,3
didn,5,8,13
didnlt,0,1,1
didnot,1,0,1
didnt,185,298,483
dido,0,1,1
dids,1,0,1
die,66,77,143
diecast,1,0,1
died,110,82,192
diedddd,1,0,1
dieeeeed,0,1,1
diego,13,19,32
dieing,2,1,3
diem,1,0,1
dies,16,9,25
diesel,2,1,3
diet,32,22,54
dieted,1,0,1
dieting,1,2,3
dietrich,1,0,1
diets,2,3,5
diez,0,1,1
dif,0,4,4
diferent,1,0,1
diferentes,0,1,1
diff,10,12,22
differ,1,2,3
difference,25,37,62
differences,1,4,5
different,77,105,182
differentiate,0,1,1
differentiating,1,0,1
differently,4,4,8
differing,0,1,1
differnce,0,1,1
differnt,1,1,2
difficult,23,34,57
difficulties,2,2,4
difficults,1,0,1
difft,0,1,1
dificil,0,1,1
dificult,1,0,1
difinately,1,0,1
difotoooo,1,0,1
difranco,0,1,1
difussing,1,0,1
dig,13,23,36
digby,0,2,2
digg,6,4,10
diggedy,1,0,1
digger,1,0,1
diggin,5,4,9
digging,4,8,12
diggity,0,1,1
diggle,0,1,1
diggnation,1,0,1
digi,1,0,1
digibcast,1,0,1
digicam,0,1,1
digicams,0,1,1
digifreq,0,1,1
digit,0,1,1
digital,12,8,20
digitale,1,0,1
digitally,0,3,3
digitize,0,2,2
digitized,1,0,1
digits,1,1,2
dignified,0,1,1
dignity,1,1,2
digno,0,1,1
digs,1,2,3
dihd,1,0,1
dii,0,1,1
diia,0,1,1
diid,0,2,2
diie,1,0,1
diilangin,1,0,1
diiner,0,1,1
diis,0,1,1
dijeron,1,0,1
dijkt,1,0,1
dikasih,1,0,1
dikatain,0,1,1
dike,1,0,1
dikheaddddd,1,0,1
diks,0,1,1
dil,2,1,3
dilated,2,1,3
dilating,1,0,1
dilbert,0,1,1
dildo,1,1,2
dilemma,2,9,11
dilf,0,1,1
dill,2,1,3
dilla,1,0,1
dilutive,1,0,1
dim,2,3,5
dimas,1,0,1
dimdim,0,1,1
dime,2,2,4
dimension,1,0,1
dimensional,0,1,1
dimensionally,1,0,1
dimineatza,0,1,1
dimples,2,4,6
dimsum,0,2,2
din,18,18,36
dina,2,2,4
dinara,1,0,1
dine,0,2,2
diner,5,3,8
dinering,0,1,1
dinero,1,0,1
ding,5,13,18
dingen,1,0,1
dinger,1,0,1
dinghies,0,1,1
dingo,1,0,1
dining,2,4,6
dink,0,2,2
dinn,0,2,2
dinner,102,113,215
dinnerrrrrrr,1,0,1
dinners,0,3,3
dinnertime,1,1,2
dinnerware,1,0,1
dinnerwith,1,0,1
dinnnaarr,1,0,1
dino,1,2,3
dinosaur,1,4,5
dinosaurs,1,1,2
dinozzo,0,1,1
dins,2,2,4
dint,4,5,9
dinuguan,0,1,1
dinz,0,1,1
dion,2,0,2
dionnac,1,0,1
dior,0,1,1
dios,1,0,1
dip,4,3,7
dipaksa,1,0,1
dipity,1,0,1
diplo,0,1,1
diploma,2,2,4
diplomas,1,0,1
diplomatic,1,2,3
diplomees,1,0,1
dipped,2,1,3
dippin,1,1,2
dipping,3,0,3
dips,2,1,3
dipset,0,1,1
diqqin,0,1,1
dir,1,1,2
dire,3,3,6
direaha,1,0,1
direct,25,51,76
directed,3,5,8
directing,2,3,5
direction,8,10,18
directions,1,12,13
directly,5,10,15
director,2,6,8
directorate,1,0,1
directors,1,2,3
directory,0,4,4
directs,0,1,1
directv,1,1,2
directwithhotels,0,1,1
direk,0,1,1
direspecting,0,1,1
dirge,0,1,1
dirigible,0,1,1
dirk,1,0,1
dirt,6,5,11
dirtbag,0,1,1
dirtier,0,1,1
dirtiest,1,0,1
dirty,24,23,47
dirtyblaqboi,0,1,1
dirtygun,1,0,1
dirtysecret,1,0,1
dirtyyyy,0,1,1
dirumah,1,0,1
diry,1,0,1
dis,17,17,34
disabilities,1,0,1
disability,0,2,2
disabled,3,5,8
disadvantage,0,1,1
disadvantages,1,0,1
disagree,4,7,11
disagreed,0,1,1
disagreeing,0,2,2
disagreement,0,1,1
disagrees,2,1,3
disana,0,1,1
disapeared,1,1,2
disapears,1,0,1
disapoint,1,0,1
disapointed,1,2,3
disapointing,0,1,1
disapointment,0,1,1
disappear,7,7,14
disappearance,1,0,1
disappeared,12,20,32
disappeares,1,0,1
disappearing,2,3,5
disappearn,0,1,1
disappears,0,2,2
disapper,1,0,1
disappoint,5,5,10
disappointed,42,52,94
disappointing,9,18,27
disappointingly,0,1,1
disappointment,6,9,15
disappoints,1,1,2
disapponted,1,0,1
disapressed,1,0,1
disapting,1,0,1
disaster,3,5,8
disasterous,0,1,1
disasters,1,3,4
disastrous,1,1,2
disbanded,0,1,1
disbelief,2,1,3
disc,5,8,13
discard,0,2,2
discern,0,1,1
discernible,0,1,1
discipline,2,2,4
disciplined,1,0,1
disclaimer,1,1,2
disclaimers,0,1,1
disclamer,0,1,1
disclose,3,0,3
disclosure,1,1,2
disco,5,4,9
discomfort,0,2,2
discomfortable,1,0,1
disconected,1,0,1
disconnect,1,2,3
disconnected,8,10,18
disconnecting,0,1,1
discontinued,0,3,3
discontinuing,1,0,1
discostick,1,0,1
discount,10,9,19
discounted,0,1,1
discounts,2,2,4
discourage,0,2,2
discouraged,2,0,2
discouraging,1,1,2
discourse,0,1,1
discovagina,1,0,1
discover,4,5,9
discovered,13,7,20
discoveries,0,1,1
discovering,0,2,2
discovers,2,0,2
discovery,3,6,9
discredited,0,1,1
discreet,0,1,1
discreetly,1,0,1
discretely,0,1,1
discretion,0,1,1
discretionary,1,0,1
discriminating,0,1,1
discrimination,1,3,4
discriminatory,0,1,1
discs,1,3,4
discturbance,1,0,1
discuss,10,13,23
discussants,0,1,1
discussed,2,4,6
discusses,1,0,1
discussing,2,4,6
discussion,10,5,15
discussional,1,0,1
discussions,2,1,3
discutia,1,0,1
discworld,1,0,1
disdain,0,1,1
disease,5,7,12
diseased,1,1,2
diseases,0,4,4
disecting,0,1,1
disembark,1,0,1
disgrace,0,1,1
disgraced,1,0,1
disgraceful,1,0,1
disgruntled,0,1,1
disguise,1,1,2
disguised,2,0,2
disguises,0,1,1
disgust,0,1,1
disgusted,1,3,4
disgusting,8,15,23
disgustingly,0,1,1
dish,4,10,14
disheartening,1,1,2
dishes,9,12,21
dishonest,1,0,1
dishwasher,4,3,7
dishwashers,0,1,1
dishwashing,1,0,1
dishwater,0,1,1
disillusioned,1,0,1
disinfected,1,0,1
disini,2,0,2
disk,4,3,7
diskpie,0,1,1
disks,1,2,3
dislike,8,20,28
disliked,1,0,1
dislikes,3,2,5
disliking,0,1,1
dislocated,1,0,1
dismal,0,4,4
dismay,0,1,1
dismembered,1,0,1
dismissed,1,2,3
disney,28,31,59
disneyland,5,6,11
disorder,3,3,6
disown,1,1,2
dispensable,1,0,1
dispenser,1,0,1
displacing,0,1,1
display,14,14,28
displayed,1,0,1
displaying,0,2,2
displays,0,3,3
displeases,1,0,1
displeasure,1,0,1
disposable,1,0,1
disposables,1,0,1
disposal,1,1,2
dispose,2,0,2
disposition,0,1,1
disproporionate,0,1,1
disptched,0,1,1
disputing,1,0,1
disqualified,1,0,1
disquise,0,1,1
disrespect,2,3,5
disrespected,0,1,1
disrespectful,0,2,2
disrupt,1,0,1
disrupted,1,1,2
disrupting,0,1,1
disruption,0,1,1
disruptive,0,1,1
diss,3,1,4
dissapeared,2,0,2
dissapoined,1,0,1
dissapointed,4,10,14
dissapointing,4,1,5
dissapointment,0,1,1
dissappointed,0,2,2
dissappointment,1,1,2
disse,1,0,1
dissecting,0,1,1
dissects,0,1,1
dissed,1,2,3
disseminate,0,1,1
dissent,1,0,1
dissertation,1,1,2
dissimilar,0,1,1
dissing,0,2,2
dissipates,0,1,1
disso,1,0,1
dissolved,1,1,2
dissonant,1,0,1
dist,1,1,2
distacting,0,1,1
distance,13,12,25
distances,0,1,1
distant,0,5,5
distate,1,0,1
distict,0,1,1
distill,1,0,1
distilled,1,0,1
distillery,1,1,2
distinct,1,4,5
distinction,0,1,1
distinguishing,1,0,1
distorted,2,0,2
distortion,0,1,1
distract,2,6,8
distracted,10,14,24
distracting,5,5,10
distraction,4,6,10
distractions,3,6,9
distrat,0,1,1
distraught,3,3,6
distress,0,1,1
distressed,2,2,4
distresses,0,1,1
distressing,1,0,1
distribute,0,1,1
distributed,0,1,1
distribution,0,2,2
distributor,1,0,1
district,2,3,5
disturb,0,3,3
disturbed,1,3,4
disturbing,5,9,14
disuruh,0,1,1
disz,1,0,1
dit,0,1,1
dita,1,1,2
ditag,0,1,1
ditch,2,6,8
ditched,3,5,8
ditcher,1,0,1
ditchin,0,1,1
ditching,2,0,2
dither,1,0,1
dito,2,2,4
ditos,0,1,1
ditto,12,13,25
dittooo,0,1,1
div,3,3,6
diva,6,2,8
divas,0,3,3
dive,3,2,5
diver,0,1,1
diveristy,1,0,1
diverse,1,0,1
diversified,1,0,1
diversion,0,1,1
diversity,25,10,35
diversityyyyy,1,0,1
diverted,0,1,1
divertido,0,1,1
divertisty,0,1,1
divide,2,1,3
divided,2,0,2
dividends,5,8,13
divider,1,0,1
dividers,1,0,1
divinci,0,1,1
divine,6,4,10
diviners,0,1,1
diving,2,1,3
divinyls,0,1,1
division,2,1,3
divorce,10,9,19
divorced,4,2,6
divorcing,2,1,3
divulge,0,1,1
divy,1,0,1
diwnl,0,1,1
dixie,0,5,5
dixiebelle,1,0,1
dixiechat,1,0,1
dixon,1,0,1
diy,1,5,6
diya,1,0,1
diyan,0,1,1
diz,1,1,2
dizzee,0,2,2
dizziness,0,1,1
dizzy,7,4,11
dizzyness,0,1,1
dj,21,14,35
djamena,1,0,1
django,1,1,2
djangodash,2,0,2
djed,1,0,1
djembe,1,0,1
djimon,0,1,1
djing,2,6,8
djkep,1,0,1
djms,1,0,1
djokovic,1,1,2
djphase,1,0,1
djs,1,1,2
djtinat,1,0,1
dk,1,8,9
dkny,0,1,1
dks,2,0,2
dl,9,7,16
dland,0,1,1
dlc,0,2,2
dles,1,0,1
dling,0,1,1
dlkjadg,0,1,1
dll,0,1,1
dlls,1,0,1
dloaded,1,0,1
dloading,1,0,1
dlp,0,1,1
dlpw,1,0,1
dlr,0,2,2
dls,0,1,1
dlsu,0,1,1
dlx,1,0,1
dm,98,170,268
dma,1,0,1
dmaybe,1,0,1
dmb,8,3,11
dmc,3,0,3
dmca,1,0,1
dmctweetcount,2,0,2
dmctweeterscount,1,0,1
dmcwmnshow,3,0,3
dmed,1,1,2
dmessaged,1,0,1
dmi,1,0,1
dmore,1,0,1
dms,7,7,14
dmth,0,1,1
dmv,2,4,6
dmwakeupcall,1,0,1
dn,3,5,8
dna,2,2,4
dnc,0,1,1
dnce,1,0,1
dnd,1,2,3
dness,0,1,1
dnf,0,1,1
dnlla,1,0,1
dnn,0,1,1
dno,2,4,6
dns,0,1,1
dnt,54,43,97
dnw,3,0,3
do,3502,4767,8269
doa,0,2,2
doable,1,1,2
doakan,1,1,2
doamne,1,0,1
doang,1,1,2
doank,1,1,2
doanya,0,1,1
doar,2,2,4
dobnt,0,1,1
dobri,1,0,1
doby,0,1,1
doc,10,22,32
doch,0,1,1
dock,2,5,7
docks,0,1,1
docomo,1,0,1
docs,8,5,13
doctawojo,1,0,1
doctor,25,31,56
doctored,0,1,1
doctors,18,11,29
document,3,10,13
documentaries,0,1,1
documentary,2,5,7
documentation,1,0,1
documents,2,0,2
dodah,0,1,1
doddy,0,1,1
dodge,1,0,1
dodgeball,1,0,1
dodged,0,1,1
dodger,1,3,4
dodgers,9,2,11
dodgertown,1,1,2
dodging,3,3,6
dodgy,3,10,13
dodo,1,0,1
dody,0,1,1
doe,3,2,5
doean,0,1,1
doeeeee,1,0,1
doener,0,1,1
doens,2,0,2
doenst,0,1,1
doente,1,0,1
doer,0,1,1
does,566,778,1344
doesent,1,0,1
doesfollow,1,0,1
doesn,9,4,13
doesnot,0,2,2
doesnt,69,93,162
dofe,1,0,1
dofeing,0,1,1
dog,107,124,231
dogbox,1,0,1
dogfight,0,1,1
dogfood,1,0,1
dogg,0,3,3
dogged,0,1,1
doggie,4,10,14
doggies,1,4,5
doggiiee,0,1,1
doggy,7,5,12
doggys,0,1,1
doghouse,1,0,1
dogma,1,1,2
dogness,0,1,1
dogpoo,0,1,1
dogs,34,46,80
dogsies,0,1,1
dogss,0,1,1
dogter,0,1,1
dogtraders,1,0,1
doh,3,10,13
doha,0,1,1
doherty,0,1,1
doi,0,1,1
doiin,1,0,1
doin,39,58,97
doing,407,606,1013
doingg,2,1,3
doinnn,1,0,1
doinnnn,0,1,1
doinq,1,0,1
doj,0,1,1
dok,0,1,1
doke,1,0,1
dokey,1,1,2
dokie,1,5,6
dokiee,0,1,1
doktor,0,1,1
dolares,1,0,1
dolce,1,2,3
dolcekiss,0,1,1
doleite,0,1,1
dolezite,1,0,1
dolger,0,1,1
doll,19,31,50
dolla,1,0,1
dollar,10,8,18
dollars,16,18,34
dollartees,1,0,1
dollface,2,4,6
dollhouse,2,7,9
dolls,3,13,16
dolly,2,2,4
dolo,0,1,1
dolores,0,1,1
dolphin,0,2,2
dolphine,1,0,1
dolphins,1,0,1
dom,1,4,5
domain,4,11,15
domainidea,1,0,1
domains,0,2,2
dome,4,1,5
domed,1,0,1
domestic,4,3,7
dominance,1,0,1
dominate,1,1,2
dominated,0,1,1
domination,1,2,3
domingo,2,0,2
dominic,1,1,2
dominican,3,0,3
dominion,2,1,3
domino,2,0,2
dominoes,1,0,1
dominos,1,2,3
domo,1,0,1
domrep,1,0,1
doms,0,1,1
don,24,25,49
donair,0,1,1
donald,2,3,5
donalds,1,1,2
donate,3,8,11
donated,3,1,4
donatello,1,0,1
donates,0,1,1
donation,1,4,5
donations,0,3,3
doncaster,0,1,1
donchaknow,0,1,1
dond,0,1,1
donde,1,1,2
dondoniv,1,0,1
done,325,391,716
donee,0,1,1
doner,0,1,1
dong,6,8,14
dongg,0,1,1
donggggg,2,0,2
dongle,1,1,2
dongs,1,1,2
donk,0,3,3
donkey,3,3,6
donkeybiscuits,0,1,1
donna,1,1,2
donnde,1,0,1
donnes,0,1,1
donnie,9,3,12
donnies,0,2,2
donning,0,1,1
donno,2,4,6
donny,1,0,1
dono,0,1,1
donor,0,4,4
donot,0,2,2
donovon,0,1,1
donst,1,0,1
dont,570,674,1244
dontcthink,1,0,1
dontfollowsunday,1,0,1
dontoyulove,1,0,1
donts,0,1,1
dontt,0,1,1
dontttttttttttt,1,0,1
dontuhate,2,0,2
dontuhateitwhen,3,0,3
dontyouhate,74,1,75
dontyouhateit,1,0,1
dontyouhateitwhen,4,0,4
dontyoulove,1,0,1
donughts,0,1,1
donut,9,4,13
donuts,11,9,20
doo,10,6,16
dood,1,5,6
doodadoo,1,0,1
doode,0,2,2
doodie,0,2,2
doodle,1,0,1
doodleparty,1,0,1
doodles,3,1,4
doody,0,1,1
doof,2,0,2
doofes,1,0,1
doofus,0,1,1
doogie,1,0,1
dookie,1,1,2
dool,1,1,2
doolives,1,0,1
doom,2,3,5
doomed,4,2,6
dooms,0,1,1
doomsday,0,1,1
doon,1,0,1
doona,1,0,1
doong,0,1,1
doonntt,0,1,1
doontt,1,0,1
dooo,3,3,6
doooddd,1,0,1
doooit,1,0,1
dooong,1,0,1
doooo,2,1,3
doooon,0,1,1
dooooo,1,3,4
dooooooownloadddddddddssssssss,1,0,1
dooooown,0,1,1
dooper,1,0,1
door,41,55,96
doorbel,1,0,1
doorbell,2,0,2
doorguy,0,1,1
doorknobs,0,1,1
doorlopen,1,0,1
doors,6,11,17
doorstep,1,1,2
doorway,1,0,1
doot,0,2,2
doozy,0,1,1
dope,15,15,30
dopeboys,1,0,1
dopee,0,1,1
dopey,0,1,1
doppelganger,0,1,1
dor,1,1,2
dora,5,2,7
dorada,0,1,1
dorange,1,0,1
dorass,1,0,1
dore,1,0,1
dorea,1,0,1
dorfun,1,0,1
dorian,0,1,1
doritoes,1,0,1
doritos,2,1,3
dork,7,14,21
dorkie,0,2,2
dorkily,0,1,1
dorkins,1,0,1
dorks,1,2,3
dorkus,1,0,1
dorky,2,4,6
dorm,2,0,2
dormant,0,1,1
dorms,0,1,1
dorney,1,0,1
dorothy,2,1,3
dorset,0,2,2
dory,0,1,1
dos,1,3,4
dose,4,6,10
dosen,2,1,3
dosensuppe,1,0,1
dosent,3,8,11
doses,0,1,1
dosing,0,1,1
dosnt,1,0,1
dot,7,13,20
doth,1,0,1
dotnetnuke,1,0,1
dots,1,2,3
dotsub,0,1,1
dott,1,0,1
dotty,0,2,2
dou,1,0,1
doua,0,1,1
doubful,0,1,1
double,43,49,92
doublechuckmemondays,0,1,1
doubleclick,0,1,1
doubles,3,1,4
doubling,2,0,2
doubly,0,1,1
doubt,39,74,113
doubtful,1,4,5
doubting,1,3,4
doubts,2,3,5
douche,3,8,11
douchebag,2,4,6
douchebaggish,0,1,1
douchebuckle,1,0,1
douchenozzle,0,1,1
douches,0,2,2
doues,1,0,1
doug,3,7,10
dougewhite,0,1,1
dougggg,0,1,1
dough,4,3,7
doughnut,0,4,4
doughnuts,3,5,8
doughy,0,1,1
dougie,5,9,14
dougiemcfly,3,0,3
dougies,0,1,1
douglas,2,1,3
douglasville,0,1,1
dougnut,0,1,1
dound,0,1,1
dour,1,0,1
douscherrr,1,0,1
douse,0,1,1
doushe,2,0,2
dove,2,3,5
dover,2,3,5
doves,0,1,1
dovetail,1,1,2
dovetailed,0,1,1
dow,0,1,1
dowhateveriwant,1,0,1
dowin,1,0,1
down,491,486,977
downed,2,1,3
downer,2,5,7
downfall,1,3,4
downgrade,0,1,1
downhill,1,1,2
downiing,1,0,1
downing,1,0,1
downkase,1,0,1
download,52,59,111
downloadable,1,0,1
downloaded,18,15,33
downloader,0,1,1
downloadin,0,1,1
downloading,13,14,27
downloads,5,6,11
downpayment,1,0,1
downpour,1,2,3
downright,0,1,1
downs,2,4,6
downside,6,10,16
downsides,1,1,2
downsize,0,1,1
downsized,0,1,1
downstairs,10,5,15
downtempo,1,0,1
downthemall,1,0,1
downtime,6,2,8
downtown,14,15,29
downturn,1,1,2
downwith,1,0,1
dowrfle,0,1,1
doxie,1,0,1
doyle,1,1,2
doylestown,0,1,1
doyourememberwhen,9,0,9
doz,0,1,1
doze,1,1,2
dozed,1,0,1
dozen,4,4,8
dozens,2,1,3
dozing,1,0,1
dp,2,6,8
dpat,2,0,2
dpcampswe,1,0,1
dpi,0,1,1
dprss,0,1,1
dps,1,1,2
dpt,2,2,4
dq,3,3,6
dr,41,39,80
draaaaaaaaaaaained,1,0,1
draaank,1,0,1
drab,1,0,1
drabble,1,0,1
draco,0,1,1
dracula,0,2,2
draft,3,2,5
drafting,0,1,1
drag,28,21,49
dragg,1,0,1
dragged,4,3,7
draggin,0,1,1
dragging,3,5,8
dragon,5,3,8
dragonberry,0,1,1
dragonfable,0,1,1
dragonflies,0,1,1
dragonfly,0,1,1
dragons,3,3,6
dragonslayer,1,0,1
drags,0,2,2
drain,7,4,11
drained,3,3,6
draining,3,0,3
draink,0,1,1
drains,0,3,3
drake,6,9,15
drakes,0,1,1
drama,24,28,52
dramafilled,0,1,1
dramas,3,2,5
dramatic,8,5,13
dramatically,2,0,2
dramedy,0,1,1
dramzzz,2,0,2
drank,15,8,23
dranks,0,1,1
draper,0,1,1
drastic,1,1,2
drastically,0,1,1
drat,1,0,1
dratch,1,0,1
drats,0,1,1
dravensday,0,1,1
draw,9,13,22
drawbacks,0,1,1
drawer,0,3,3
drawers,3,3,6
drawing,15,15,30
drawings,2,4,6
drawn,1,3,4
drawnt,0,1,1
draws,0,2,2
drdrew,2,0,2
dre,5,2,7
drea,0,1,1
dreaam,0,1,1
dreaams,0,1,1
dread,4,3,7
dreaded,3,1,4
dreadful,1,7,8
dreadfully,2,0,2
dreadin,0,1,1
dreading,4,8,12
dreadlocks,1,0,1
dreadmill,1,0,1
dreads,1,0,1
dreadzone,0,1,1
dream,86,76,162
dreambears,1,0,1
dreamed,3,0,3
dreamer,2,4,6
dreamers,1,0,1
dreamhampton,0,1,1
dreamhost,1,2,3
dreamig,1,0,1
dreamin,3,1,4
dreaming,8,11,19
dreaminggg,0,1,1
dreamjobs,1,0,1
dreamland,1,0,1
dreammm,1,0,1
dreamng,0,1,1
dreams,82,71,153
dreamsz,1,0,1
dreamt,1,2,3
dreamweaver,0,1,1
dreamwidth,1,0,1
dreamworld,0,1,1
dreamy,1,3,4
dreamyeyes,0,1,1
dreary,1,4,5
dreavyn,0,1,1
dreh,1,0,1
dremt,1,0,1
drenchd,0,1,1
drept,0,1,1
dreptate,0,1,1
dres,0,1,1
drescher,0,1,1
dresden,2,0,2
dress,54,52,106
dressed,16,16,32
dresser,2,1,3
dresses,10,9,19
dressfail,1,0,1
dressing,2,10,12
dresss,0,1,1
dressy,0,1,1
drew,6,16,22
drexel,1,0,1
driay,1,0,1
dribble,0,1,1
dribbles,0,1,1
dribbling,1,0,1
dried,5,3,8
drift,3,2,5
drifted,2,0,2
drifting,1,2,3
drill,3,3,6
drilled,0,2,2
drilling,1,0,1
drills,1,0,1
drin,1,0,1
drink,77,147,224
drinker,0,5,5
drinkies,1,1,2
drinkin,5,8,13
drinking,48,47,95
drinks,18,38,56
drinky,0,2,2
drinkys,0,1,1
drip,1,1,2
drippin,1,0,1
dripping,2,2,4
drive,125,100,225
driveaways,1,0,1
driveing,0,1,1
drivel,1,0,1
driven,8,5,13
driver,13,15,28
drivers,10,7,17
drives,6,12,18
driveway,1,5,6
drivin,6,2,8
driving,56,53,109
driz,0,1,1
drizzle,2,1,3
drizzled,0,1,1
drizzles,0,1,1
drizzling,0,2,2
drizzy,2,1,3
drkun,0,1,1
drm,1,2,3
drms,0,1,1
drnking,1,0,1
dro,1,1,2
drobo,1,2,3
droboshare,1,0,1
droll,3,0,3
drones,1,2,3
dronw,0,1,1
drool,3,5,8
drooling,2,2,4
drools,4,1,5
drooped,1,0,1
droopy,0,1,1
drop,41,47,88
dropbox,0,3,3
dropdead,1,0,1
droped,0,1,1
dropout,0,1,1
dropped,31,27,58
dropper,1,0,1
dropping,9,11,20
drops,16,7,23
dropshots,1,0,1
dropsy,1,1,2
drought,0,2,2
droughts,0,1,1
drove,17,13,30
drown,3,8,11
drowned,1,1,2
drowning,7,3,10
drowns,0,1,1
drowsy,1,1,2
drrinking,0,1,1
drrty,2,0,2
drs,2,2,4
drsn,1,0,1
drt,1,0,1
drubner,1,0,1
drug,4,8,12
drugged,1,1,2
drugs,6,9,15
drugsss,1,1,2
druid,0,1,1
druids,1,0,1
drum,3,5,8
drumbeats,1,0,1
drummer,4,6,10
drummerboy,0,1,1
drumming,3,3,6
drumroll,1,0,1
drums,10,8,18
drumsets,0,1,1
drumstick,0,1,1
drumsticks,0,1,1
drunk,65,49,114
drunkards,1,0,1
drunkcamp,1,0,1
drunkei,0,1,1
drunken,4,9,13
drunkeness,1,0,1
drunkenly,1,0,1
drunkk,1,0,1
drunkkk,0,1,1
drunkkkkkkkkkkkk,1,0,1
drunkometer,0,1,1
drunks,0,2,2
drunkstories,1,0,1
drunkth,0,1,1
drunktweeting,0,1,1
drunky,1,1,2
drunnnnnk,0,1,1
drunvalo,1,0,1
drupal,2,1,3
drvs,0,1,1
dry,15,31,46
dryer,6,4,10
drying,2,1,3
dryk,0,1,1
dryly,1,0,1
dryness,1,0,1
ds,19,10,29
dsa,0,1,1
dsara,0,1,1
dsconnectd,0,1,1
dsi,3,3,6
dsihoisodhihds,0,1,1
dsk,0,1,1
dsl,1,1,2
dsljf,0,1,1
dslr,3,0,3
dslrs,1,0,1
dsm,1,0,1
dsnt,0,1,1
dspertare,1,0,1
dsr,2,0,2
dstv,0,1,1
dt,7,5,12
dtermined,1,0,1
dtg,0,1,1
dtill,0,1,1
dto,1,0,1
dtpr,1,0,1
dty,0,1,1
du,5,7,12
dua,0,2,2
dual,2,0,2
duals,1,0,1
dualshock,0,1,1
duane,1,0,1
dub,1,1,2
dubai,4,19,23
dubbed,0,1,1
dubbo,0,1,1
dubious,0,2,2
dublat,0,1,1
dublin,6,11,17
dubplates,1,0,1
dubz,0,2,2
ducati,0,2,2
ducesss,1,0,1
duchamp,0,1,1
duchess,1,0,1
duck,7,15,22
duckie,2,0,2
ducking,0,1,1
duckling,2,0,2
duckraces,1,0,1
ducks,4,9,13
ducky,0,4,4
duct,2,1,3
ducttape,0,1,1
dud,1,1,2
duda,1,0,1
dude,168,247,415
dudee,0,2,2
dudeee,3,0,3
dudeeee,0,1,1
dudeeeeee,0,1,1
dudes,11,11,22
dudette,2,0,2
dudo,0,1,1
duduk,1,0,1
due,56,75,131
duel,1,0,1
duele,1,0,1
duet,2,2,4
duets,0,1,1
duff,2,0,2
dufflebag,0,1,1
duffs,1,0,1
duffy,3,0,3
dufour,0,1,1
dug,0,5,5
duganinja,1,0,1
dugg,1,1,2
dugger,0,1,1
dugo,0,1,1
dugouts,0,1,1
duh,8,25,33
duhhhh,2,0,2
dui,0,2,2
duied,1,0,1
duke,3,1,4
dukie,0,1,1
dulce,0,1,1
dulcet,0,1,1
dull,11,13,24
dullard,0,1,1
dulles,0,1,1
dullest,1,0,1
dulu,0,1,1
duluth,0,1,1
duly,1,1,2
duma,0,1,1
dumb,46,34,80
dumbass,5,4,9
dumbasses,1,0,1
dumbdicknegger,0,1,1
dumbed,0,1,1
dumber,3,2,5
dumbfounded,1,0,1
dumbledore,1,0,1
dumbo,3,0,3
dumdidum,1,0,1
dummies,1,1,2
dummy,1,5,6
dump,3,7,10
dumped,3,5,8
dumper,0,1,1
dumping,2,2,4
dumpling,2,0,2
dumplings,0,1,1
dumps,1,0,1
dumpty,0,1,1
dumpweed,1,0,1
dumpy,0,1,1
dun,12,24,36
dunb,0,1,1
duncan,1,1,2
dunce,0,1,1
dundalk,0,1,1
dundee,0,1,1
dune,1,0,1
dunes,0,2,2
dung,0,1,1
dungeons,1,1,2
dunh,0,1,1
dunk,4,1,5
dunked,1,2,3
dunkin,3,3,6
dunking,0,1,1
dunks,1,3,4
dunn,1,1,2
dunnnoo,0,1,1
dunno,49,85,134
dunnor,0,1,1
duno,4,2,6
dunt,3,0,3
dunzo,0,1,1
duo,2,1,3
dupe,1,0,1
duper,1,4,5
duping,0,1,1
duplicaate,1,0,1
duplicate,1,1,2
duplication,0,3,3
dupont,0,1,1
durable,0,1,1
duracell,0,1,1
duran,6,2,8
duration,1,1,2
durban,0,1,1
duress,0,1,1
durf,0,1,1
durham,1,3,4
durian,3,0,3
durin,1,0,1
during,75,104,179
durr,0,1,1
durrr,0,1,1
durty,0,1,1
dusable,1,0,1
dushku,0,1,1
dusseldorf,0,1,1
dust,5,13,18
dusted,1,1,2
duster,1,0,1
dusters,1,1,2
dustin,3,1,4
dusting,1,0,1
dusty,0,1,1
dutch,5,15,20
dutchrudder,0,1,1
duties,2,5,7
dutifully,0,1,1
dutt,1,0,1
duty,13,9,22
duude,0,1,1
duuude,1,2,3
duuun,1,0,1
duuuude,0,1,1
duuuuude,0,1,1
duuuuuuudddddddddddde,1,0,1
duvelisdendrank,1,0,1
duvet,3,2,5
duvetlike,1,0,1
duy,1,0,1
duz,0,1,1
duznt,0,1,1
dv,0,1,1
dvd,42,40,82
dvds,9,7,16
dvi,1,1,2
dvine,0,1,1
dvora,0,1,1
dvorak,2,0,2
dvr,14,12,26
dvrd,0,1,1
dw,6,10,16
dwanb,1,0,1
dwarf,1,3,4
dwarfs,0,1,1
dwarves,1,0,1
dway,0,1,1
dweebster,1,0,1
dwellers,1,0,1
dwelling,2,0,2
dwf,0,1,1
dwight,3,4,7
dwindling,1,0,1
dwm,0,1,1
dwn,6,4,10
dwnload,0,1,1
dwts,0,1,1
dx,3,6,9
dxo,1,0,1
dy,2,4,6
dyck,1,0,1
dye,5,3,8
dyed,3,4,7
dyeing,1,1,2
dyer,1,1,2
dyers,1,0,1
dyi,0,1,1
dyin,1,2,3
dying,30,30,60
dyingggg,1,0,1
dyinggggggg,0,1,1
dykman,1,0,1
dyl,0,1,1
dylan,5,3,8
dymo,1,0,1
dynamic,2,0,2
dynamics,1,0,1
dynamite,1,1,2
dynamo,0,1,1
dyou,1,1,2
dysentary,1,0,1
dysfunctional,1,0,1
dyslexia,2,0,2
dyslexic,1,0,1
dyspraxia,1,0,1
dyying,0,1,1
ea,8,6,14
eaaaa,0,1,1
eaailydrop,1,0,1
each,76,109,185
eachothas,1,0,1
eachother,9,7,16
ead,0,1,1
eager,3,8,11
eagerly,1,4,5
eagle,1,0,1
eaglecam,1,0,1
eagles,5,0,5
eaither,1,0,1
eak,0,1,1
ealy,1,0,1
eames,0,1,1
ean,1,0,1
eandl,1,0,1
eap,0,1,1
ear,21,23,44
earache,3,2,5
earaches,0,1,1
earf,0,1,1
earhart,1,0,1
earhole,0,1,1
earl,8,3,11
earlc,1,0,1
earlia,1,0,1
earlie,1,1,2
earlier,78,108,186
earliest,0,3,3
earls,1,0,1
early,210,228,438
earlyer,0,1,1
earn,11,12,23
earned,2,11,13
earnhardt,0,1,1
earnings,0,1,1
earphones,4,1,5
earplugs,1,1,2
earring,2,0,2
earrings,4,6,10
earrrrly,1,0,1
ears,22,21,43
earth,28,28,56
earthday,1,0,1
earthfest,1,0,1
earthquake,8,2,10
earthquakes,2,1,3
earthqwake,1,0,1
earthworm,1,0,1
easactive,1,1,2
ease,4,4,8
eases,0,1,1
eash,0,1,1
easier,36,43,79
easierly,1,0,1
easiest,1,5,6
easily,13,19,32
easing,0,1,1
eassssyyy,0,1,1
east,18,28,46
eastasia,1,0,1
eastbourne,0,1,1
eastcoast,0,1,1
easter,7,5,12
easterly,0,1,1
eastern,3,4,7
eastridge,1,0,1
eastside,1,0,1
easttttt,1,0,1
eastwood,1,0,1
easy,87,110,197
easyer,0,1,1
easyway,0,1,1
easyxtarget,1,0,1
eat,179,184,363
eated,1,1,2
eaten,16,14,30
eater,0,1,1
eathier,1,0,1
eathquake,1,0,1
eatin,11,7,18
eating,97,77,174
eatingg,1,0,1
eatinngg,0,1,1
eatinq,0,2,2
eats,6,9,15
eatting,1,2,3
eau,0,1,1
eaves,1,0,1
eavesdropping,0,1,1
eaze,0,1,1
eazy,0,1,1
eb,1,1,2
ebaaaay,0,1,1
ebay,23,12,35
ebayt,0,1,1
ebb,0,1,1
ebbs,1,0,1
ebby,1,0,1
eben,0,1,1
eberswalder,0,1,1
ebil,1,0,1
ebonics,0,1,1
ebony,0,1,1
ebook,1,3,4
ebooks,1,0,1
ebtter,1,0,1
ebucks,1,0,1
ebuddy,0,1,1
ebwl,1,0,1
ec,1,2,3
ecah,1,0,1
ecclesiastes,1,1,2
ecclipse,1,0,1
echelon,15,1,16
echelonday,5,0,5
echelonhouse,0,1,1
echelonmike,1,0,1
echelons,1,0,1
echipa,1,0,1
echipei,0,1,1
echnicea,0,1,1
echo,0,1,1
echoed,0,1,1
echoes,1,1,2
echolink,0,1,1
echos,1,1,2
echt,1,3,4
ecigarette,0,3,3
ecipse,1,0,1
eck,0,4,4
ecka,1,0,1
eckart,1,0,1
eckeren,1,0,1
eckhart,1,0,1
eckharte,1,0,1
eckkky,1,0,1
ecl,1,0,1
eclectic,3,0,3
eclipse,4,5,9
eclipses,0,1,1
eco,2,2,4
ecobill,0,1,1
ecology,1,0,1
ecommerce,1,0,1
ecomonday,1,4,5
econ,0,2,2
econaffinity,0,1,1
economic,2,3,5
economically,1,0,1
economics,3,6,9
economist,0,1,1
economy,6,8,14
ecosystem,0,1,1
ecoverage,0,1,1
ecr,1,0,1
ecstatic,1,1,2
ect,3,1,4
ecudaor,1,0,1
ecw,1,0,1
eczema,1,1,2
ed,25,25,50
edd,0,1,1
eddddddddddddddddddddddddddddddddddddddddddddddddddddddddddahh,1,0,1
eddie,4,3,7
eddings,4,1,5
eddipuss,1,0,1
eddy,1,1,2
edeka,0,1,1
edelman,0,1,1
edemocracy,0,1,1
eden,3,2,5
edenoftheeast,0,1,1
edexcel,0,2,2
edgar,1,0,1
edge,15,13,28
edgefest,0,1,1
edges,0,2,2
edgewise,0,1,1
edh,2,0,2
edible,3,3,6
ediblearrangements,1,0,1
edie,0,1,1
edifying,1,0,1
edin,1,0,1
edinburgh,4,9,13
edinburghbut,0,1,1
edit,13,17,30
editable,1,0,1
edited,6,1,7
editing,9,14,23
edition,13,9,22
editon,1,0,1
editor,6,6,12
editoroch,1,0,1
editors,3,0,3
edits,0,2,2
editting,0,1,1
edlette,1,0,1
edmond,0,2,2
edmonton,1,2,3
edner,0,1,1
eds,0,1,1
edsel,0,1,1
edtweetup,0,1,1
edu,2,2,4
educamp,0,1,1
educate,0,3,3
educated,1,2,3
educating,0,1,1
education,4,11,15
educational,1,3,4
educator,0,1,1
edukators,1,0,1
edward,17,10,27
edwards,2,0,2
edwardsville,0,1,1
edwin,0,2,2
ee,5,5,10
eee,1,3,4
eeee,7,3,10
eeeee,0,3,3
eeeeee,1,0,1
eeeeeee,0,1,1
eeeeeeeee,0,1,1
eeeeeeeeee,0,1,1
eeeeeeeeeeeeli,1,0,1
eeeeeeeew,1,0,1
eeeeeeekkkk,1,0,1
eeeeeeh,1,0,1
eeeeeekkkk,0,1,1
eeeeeekkkkkkkk,0,1,1
eeeeehhhh,0,1,1
eeeeek,1,0,1
eeeeergh,0,1,1
eeeeeverybody,0,1,1
eeeek,3,0,3
eeeep,2,1,3
eeeet,1,0,1
eeeeverything,0,1,1
eeeeyerrr,1,0,1
eeeh,0,1,1
eeehh,1,0,1
eeehm,1,0,1
eeek,3,4,7
eeep,5,0,5
eeepc,1,0,1
eeeuw,0,1,1
eeew,3,0,3
eef,0,1,1
eeh,1,0,1
eehhhhh,0,1,1
eehsh,0,1,1
eeiip,1,0,1
eek,8,9,17
eeks,0,1,1
eel,1,0,1
eels,1,1,2
een,2,0,2
eep,3,6,9
eer,0,1,1
eerily,0,1,1
eerione,1,0,1
eerrhh,1,0,1
eerrryyy,1,0,1
ees,0,2,2
eet,1,1,2
eeugh,0,1,1
eeven,1,0,1
eew,1,1,2
eeyore,2,1,3
ef,2,0,2
efca,1,0,1
eff,9,13,22
effect,11,27,38
effected,1,0,1
effective,4,8,12
effectively,4,0,4
effectiveness,0,1,1
effects,5,13,18
effed,1,2,3
effer,0,1,1
efffff,0,1,1
efffffff,1,0,1
effffffffffffff,0,1,1
effhin,0,1,1
efficient,1,6,7
effigy,1,0,1
effin,6,4,10
effing,9,17,26
effinn,0,1,1
effn,1,0,1
effort,15,19,34
efforts,1,6,7
effs,0,1,1
efivefoure,1,0,1
efpj,1,0,1
efron,4,3,7
eft,0,2,2
efteling,0,1,1
eftpos,1,0,1
eg,3,0,3
egad,0,1,1
egg,11,11,22
eggcrate,1,0,1
egged,0,1,1
egging,1,0,1
eggnog,1,0,1
eggnogg,0,1,1
eggplant,1,0,1
eggrolls,0,1,1
eggs,16,30,46
eggy,0,2,2
eghq,0,1,1
egm,1,1,2
ego,5,11,16
egos,2,2,4
egotistical,1,0,1
egov,0,1,1
egy,1,0,1
egypt,2,3,5
egyptian,0,1,1
eh,49,112,161
ehe,3,0,3
eheh,1,1,2
ehehe,1,2,3
eheheehe,1,0,1
eheheh,0,2,2
ehehehe,0,1,1
ehem,2,0,2
ehh,5,7,12
ehhh,2,1,3
ehhhh,0,1,1
ehhhhhh,1,0,1
ehl,1,0,1
ehm,1,0,1
ehugs,1,0,1
ei,3,0,3
eia,0,1,1
eic,0,1,1
eifel,1,0,1
eiffle,0,1,1
eight,5,7,12
eighteen,1,0,1
eighty,1,0,1
eileen,1,0,1
eill,0,1,1
ein,1,1,2
einai,0,1,1
einat,0,1,1
eine,1,0,1
einea,1,0,1
einen,0,1,1
einfach,1,0,1
einstein,3,1,4
eis,0,1,1
eish,0,3,3
eishhhhhhh,0,1,1
eisley,0,1,1
eisteddfod,1,0,1
eisu,1,0,1
eitha,1,0,1
either,206,308,514
eitherr,0,1,1
eitherrr,0,2,2
eitherway,1,0,1
eithr,1,0,1
ej,0,2,2
ejaculate,1,0,1
ejami,2,2,4
ejecter,0,1,1
ejecting,0,1,1
ejszakat,1,0,1
ek,4,3,7
eka,0,1,1
ekel,1,0,1
ekhono,0,1,1
ekk,1,1,2
ekkkkk,1,0,1
ekm,0,2,2
el,17,17,34
ela,1,0,1
elaborate,1,3,4
elaina,1,0,1
elaine,4,0,4
elantra,0,1,1
elas,1,0,1
elastic,0,1,1
elated,2,0,2
elbow,4,1,5
elbowed,0,1,1
elbowing,1,0,1
elc,1,0,1
elder,0,1,1
elderflower,0,1,1
elderly,2,4,6
elders,0,2,2
eldest,2,1,3
eldora,0,1,1
eldorado,1,0,1
ele,4,3,7
eleanor,1,1,2
elect,1,0,1
elected,0,4,4
election,3,4,7
elections,5,4,9
elective,2,1,3
electo,0,1,1
electoral,1,0,1
electric,5,9,14
electrical,1,2,3
electricbath,1,0,1
electrician,1,0,1
electricity,5,4,9
electrified,0,1,1
electrik,0,4,4
electrition,0,1,1
electro,1,3,4
electrocute,0,1,1
electronic,2,4,6
electronics,2,0,2
eleg,0,1,1
elegance,1,0,1
elegant,0,3,3
elektrik,1,0,1
elem,1,0,1
elemen,1,0,1
element,2,2,4
elementary,6,3,9
elements,2,2,4
elemis,1,0,1
elena,1,0,1
elephant,4,6,10
elephants,3,4,7
eles,2,0,2
elevate,1,0,1
elevation,2,0,2
elevator,4,3,7
elevators,2,0,2
eleven,3,1,4
elevensestime,1,0,1
elf,3,1,4
elgin,1,0,1
eli,1,5,6
elicits,0,1,1
elicopterul,1,0,1
elieve,1,0,1
eligible,2,7,9
elijah,1,0,1
eliminate,1,1,2
eliminated,4,3,7
elimination,2,0,2
eliptical,1,0,1
elisa,1,0,1
elisaaa,0,1,1
elise,3,0,3
elises,1,0,1
elite,2,0,2
elitist,1,0,1
elive,1,0,1
eliza,0,1,1
elizabeth,4,5,9
ell,0,1,1
ella,3,0,3
ellbow,1,0,1
elle,3,5,8
ellen,12,5,17
elletsville,1,0,1
ellicee,0,1,1
ellie,4,2,6
ellieee,0,1,1
ellington,0,1,1
elliot,0,2,2
elliott,2,1,3
ellis,1,2,3
ello,1,3,4
ellon,0,1,1
ellora,0,1,1
ellsbur,1,0,1
ellsbury,1,0,1
ellwoods,1,0,1
elly,1,1,2
elmah,0,1,1
elmer,1,0,1
elmo,4,5,9
elmsford,1,0,1
elmwood,1,0,1
eloborate,0,1,1
eloises,0,1,1
eloped,1,0,1
eloquence,1,0,1
eloquent,2,1,3
eloquently,1,0,1
eloquinze,1,0,1
elora,0,1,1
elphaba,0,1,1
elrond,1,0,1
els,1,0,1
elsah,0,1,1
elsbe,0,1,1
else,160,181,341
elseeeeeeeee,0,1,1
elses,1,1,2
elsewhere,4,5,9
elsewise,1,0,1
elshab,1,0,1
elsie,0,1,1
elsker,1,0,1
elspell,0,1,1
elton,4,2,6
elucidate,0,1,1
elusive,0,1,1
elves,1,0,1
elvis,4,2,6
elwes,0,1,1
em,73,137,210
ema,1,0,1
emabarrassed,0,1,1
emacs,0,1,1
emagrecer,0,1,1
emai,1,0,1
email,106,197,303
emailed,6,22,28
emailer,0,1,1
emailing,4,5,9
emailnya,1,0,1
emails,19,29,48
emailscam,0,1,1
emanating,0,1,1
emancipate,1,0,1
emang,1,2,3
emanuel,0,1,1
emar,0,1,1
emarcomm,0,1,1
emarosa,0,1,1
embarassed,3,1,4
embarassing,1,2,3
embarassment,2,1,3
embarks,1,0,1
embarrased,0,1,1
embarrasing,1,1,2
embarrasment,0,1,1
embarrass,0,1,1
embarrassed,9,5,14
embarrasses,0,1,1
embarrassing,5,9,14
embarrassment,0,1,1
embarresed,1,0,1
embarressed,1,0,1
embarressing,1,0,1
embassies,1,0,1
embassy,1,0,1
embed,0,5,5
embedded,2,1,3
embedding,0,1,1
embellishments,0,1,1
ember,2,0,2
embrace,1,4,5
embraced,1,0,1
embraces,0,2,2
embracing,0,2,2
embrassing,1,1,2
embroidered,0,1,1
embrya,1,0,1
emena,0,1,1
emerald,1,2,3
emeralds,0,1,1
emergen,0,2,2
emergenc,0,1,1
emergencies,0,3,3
emergency,4,10,14
emergent,1,0,1
emerson,2,1,3
emeryville,0,1,1
emetic,1,0,1
emf,0,1,1
emg,0,2,2
emi,1,2,3
emigrated,1,0,1
emil,0,1,1
emilie,1,0,1
emily,14,13,27
eminem,13,6,19
eminemmouthfulofboratassftw,1,0,1
eminently,1,0,1
emirates,0,4,4
emisiune,0,1,1
emissaries,0,1,1
emjay,1,0,1
eml,0,1,1
emm,1,1,2
emma,6,13,19
emmagination,0,1,1
emmah,0,1,1
emmaline,1,0,1
emmett,3,0,3
emmph,1,0,1
emmy,2,3,5
emo,17,15,32
emocionei,1,0,1
emonieves,1,0,1
emooooootional,1,0,1
emory,0,1,1
emos,0,1,1
emoticion,1,0,1
emoticonhugs,0,1,1
emoticons,1,2,3
emoting,1,0,1
emotion,4,3,7
emotional,8,7,15
emotionally,4,2,6
emotionless,1,0,1
emotions,9,5,14
emotiv,0,1,1
emp,2,0,2
empanada,0,1,1
empathise,1,0,1
empathize,0,3,3
empathy,0,1,1
emperor,2,0,2
empezar,0,1,1
emphasis,1,1,2
emphasize,0,2,2
emphatically,1,0,1
empire,5,4,9
empires,0,1,1
employ,1,0,1
employable,0,1,1
employed,1,1,2
employee,7,4,11
employees,1,2,3
employer,3,3,6
employers,0,1,1
employment,0,1,1
employs,0,1,1
emplyed,1,0,1
empower,2,0,2
empowered,2,0,2
empress,0,1,1
empresta,1,0,1
emptied,1,0,1
empties,1,0,1
emptiness,1,0,1
empty,20,26,46
emptycoffeecup,0,1,1
emptyness,1,0,1
empy,0,1,1
ems,1,1,2
emtional,0,1,1
emu,0,1,1
emulating,0,1,1
emulators,0,1,1
emusic,1,1,2
emy,0,1,1
en,17,18,35
enaakk,0,1,1
enable,2,1,3
enabled,0,4,4
enablement,1,0,1
enablers,1,0,1
enables,0,1,1
enabling,2,0,2
enacting,1,0,1
enak,1,1,2
enaknya,1,0,1
enamored,0,1,1
enbom,1,0,1
encanta,1,0,1
encapsulation,0,1,1
enchant,1,0,1
enchanted,1,0,1
enchanting,1,0,1
enchantress,1,0,1
enchiladas,0,1,1
enclosing,1,0,1
enclosure,1,0,1
encode,1,3,4
encoding,0,1,1
encontrar,1,0,1
encontre,1,0,1
encore,0,4,4
encores,0,1,1
encounter,3,2,5
encounters,1,2,3
encounting,1,0,1
encourage,4,7,11
encouraged,2,2,4
encouragement,2,7,9
encouragements,1,0,1
encourages,1,0,1
encouraging,6,11,17
encouragment,1,2,3
encredibly,1,0,1
encrypted,0,1,1
encryption,0,1,1
encyclopedia,2,0,2
end,205,233,438
enda,0,1,1
endangered,2,1,3
enddd,1,0,1
ende,2,0,2
endearing,1,0,1
endeavor,3,1,4
endeavour,1,2,3
ended,42,49,91
endet,1,0,1
endgame,0,2,2
ending,25,21,46
endings,0,2,2
endless,4,3,7
endlessly,1,0,1
endo,0,1,1
endometriosis,0,1,1
endoora,0,1,1
endorphins,0,1,1
endorse,1,0,1
endorsement,2,0,2
endorsements,0,4,4
endorsing,0,1,1
endoscopy,0,1,1
ends,19,24,43
endurance,1,0,1
endure,3,1,4
endured,0,3,3
enduring,1,1,2
enema,2,0,2
enemies,1,2,3
enemy,3,3,6
energetic,0,2,2
energised,0,1,1
energize,1,0,1
energized,0,2,2
energizer,0,1,1
energy,15,30,45
enervon,1,0,1
enews,0,1,1
enfermita,1,0,1
enforce,0,1,1
enforced,1,1,2
enforcement,0,1,1
eng,4,2,6
engadget,1,0,1
engage,3,0,3
engaged,5,6,11
engagement,6,8,14
engages,1,0,1
engaging,3,1,4
engagment,1,0,1
engase,1,0,1
engery,1,0,1
engga,0,1,1
engiish,0,1,1
engine,10,6,16
engineer,2,3,5
engineering,0,2,2
engineers,1,1,2
engines,2,3,5
england,33,41,74
englands,0,1,1
englisch,1,1,2
english,68,75,143
englishman,1,0,1
englishmen,1,0,1
englush,0,1,1
engrish,0,1,1
engrossed,0,2,2
enhance,2,0,2
enhanced,3,1,4
enhancing,1,0,1
enigk,2,0,2
enigma,0,1,1
enimies,1,0,1
enix,2,0,2
enjo,0,1,1
enjoooy,1,0,1
enjoy,207,369,576
enjoyable,8,6,14
enjoyd,0,1,1
enjoyed,47,70,117
enjoyin,3,2,5
enjoying,68,82,150
enjoyment,1,2,3
enjoyn,1,0,1
enjoys,1,1,2
enlarge,1,0,1
enlighten,2,0,2
enlightened,1,0,1
enlightening,0,2,2
enlightenment,1,2,3
enlightens,1,0,1
enlish,0,1,1
enlist,1,1,2
enlisted,0,1,1
enmd,1,0,1
enna,0,1,1
ennndddd,1,0,1
enogh,0,1,1
enoje,0,1,1
enojo,0,1,1
enojoying,0,1,1
enominous,0,1,1
enormous,0,1,1
enormously,2,0,2
enormouswings,1,0,1
enough,191,256,447
enought,1,1,2
enquired,1,0,1
enquiries,1,1,2
enquiry,1,0,1
enraged,0,1,1
enrich,1,0,1
enroll,1,0,1
enrolling,0,1,1
enrollment,0,2,2
ense,0,1,1
ensemble,0,1,1
ensue,1,0,1
ensued,0,1,1
ensues,0,1,1
ensure,1,2,3
ensured,1,0,1
ensures,1,0,1
ent,3,0,3
entah,1,0,1
entaining,1,0,1
entendo,1,0,1
entendres,1,0,1
enter,28,13,41
entered,8,5,13
entergy,0,1,1
entering,3,8,11
enterprise,2,2,4
enterprising,0,1,1
entertain,7,7,14
entertained,6,7,13
entertainers,1,0,1
entertaining,15,22,37
entertainment,8,13,21
enthu,0,1,1
enthusiam,0,1,1
enthusiasm,4,6,10
enthusiast,2,0,2
enthusiastic,1,2,3
enthusiastical,0,1,1
enthusiastically,1,0,1
enthusiasts,0,1,1
entire,33,28,61
entirely,7,11,18
entirety,0,3,3
entities,1,0,1
entitled,1,4,5
entity,1,0,1
entourage,3,1,4
entrance,1,5,6
entrenched,1,1,2
entrepreneur,2,0,2
entries,1,2,3
entropy,0,1,1
entrou,1,0,1
entry,13,13,26
enuf,5,10,15
enuff,5,2,7
env,3,0,3
envelope,1,2,3
envelopes,0,1,1
enviciate,0,1,1
envidia,0,1,1
enviei,0,1,1
envious,4,11,15
enviro,0,1,1
enviroment,1,0,1
enviromental,0,1,1
environment,2,5,7
environmental,4,2,6
environmentally,0,1,1
envirowise,0,1,1
envision,1,0,1
envisioned,0,1,1
envolves,0,1,1
envy,18,30,48
eny,0,1,1
enza,1,0,1
enzo,0,3,3
enzymion,0,1,1
enzyte,0,1,1
eo,0,1,1
eod,1,0,1
eoin,0,1,1
eon,0,1,1
eons,2,1,3
eosd,0,1,1
eough,1,0,1
ep,21,26,47
epa,0,1,1
epargne,1,0,1
epcot,1,0,1
epecially,1,0,1
epeen,1,0,1
epends,1,0,1
ephemera,1,0,1
ephesians,1,0,1
epi,0,2,2
epic,54,39,93
epically,2,0,2
epiccc,1,0,1
epicenter,1,0,1
epicfail,2,3,5
epicly,0,2,2
epicmove,1,0,1
epicness,0,2,2
epidemic,0,1,1
epidurals,0,1,1
epilepsy,1,1,2
epilogue,0,1,1
epis,0,1,1
episide,1,0,1
episode,61,54,115
episodes,22,27,49
episonde,0,1,1
epitaph,1,0,1
epitome,1,0,1
epl,0,1,1
epoc,0,1,1
eposito,1,0,1
epoxied,0,1,1
epoxy,0,1,1
eppies,0,1,1
eppudu,0,1,1
eppy,1,1,2
eps,9,5,14
epsiode,1,0,1
epsom,1,1,2
epson,0,1,1
epstein,1,0,1
epydoc,0,1,1
eq,0,1,1
eqns,0,1,1
eqs,0,1,1
equal,6,5,11
equalise,0,1,1
equalled,0,1,1
equally,3,8,11
equalopportunity,0,1,1
equals,3,3,6
equaly,0,1,1
equasion,0,1,1
equate,1,0,1
equates,0,1,1
equation,1,3,4
equations,1,1,2
equator,0,2,2
equipe,0,1,1
equipment,4,5,9
equipped,0,1,1
equivalence,1,1,2
equivalent,0,7,7
er,25,28,53
era,4,8,12
eraa,0,1,1
eradicate,1,0,1
eragon,1,0,1
eran,0,1,1
erase,3,3,6
erased,5,4,9
eraser,1,0,1
erasing,0,2,2
erdrich,0,1,1
ere,2,3,5
erecting,0,1,1
eres,1,2,3
erg,1,0,1
ergh,1,2,3
ergo,1,1,2
ergonomics,1,0,1
erh,0,1,1
eric,14,10,24
erica,4,3,7
ericas,1,0,1
erich,1,0,1
ericka,1,0,1
ericson,1,0,1
ericsson,1,1,2
ericssons,1,0,1
erie,0,1,1
erik,2,1,3
erika,1,0,1
erikfx,0,1,1
erin,4,3,7
erinn,0,1,1
erki,1,0,1
erm,10,16,26
erma,0,1,1
ermet,1,0,1
ermm,1,0,1
ermmm,0,1,1
ernie,1,0,1
eroei,1,0,1
erol,0,1,1
eron,1,0,1
erotic,2,2,4
erotica,0,2,2
eroticarepublic,1,0,1
erp,1,0,1
err,8,11,19
errand,1,0,1
errands,3,5,8
errm,0,2,2
erro,0,1,1
erroneous,0,1,1
error,23,32,55
erroring,1,0,1
errors,9,4,13
errr,3,3,6
errrg,1,0,1
errrmm,0,1,1
errronee,1,0,1
errrr,2,3,5
errrrggghhh,0,1,1
errrrrinnn,1,0,1
errrrrr,1,0,1
errrrrrrr,1,0,1
errrrrrrrr,0,1,1
errthing,0,1,1
erryone,0,1,1
ers,2,5,7
ersis,1,0,1
erudite,1,0,1
erupted,0,1,1
eryeones,1,0,1
erykah,1,0,1
erynkoehn,0,1,1
eryone,0,1,1
es,15,13,28
esa,1,1,2
esagerato,1,0,1
esc,1,1,2
escala,1,0,1
escape,16,9,25
escaped,2,2,4
escaping,0,2,2
escapist,1,0,1
escentuals,1,0,1
escoje,1,0,1
escolhido,1,0,1
escondido,1,0,1
escort,2,1,3
escorts,0,1,1
escrito,1,0,1
escrow,0,1,1
escuchando,1,0,1
escura,1,0,1
esecond,1,0,1
eshoot,1,0,1
esi,1,0,1
eskelsen,0,1,1
eskie,1,0,1
eskimo,1,0,1
eskom,0,2,2
esl,2,0,2
esle,1,0,1
esme,1,2,3
esmosiii,1,0,1
eso,3,2,5
esok,0,1,1
esoou,1,0,1
esoteric,1,0,1
esotsm,3,0,3
esp,19,20,39
espacially,0,1,1
especial,0,1,1
especiall,1,0,1
especially,70,98,168
especialy,0,1,1
esperando,1,0,1
espere,1,0,1
esperemos,1,0,1
espero,1,0,1
espesh,2,0,2
esplained,0,1,1
esplanade,1,0,1
espn,4,6,10
esponja,1,0,1
esports,1,0,1
espresso,3,2,5
espressos,0,1,1
espy,1,0,1
esque,1,1,2
esra,0,1,1
ess,1,0,1
essamibear,1,0,1
essay,15,17,32
essays,2,6,8
essco,0,1,1
esse,2,0,2
essen,1,0,1
essence,0,3,3
essential,2,3,5
essentially,2,0,2
essentials,1,2,3
essex,1,1,2
essexeating,1,0,1
essie,1,0,1
est,11,4,15
esta,1,1,2
establish,0,1,1
established,1,5,6
establishing,1,0,1
estan,0,1,1
estar,1,0,1
estara,1,0,1
estarei,0,1,1
estas,1,0,1
estate,6,5,11
estates,0,1,1
estathe,1,0,1
estatic,0,1,1
estava,1,0,1
esteem,2,1,3
esteemed,1,0,1
estelle,0,1,1
ester,1,0,1
estes,0,1,1
estimate,1,0,1
estimated,1,1,2
estimates,1,0,1
estk,1,0,1
esto,0,1,1
estonia,1,1,2
estou,1,0,1
estoy,1,0,1
estrada,1,0,1
esuk,1,0,1
et,14,9,23
eta,1,1,2
etc,60,83,143
etchells,0,1,1
etchin,1,0,1
etching,1,0,1
etel,0,1,1
eternal,2,3,5
eternally,2,0,2
eternities,0,1,1
eternity,2,1,3
etf,1,0,1
etha,1,0,1
ethan,3,0,3
ethans,1,0,1
ethel,0,1,1
ether,1,2,3
ethernet,0,1,1
ethic,0,1,1
ethical,2,0,2
ethics,1,3,4
ethnic,1,1,2
ethnicities,0,1,1
ethnicity,1,0,1
etiler,1,0,1
etiquette,2,0,2
etl,1,1,2
eton,0,1,1
ets,0,2,2
etsian,0,1,1
etsy,7,11,18
ette,0,1,1
ettique,1,0,1
etv,1,0,1
etwas,0,1,1
eu,29,20,49
euch,1,0,1
euchre,0,1,1
eug,1,0,1
eugene,0,1,1
eugh,1,0,1
eughh,1,0,1
euh,2,1,3
euhl,1,0,1
eula,1,0,1
eunhyuk,0,2,2
eunice,1,0,1
euphemism,0,3,3
euphoria,0,1,1
euphorised,1,0,1
eur,0,1,1
eureka,1,2,3
eurggh,1,0,1
eurgh,3,2,5
euro,5,6,11
euromillions,1,0,1
euronews,1,0,1
europa,1,0,1
europe,25,36,61
european,7,9,16
europeans,1,1,2
europian,1,0,1
euros,4,1,5
eurosport,1,1,2
eurostar,0,1,1
eurotrip,0,1,1
eurotwitter,1,0,1
eurovision,17,2,19
eurovisions,1,0,1
euruko,2,0,2
euruope,1,0,1
eurusd,1,0,1
euthanasia,0,1,1
euval,0,1,1
ev,0,3,3
eva,12,8,20
evaaar,1,0,1
evac,0,1,1
evacuation,0,1,1
evade,1,0,1
evah,1,0,1
evan,1,5,6
evanescence,1,0,1
evanesence,1,0,1
evangelion,0,1,1
evangelist,0,1,1
evans,4,3,7
evansville,0,1,1
evaporate,2,0,2
evaporating,0,1,1
evar,2,1,3
evaz,0,1,1
evcery,0,1,1
evdo,0,1,1
eve,2,8,10
eveb,0,1,1
evee,1,1,2
eveeeeeeeeeeeeeer,1,0,1
eveer,1,0,1
evelyn,2,0,2
even,542,726,1268
evenin,0,1,1
evening,71,82,153
eveningggg,0,1,1
eveningly,0,1,1
evenings,3,1,4
evenly,1,0,1
evens,1,0,1
event,45,69,114
eventbox,1,0,1
eventbrite,1,1,2
eventful,0,1,1
eventhough,1,1,2
events,19,19,38
eventual,0,1,1
eventually,15,29,44
ever,366,382,748
everblue,1,0,1
everbody,1,2,3
everday,1,3,4
everest,2,1,3
everett,1,2,3
evergreen,0,1,1
everie,0,1,1
everlasting,1,0,1
evernote,0,2,2
everr,1,1,2
everrr,1,2,3
everrrr,1,2,3
everrrrr,0,1,1
everrrrrr,1,0,1
everrrrrrrrrrrrrr,0,1,1
evers,0,1,1
everthing,1,2,3
evertime,0,2,2
everton,12,3,15
everwhere,1,1,2
every,200,251,451
everybodies,1,0,1
everybodx,1,0,1
everybody,57,31,88
everybodys,1,0,1
everyday,43,45,88
everydayyyy,1,0,1
everymove,1,0,1
everyonce,0,1,1
everyone,360,401,761
everyonebutton,1,0,1
everyoneeee,1,0,1
everyones,11,13,24
everyonneee,0,1,1
everyrhing,1,0,1
everythang,1,0,1
everythign,1,0,1
everythiiiiing,1,0,1
everythin,0,2,2
everything,230,283,513
everythingg,1,0,1
everythinggg,0,1,1
everythings,10,5,15
everythink,0,1,1
everythiqn,0,1,1
everythng,0,1,1
everytime,25,24,49
everyting,0,1,1
everyway,0,1,1
everywehere,0,1,1
everywhere,29,50,79
everywhr,0,1,1
eves,0,1,1
evey,1,1,2
evian,1,0,1
evicted,1,0,1
eviction,2,2,4
evidence,1,6,7
evident,0,1,1
evidently,2,1,3
evie,1,0,1
evil,34,38,72
eville,0,1,1
evilness,0,1,1
evils,1,0,1
evilsmirk,1,0,1
evime,1,0,1
eviscerate,1,0,1
evlo,1,0,1
evms,0,1,1
evn,3,1,4
evntually,2,0,2
evo,1,2,3
evocative,0,1,1
evoked,1,0,1
evokes,0,1,1
evolute,1,0,1
evolution,3,2,5
evolve,2,3,5
evolved,1,2,3
evolving,1,1,2
evr,2,1,3
evri,1,0,1
evrkaity,1,0,1
evry,1,1,2
evrybdy,0,1,1
evryone,1,0,1
evrythg,1,0,1
evrythin,0,1,1
evrything,2,1,3
evrythng,0,1,1
evrytime,0,1,1
evvvver,1,0,1
ew,9,22,31
ewan,0,1,1
ewe,0,1,1
ewery,1,0,1
ewerybody,1,0,1
ewh,3,0,3
ewi,1,0,1
ewin,0,1,1
ewoks,0,1,1
ewr,1,0,1
ewu,1,0,1
eww,6,14,20
ewwie,0,1,1
ewwies,1,0,1
ewww,5,8,13
ewwww,1,1,2
ewxcited,0,1,1
ex,25,15,40
exacerbating,1,0,1
exaclty,1,0,1
exact,15,14,29
exacters,0,1,1
exactlly,1,0,1
exactly,77,134,211
exacty,1,0,1
exagerata,0,1,1
exaggerated,0,1,1
exaggerating,0,2,2
exahausted,1,0,1
exam,88,78,166
examboard,0,1,1
examen,3,1,4
examene,1,0,1
examination,2,0,2
examine,0,1,1
examined,1,0,1
examiner,0,1,1
examines,1,0,1
example,10,20,30
examples,1,1,2
exams,74,68,142
exasperating,0,1,1
exbf,0,1,1
excactly,1,0,1
excape,1,1,2
excditing,1,0,1
excedrin,1,0,1
exceed,0,1,1
exceeded,3,2,5
exceedingly,0,1,1
exceeds,2,1,3
excel,1,0,1
excelent,0,1,1
excelente,0,1,1
excellant,0,1,1
excellent,36,63,99
excellente,1,0,1
excentral,1,0,1
excepet,0,1,1
except,59,88,147
exceptable,0,1,1
excepted,1,0,1
exception,7,5,12
exceptionally,0,1,1
exceptions,1,1,2
excercise,0,1,1
excerpt,1,0,1
excersice,1,0,1
excess,1,1,2
excessive,1,2,3
excessivehashtagusage,1,0,1
excessivelybusy,1,0,1
exch,0,1,1
exchange,10,13,23
exchanged,1,1,2
exchanges,0,1,1
exchanging,2,0,2
exchangment,0,1,1
exchg,0,1,1
exciiiiiiiting,0,1,1
exciiited,1,0,1
excise,1,0,1
excite,1,0,1
excited,187,260,447
exciteddd,1,0,1
exciteded,0,1,1
excitedfor,0,1,1
excitedly,2,0,2
exciteed,2,0,2
exciteeedd,1,0,1
excitement,15,15,30
excites,1,0,1
excitin,0,1,1
exciting,44,87,131
excitingggg,1,0,1
excitinggggg,0,1,1
excitingly,0,1,1
excitment,0,1,1
excitttted,0,1,1
exclaim,1,0,1
exclamation,1,3,4
exclude,0,2,2
excluded,1,4,5
exclusive,8,6,14
exclusivelly,0,1,1
exclusively,0,2,2
exclusives,0,2,2
exco,1,0,1
excowgirl,1,0,1
excruciating,1,1,2
excrutiating,0,1,1
exctied,2,0,2
excursion,1,2,3
excusable,1,0,1
excuse,23,33,56
excused,1,1,2
excuses,3,5,8
exe,1,1,2
exec,2,3,5
execs,1,0,1
executable,0,1,1
execute,1,1,2
executed,1,0,1
executioner,0,1,1
executions,0,1,1
executive,2,5,7
exempt,0,1,1
exempted,0,1,1
exercise,15,22,37
exercised,2,0,2
exercises,2,2,4
exercising,2,3,5
exercize,0,1,1
exerpt,1,0,1
exersises,1,0,1
exerting,0,1,1
exes,1,0,1
exeter,0,3,3
exhale,0,1,1
exhamination,1,0,1
exhausing,0,1,1
exhaust,1,0,1
exhausted,20,19,39
exhausting,1,0,1
exhaustion,1,0,1
exhb,1,0,1
exhibit,1,3,4
exhibition,2,4,6
exhibs,1,0,1
exhilarating,1,1,2
exhilerating,0,1,1
exhilirating,0,1,1
exif,1,0,1
exile,2,1,3
exist,19,25,44
existant,1,0,1
existed,4,3,7
existence,2,5,7
existent,2,0,2
existential,1,0,1
existing,1,2,3
exists,6,5,11
existuje,1,0,1
exit,6,1,7
exited,3,8,11
exitement,0,1,1
exiting,2,1,3
exlax,1,0,1
exlusively,0,1,1
exmouth,0,1,1
exodus,0,3,3
exorcist,1,0,1
exotic,4,3,7
exoticbeachfeet,1,0,1
exp,5,3,8
expand,3,4,7
expanded,2,0,2
expanding,2,2,4
expands,0,1,1
expansion,0,2,2
expat,3,0,3
expecially,0,1,1
expect,27,37,64
expectation,1,0,1
expectations,6,6,12
expected,20,32,52
expectet,0,1,1
expecting,17,14,31
expects,0,1,1
expediter,1,0,1
expedition,0,2,2
expeerience,1,0,1
expekt,0,1,1
expen,0,1,1
expence,0,1,1
expenisive,0,1,1
expense,3,3,6
expenses,3,4,7
expensive,42,60,102
experiance,0,2,2
experience,58,60,118
experienced,4,0,4
experiences,2,3,5
experiencing,5,4,9
experiened,1,0,1
experiential,1,0,1
experiment,2,9,11
experimental,1,2,3
experimenting,1,3,4
experiments,3,0,3
expert,4,9,13
expertise,0,1,1
experts,5,2,7
expext,1,0,1
expierence,0,1,1
expierience,0,1,1
expire,2,2,4
expired,5,4,9
expires,0,3,3
expirian,0,1,1
explain,16,43,59
explained,2,3,5
explaines,0,1,1
explainin,0,1,1
explaining,5,4,9
explainlol,1,0,1
explains,6,11,17
explanation,3,8,11
explanations,1,0,1
explativie,1,0,1
expletives,0,1,1
explicit,2,3,5
explicitly,1,0,1
explination,0,2,2
explit,0,1,1
explode,7,6,13
exploded,2,2,4
explodes,1,2,3
explodieren,1,0,1
exploding,2,2,4
exploit,0,1,1
exploitation,1,0,1
exploitative,1,0,1
exploited,0,1,1
exploiting,1,0,1
exploits,1,0,1
exploooode,0,1,1
exploration,1,1,2
explorations,0,1,1
explore,5,7,12
explored,0,1,1
explorer,5,4,9
explores,0,1,1
exploring,6,2,8
explosion,3,0,3
explosions,3,0,3
expndable,1,0,1
expo,4,8,12
export,1,3,4
exportation,0,1,1
exporting,0,1,1
exports,1,1,2
expose,1,1,2
exposure,3,6,9
express,7,4,11
expressed,1,0,1
expresses,1,0,1
expressing,2,3,5
expression,7,5,12
expressions,0,2,2
expressly,1,0,1
expresso,2,2,4
exque,1,0,1
exquisite,1,0,1
exr,1,0,1
exremefirstaid,1,0,1
exs,2,0,2
exsist,1,1,2
exspensive,1,0,1
exspresso,1,0,1
ext,3,1,4
extemely,1,1,2
extend,4,4,8
extended,4,4,8
extending,0,1,1
extends,0,1,1
extension,2,2,4
extensions,3,2,5
extensively,0,1,1
extent,1,4,5
exterminator,1,0,1
external,7,4,11
extinct,2,2,4
extinction,1,0,1
extinguished,1,0,1
extinguisher,0,1,1
extjsinaction,1,0,1
extra,46,70,116
extraa,1,0,1
extrabold,1,0,1
extract,1,1,2
extracting,1,0,1
extraction,0,2,2
extracts,0,1,1
extracurriculars,0,1,1
extraordinaire,1,1,2
extraordinary,5,2,7
extras,3,1,4
extraterrestrial,1,0,1
extrav,1,0,1
extravagance,1,0,1
extravagant,0,1,1
extravaganza,2,3,5
extreamly,1,0,1
extreeeemly,0,1,1
extremadura,1,0,1
extreme,6,6,12
extremely,16,15,31
extremes,0,1,1
extremists,0,1,1
extremly,1,0,1
extrenely,1,0,1
extrovert,0,1,1
exus,1,0,1
ey,3,4,7
eydhafushi,1,0,1
eye,63,67,130
eyeballs,2,2,4
eyeblasterday,1,0,1
eyebrow,3,1,4
eyebrows,3,5,8
eyecatching,1,0,1
eyed,13,10,23
eyedeekay,0,1,1
eyeglasses,0,1,1
eyeing,0,3,3
eyelash,0,1,1
eyelashes,1,1,2
eyelid,1,2,3
eyelids,1,0,1
eyeliner,5,1,6
eyepatch,0,1,1
eyes,79,96,175
eyeshadow,0,3,3
eyestrain,0,1,1
eyez,0,1,1
eyota,0,1,1
eyou,0,1,1
eyre,1,0,1
eyy,0,1,1
eyyy,1,2,3
ez,1,4,5
ezine,0,1,1
fa,8,11,19
faaa,1,0,1
faaaaavorite,0,1,1
faaaar,1,1,2
faaast,0,1,1
faave,1,0,1
fab,19,53,72
fabby,3,0,3
faber,0,2,2
fabian,1,1,2
fable,1,1,2
fabled,0,1,1
fabluous,1,0,1
fabric,6,3,9
fabrics,1,0,1
fabs,1,0,1
fabulosity,0,1,1
fabulous,31,47,78
fabuloussssss,0,1,1
face,156,179,335
facebk,1,0,1
facebook,123,127,250
facebooked,1,0,1
facebookgate,1,0,1
facebooking,2,0,2
faceboooookkkk,1,0,1
faced,5,2,7
facee,1,1,2
facehunter,0,1,1
faceless,1,0,1
facepalm,0,1,1
facepalms,2,0,2
faceplate,1,0,1
faceportal,0,1,1
faces,16,7,23
facesinplaces,0,1,1
faceted,0,1,1
facetime,1,2,3
facetious,0,2,2
facett,1,0,1
facetubes,1,0,1
facey,0,1,1
facial,1,4,5
facialhairfriday,1,0,1
facil,0,1,1
facilitate,1,1,2
facility,2,1,3
facinated,0,1,1
facinelli,3,1,4
facing,3,6,9
facist,1,0,1
facists,0,1,1
fack,1,2,3
fackin,0,1,1
fackkkk,1,0,1
fact,64,58,122
factats,1,0,1
faction,0,2,2
factor,11,7,18
factories,1,0,1
factors,0,1,1
factory,6,8,14
facts,2,5,7
facul,1,0,1
facultate,1,0,1
faculty,1,1,2
facup,5,0,5
facut,1,0,1
fad,1,1,2
fada,1,0,1
fade,10,5,15
faded,3,2,5
fades,2,0,2
fading,4,0,4
faec,0,1,1
faf,1,0,1
faff,1,0,1
fag,0,3,3
faggot,0,1,1
fagit,1,0,1
fags,1,1,2
fahckin,0,1,1
fahmetah,0,1,1
fai,1,0,1
faible,1,0,1
faibw,1,0,1
fail,138,97,235
failcar,0,1,1
faild,1,0,1
failday,1,0,1
failed,39,46,85
failing,13,11,24
faill,0,1,1
failll,0,1,1
fails,13,9,22
failsafe,1,0,1
failsauce,1,0,1
failure,13,12,25
failureeeeee,1,0,1
failures,3,0,3
failwhale,1,0,1
faint,6,3,9
fainted,1,1,2
fainting,0,1,1
fair,77,111,188
faire,1,3,4
fairenhieght,0,1,1
fairer,1,0,1
fairfax,2,1,3
fairfield,1,0,1
fairies,0,1,1
fairly,5,15,20
fairmount,0,1,1
fairness,1,1,2
fairrrr,1,0,1
fairrrrrr,1,0,1
fairrrrrrrrr,0,1,1
fairs,0,1,1
fairshare,0,1,1
fairy,8,5,13
fairytale,4,1,5
fais,0,1,1
faisal,1,0,1
faith,29,21,50
faithful,3,3,6
faithfully,1,1,2
fajita,0,1,1
fajitas,1,1,2
fakarkte,1,0,1
fake,29,45,74
faked,2,1,3
fakejowhiley,2,0,2
faker,0,2,2
fakes,5,3,8
fakesufjan,0,1,1
fakin,0,1,1
faking,1,3,4
fakkit,0,1,1
fakt,1,0,1
fala,1,0,1
falafel,0,1,1
falei,0,1,1
falken,1,0,1
fall,87,70,157
falla,1,0,1
fallacious,1,0,1
fallatio,1,0,1
fallback,1,0,1
fallen,10,6,16
fallin,2,2,4
falling,36,33,69
fallling,0,1,1
fallofautumndistro,1,0,1
fallon,7,3,10
fallout,1,4,5
fallow,0,2,2
falls,9,4,13
falmouth,1,0,1
falou,1,0,1
false,8,11,19
falta,1,1,2
faltam,1,0,1
faltered,0,1,1
fam,30,36,66
famale,0,1,1
fambam,0,1,1
fame,9,8,17
famed,2,0,2
famers,1,0,1
famil,1,0,1
familar,1,1,2
familia,3,1,4
familiar,7,14,21
familiarity,2,0,2
familie,0,1,1
families,7,8,15
family,149,186,335
familyforce,9,0,9
familyguy,1,1,2
familys,2,1,3
famished,0,1,1
famliy,1,0,1
famm,1,0,1
fammm,0,1,1
famou,1,0,1
famous,28,34,62
famouse,1,0,1
famouss,1,0,1
famu,1,0,1
fan,130,209,339
fanatic,0,5,5
fanbase,2,2,4
fanblog,1,0,1
fanboy,0,3,3
fanboys,1,0,1
fancast,1,0,1
fancied,0,2,2
fancier,1,0,1
fanclub,1,4,5
fancy,21,30,51
fandom,2,0,2
fanfare,0,2,2
fanfic,2,4,6
fanfics,1,0,1
fanfiction,1,1,2
fanforum,1,0,1
fangamer,0,1,1
fangirl,2,3,5
fangirling,0,1,1
fangirls,3,1,4
fangs,1,0,1
fangz,0,1,1
fanime,0,1,1
fanks,1,2,3
fanlock,1,0,1
fanmail,1,0,1
fannying,1,0,1
fans,73,101,174
fansite,2,1,3
fanspace,1,0,1
fanstast,1,0,1
fanta,1,0,1
fantabulous,1,1,2
fantasiaq,0,1,1
fantasic,0,1,1
fantasize,1,0,1
fantasizing,0,1,1
fantasmic,1,0,1
fantastic,44,73,117
fantastical,0,1,1
fantastically,1,0,1
fantasticly,1,0,1
fantastico,0,1,1
fantasy,10,8,18
fanthomas,1,0,1
fantom,0,1,1
fantome,0,1,1
fantwasticly,0,1,1
fanxs,0,1,1
faovirite,1,0,1
fap,1,0,1
far,190,305,495
fara,0,2,2
faraway,0,1,1
farcical,1,0,1
fare,4,5,9
fareal,0,1,1
fares,0,1,1
farewell,7,8,15
fargo,1,2,3
farifax,0,1,1
farin,1,0,1
farley,0,1,1
farm,8,5,13
farmboy,0,1,1
farmer,3,2,5
farmers,1,2,3
farming,1,0,1
farms,0,1,1
farmyard,1,0,1
farnsey,0,1,1
faro,0,1,1
farout,1,0,1
farr,0,1,1
farrah,16,6,22
farrahs,0,1,1
farraw,1,0,1
farrell,1,0,1
farrhad,1,0,1
farrish,1,0,1
farrr,1,0,1
farrrr,1,0,1
farsi,0,2,2
fart,6,3,9
farted,1,1,2
farther,1,2,3
farthest,0,1,1
farting,0,1,1
fartooloud,1,0,1
farts,1,1,2
farve,0,2,2
fas,2,0,2
fasciitis,0,1,1
fascinated,1,0,1
fascinating,8,10,18
fascination,1,1,2
fascinations,1,0,1
fascist,1,1,2
fascists,0,1,1
fascnation,1,0,1
fashion,22,18,40
fashionable,0,2,2
fashionably,0,2,2
fashioned,3,3,6
fasho,2,3,5
fasssst,1,1,2
fast,75,92,167
fasten,1,0,1
faster,19,15,34
fastest,1,3,4
fastfood,0,1,1
fasthosts,1,0,1
fasting,0,1,1
fastlane,1,0,1
fastly,2,0,2
fastrak,0,1,1
fastspring,0,1,1
fat,56,59,115
fata,1,0,1
fatal,3,3,6
fatality,0,1,1
fatass,0,1,1
fate,5,0,5
father,41,22,63
fatherhood,1,1,2
fathers,13,5,18
fathersday,3,0,3
fathom,1,0,1
fatigon,0,1,1
fatigue,0,1,1
fatigued,1,0,1
fatiguing,1,0,1
fatness,1,0,1
fatso,1,0,1
fatten,0,1,1
fattening,0,1,1
fatter,1,1,2
fatties,1,1,2
fatty,9,5,14
fattyman,0,1,1
faucet,1,2,3
faught,0,1,1
fault,31,37,68
faults,0,1,1
faulty,1,0,1
fauna,0,1,1
faut,1,0,1
faux,3,2,5
fav,46,60,106
fave,41,53,94
faved,0,1,1
faveeee,0,1,1
faves,11,10,21
favesss,1,0,1
favie,0,1,1
faviphoneapp,1,0,1
favmoviequote,2,0,2
favor,4,11,15
favorable,0,1,1
favorate,1,0,1
favoring,0,1,1
favorite,116,129,245
favorited,0,2,2
favoritelyrics,1,0,1
favorites,9,13,22
favoritest,1,0,1
favoritist,1,0,1
favors,0,2,2
favour,0,9,9
favourite,40,43,83
favourites,1,6,7
favouriting,0,1,1
favre,1,2,3
favrite,0,1,1
favs,10,11,21
favt,1,0,1
favvvv,0,1,1
fawcett,9,4,13
fawesome,0,1,1
fawk,0,1,1
fawken,0,1,1
fawkin,0,1,1
fawlty,2,0,2
fax,2,1,3
faxing,1,0,1
fay,1,0,1
faye,1,0,1
fayer,0,1,1
fayetteville,1,1,2
faz,1,1,2
faza,0,1,1
faze,1,0,1
fazeley,1,0,1
fazer,1,0,1
fb,73,68,141
fbi,2,1,3
fbl,0,1,1
fbook,0,2,2
fbr,3,1,4
fbshat,1,0,1
fbz,1,0,1
fc,4,4,8
fcb,0,1,1
fcbk,0,1,1
fce,1,0,1
fcf,0,1,1
fcjc,1,0,1
fck,4,2,6
fcked,1,0,1
fckin,1,0,1
fcking,2,0,2
fckn,0,1,1
fcom,1,0,1
fcp,1,0,1
fcs,1,1,2
fcst,0,1,1
fcuk,2,0,2
fcukin,0,1,1
fcukk,1,0,1
fcukkk,0,1,1
fcv,1,0,1
fcxin,0,1,1
fcxp,1,0,1
fd,1,2,3
fda,1,1,2
fe,0,1,1
feaked,1,0,1
fear,24,29,53
feared,1,0,1
fearful,1,0,1
fearless,3,2,5
fears,3,2,5
feasable,0,1,1
feast,3,6,9
feasting,0,1,1
feasts,0,2,2
feat,6,3,9
feather,3,1,4
feathered,0,1,1
feathers,1,0,1
feature,19,20,39
featured,2,10,12
featureless,0,1,1
features,9,13,22
featuring,3,6,9
feb,5,8,13
febreeze,0,1,1
febri,1,0,1
februarie,1,0,1
february,2,4,6
feci,1,0,1
fecies,1,0,1
feck,4,3,7
fecker,1,0,1
feckin,1,1,2
fecking,2,0,2
feckitfriday,1,0,1
fed,20,17,37
feddy,1,0,1
federal,1,1,2
federated,0,1,1
federer,8,5,13
fedex,3,6,9
fedi,1,0,1
fedor,3,0,3
fedora,2,0,2
feds,0,1,1
fee,7,4,11
feeble,1,0,1
feed,32,49,81
feedback,13,22,35
feedbackarmy,1,0,1
feedbacks,1,0,1
feedbaks,0,1,1
feedbruner,1,0,1
feedburner,1,1,2
feeddemon,1,0,1
feeder,0,2,2
feeders,1,1,2
feeding,6,8,14
feedly,1,1,2
feedreader,0,1,1
feeds,3,6,9
feedthepig,0,1,1
feeedback,0,1,1
feeeeeeeeel,1,0,1
feeeel,0,1,1
feeel,3,2,5
feeeling,2,0,2
feeelings,0,1,1
feeels,1,0,1
feeing,0,1,1
feel,727,870,1597
feelabit,0,1,1
feelcrunched,1,0,1
feeliing,1,0,1
feelin,33,25,58
feeling,263,287,550
feelings,16,23,39
feelinqz,1,0,1
feelins,1,0,1
feell,1,0,1
feeln,2,0,2
feelns,1,0,1
feels,81,62,143
feenin,1,0,1
fees,1,10,11
feet,37,34,71
feetsies,2,0,2
fefe,0,1,1
feild,2,1,3
feira,2,0,2
feis,1,0,1
feist,0,4,4
feit,1,0,1
fel,1,0,1
feldman,0,1,1
felice,0,2,2
felicia,1,0,1
feliciadayrumors,2,1,3
felicidades,2,2,4
felicitari,0,1,1
feline,1,1,2
felipe,0,1,1
felipebaby,1,0,1
felix,2,0,2
feliz,3,0,3
feliza,1,0,1
fell,72,57,129
fella,6,10,16
fellas,3,3,6
felling,0,3,3
fellito,0,1,1
felllow,0,1,1
fello,1,0,1
fellout,0,1,1
fellow,21,24,45
fellows,2,0,2
fellowship,1,0,1
felon,0,1,1
felspoon,1,0,1
felt,55,69,124
feltham,0,1,1
felton,1,1,2
female,12,16,28
females,7,5,12
fembots,0,1,1
femi,0,1,1
feminine,1,1,2
feminism,0,3,3
feminist,0,1,1
feministe,0,1,1
feminists,0,1,1
femme,0,1,1
femmefatale,1,0,1
femmes,1,0,1
femslash,1,0,1
femurs,1,0,1
fence,5,1,6
fences,1,1,2
fencing,1,0,1
fend,1,0,1
fender,0,2,2
fenders,0,1,1
fends,1,0,1
feng,1,0,1
fengshui,0,1,1
fenny,1,0,1
fenway,0,2,2
fer,4,6,10
feral,0,2,2
ferber,3,0,3
ferdinand,1,2,3
ferell,1,0,1
feret,1,0,1
fergie,2,0,2
ferguson,1,0,1
ferlin,0,1,1
fermoy,0,1,1
fern,0,1,1
fernando,3,1,4
ferociously,1,0,1
ferrari,2,1,3
ferrariiiiii,1,0,1
ferraro,0,2,2
ferras,1,0,1
ferrel,1,0,1
ferrell,0,2,2
ferrer,0,1,1
ferrera,1,0,1
ferrero,2,0,2
ferret,1,3,4
ferrets,1,1,2
ferris,3,2,5
ferry,1,1,2
fershizzy,0,1,1
fersure,0,2,2
fertility,0,1,1
fes,0,1,1
fesitivites,0,1,1
fesitval,1,0,1
fess,0,1,1
fesst,0,1,1
fest,8,17,25
festival,15,19,34
festivals,1,3,4
festive,0,1,1
festivities,3,5,8
fests,1,1,2
fet,0,1,1
feta,1,1,2
fetal,1,1,2
fetch,0,1,1
fetched,1,0,1
fetching,1,1,2
fetish,3,4,7
fetlife,1,0,1
fettel,0,1,1
fettuccine,1,0,1
fettucini,1,0,1
feud,1,0,1
fever,21,23,44
feverish,1,1,2
fevers,2,0,2
few,236,343,579
fewa,0,1,1
fewer,1,6,7
fey,0,1,1
fez,0,2,2
ff,158,90,248
ffa,1,0,1
fff,2,2,4
fffffffffffffff,1,0,1
ffffffftttttttttt,1,0,1
ffffffuu,1,0,1
ffk,0,1,1
fflyer,0,1,1
fforgot,1,0,1
ffs,4,3,7
ffuuu,1,0,1
ffvip,0,2,2
ffxi,0,1,1
fg,0,2,2
fgs,0,1,1
fi,12,24,36
fia,2,0,2
fianc,0,3,3
fiance,1,3,4
fiancee,2,1,3
fiances,1,0,1
fiasco,1,0,1
fib,1,0,1
fibbing,0,1,1
fiber,2,3,5
fiberfolk,1,0,1
fibre,1,1,2
fibro,2,0,2
fibromyalgia,2,0,2
fibula,0,1,1
fic,7,11,18
ficam,1,0,1
fickle,1,0,1
fickleness,0,1,1
ficou,1,0,1
fics,3,2,5
fiction,6,8,14
fictional,5,1,6
fidderence,1,0,1
fiddle,2,3,5
fiddles,1,0,1
fiddy,0,1,1
fidelity,1,1,2
fidello,0,1,1
fidm,1,0,1
fie,0,1,1
fied,1,0,1
field,13,20,33
fields,4,1,5
fiend,1,2,3
fiends,1,0,1
fierce,2,7,9
fierceness,0,1,1
fiesta,2,2,4
fiestamovement,0,1,1
fifa,3,3,6
fife,0,1,1
fifi,1,0,1
fifian,1,0,1
fifteen,1,5,6
fifteenth,1,0,1
fifth,4,4,8
fifty,2,0,2
fig,2,0,2
figge,1,0,1
figgins,1,0,1
fight,41,36,77
fightclub,1,0,1
fighter,3,4,7
fighters,1,2,3
fightiin,1,0,1
fightin,2,1,3
fighting,17,17,34
fights,6,1,7
fightstarrr,1,0,1
figlios,0,1,1
figment,1,0,1
figs,0,1,1
figuratively,2,0,2
figure,41,74,115
figured,30,55,85
figuredd,1,0,1
figures,5,4,9
figurine,1,1,2
figuring,7,8,15
fiiiinally,0,1,1
fiind,1,0,1
fiinna,1,0,1
fiji,0,3,3
fijne,1,0,1
fikaa,1,0,1
fil,5,5,10
filan,1,0,1
filching,0,1,1
file,15,16,31
filed,1,3,4
filefront,0,1,1
filename,1,1,2
files,13,13,26
filesocial,0,1,1
filet,1,0,1
filetype,0,1,1
filght,0,1,1
filing,4,2,6
filipina,2,0,2
filipino,4,4,8
filipinos,1,1,2
fill,14,20,34
fille,0,1,1
filled,21,15,36
filler,0,2,2
fillet,1,0,1
filling,6,10,16
fillings,0,1,1
fillion,1,1,2
fillmore,1,1,2
fills,1,1,2
film,52,63,115
filmed,1,8,9
filmgewordenes,1,0,1
filmgoing,1,0,1
filming,4,9,13
filmings,0,1,1
filmmaker,1,0,1
filmmakers,0,2,2
filmore,0,1,1
films,8,17,25
filter,5,7,12
filtered,1,0,1
filtering,1,4,5
filters,0,4,4
filth,0,1,1
filthy,2,6,8
filzaa,1,0,1
fim,2,1,3
fime,0,1,1
fimes,0,1,1
fin,1,2,3
finacially,1,1,2
finagle,1,0,1
final,68,49,117
finale,23,17,40
finales,1,1,2
finalised,0,1,1
finalist,4,1,5
finalists,1,0,1
finalize,1,1,2
finalized,0,2,2
finalllls,0,1,1
finally,181,162,343
finalmente,1,0,1
finals,43,35,78
finalss,1,0,1
finaltweet,2,0,2
finaly,3,0,3
finance,1,5,6
finances,2,3,5
financial,4,6,10
financially,3,1,4
financing,1,1,2
find,369,557,926
finda,1,0,1
finder,1,0,1
findin,0,1,1
finding,22,43,65
findings,0,1,1
findlay,1,0,1
finds,4,8,12
findthewine,0,1,1
fine,149,266,415
fined,0,1,1
finee,0,2,2
fineee,0,1,1
finer,1,2,3
finesse,0,1,1
finest,1,1,2
finfan,0,1,1
finfish,0,1,1
fing,2,1,3
finger,16,19,35
fingered,1,0,1
fingermouse,1,0,1
fingernail,0,1,1
fingers,56,55,111
fingerscrossed,0,1,1
fings,0,1,1
fini,1,0,1
finials,1,0,1
finish,68,65,133
finishd,0,1,1
finished,117,94,211
finishedddd,1,0,1
finishes,4,2,6
finishing,21,11,32
finite,1,0,1
finito,0,1,1
fink,1,3,4
finland,4,5,9
finn,2,1,3
finna,1,3,4
finnaly,0,1,1
finnish,0,1,1
finnnielsen,0,1,1
fins,2,1,3
finsbury,0,1,1
finshed,0,1,1
fintan,0,1,1
fiona,2,3,5
fionas,1,0,1
fiori,1,0,1
fios,1,4,5
fir,5,6,11
firday,0,1,1
fire,40,43,83
firearm,0,1,1
firebird,1,0,1
firecat,1,0,1
firecracker,1,0,1
firecrackers,1,0,1
fired,6,9,15
firefly,2,2,4
firefox,22,16,38
fireftp,0,1,1
firehouse,0,2,2
firelightly,1,0,1
fireman,0,1,1
firemen,0,1,1
firends,2,0,2
firepit,1,0,1
fires,4,0,4
firestarlight,0,1,1
firestarter,1,1,2
firestone,0,1,1
firetrucks,0,1,1
firewall,2,3,5
firewalls,1,0,1
firewire,2,0,2
fireworks,6,4,10
firggin,0,1,1
firing,0,2,2
firm,2,5,7
firmed,1,0,1
firming,0,1,1
firmly,2,1,3
firmware,5,6,11
first,376,468,844
firstclass,0,1,1
firstof,0,1,1
firstrecord,14,0,14
firsts,2,1,3
firstsongoftheday,1,0,1
firsttttttttt,0,1,1
fisa,0,1,1
fiscal,0,1,1
fiscally,0,2,2
fish,38,50,88
fishballs,1,0,1
fishbowl,0,2,2
fishcreekpark,1,0,1
fished,0,1,1
fisher,1,2,3
fisherday,1,0,1
fishes,1,1,2
fisheye,0,2,2
fishhes,1,0,1
fishi,1,0,1
fishie,1,1,2
fishies,1,0,1
fishiez,0,1,1
fishin,1,1,2
fishing,6,9,15
fishmonger,0,1,1
fishnets,0,1,1
fishy,1,6,7
fist,7,4,11
fistbump,1,0,1
fists,0,1,1
fit,46,56,102
fitch,1,2,3
fitfam,1,2,3
fithly,0,1,1
fitna,0,2,2
fitness,6,7,13
fits,3,8,11
fitted,1,2,3
fitter,3,0,3
fitting,5,5,10
fitzgerald,1,1,2
five,46,25,71
fiveee,0,1,1
fives,3,4,7
fivesimplesteps,1,0,1
fix,71,55,126
fixable,0,1,1
fixed,38,49,87
fixes,0,1,1
fixie,1,0,1
fixin,0,1,1
fixina,1,0,1
fixincorrecttweet,1,0,1
fixing,11,9,20
fixings,0,1,1
fixreplies,4,1,5
fixreply,1,0,1
fiya,1,1,2
fiyah,1,0,1
fiyero,0,1,1
fizband,0,1,1
fizz,3,1,4
fizzle,0,2,2
fizzled,1,0,1
fjsdjflasf,0,1,1
fk,3,1,4
fkae,0,1,1
fkcin,0,1,1
fkd,0,1,1
fkdjhflk,1,0,1
fked,1,0,1
fkej,1,0,1
fken,1,0,1
fkin,0,1,1
fkjsg,1,0,1
fkn,1,2,3
fl,19,11,30
fla,1,2,3
flabbergasted,1,0,1
flaca,0,1,1
flack,2,1,3
flag,2,5,7
flagged,0,1,1
flagging,0,1,1
flags,8,6,14
flagship,1,1,2
flail,0,1,1
flailing,1,0,1
flails,1,0,1
flair,2,0,2
flairs,1,0,1
flake,2,2,4
flaked,2,1,3
flakes,2,1,3
flaking,0,1,1
flame,3,3,6
flames,2,0,2
flamethrower,0,1,1
flanagan,0,1,1
flanders,0,1,1
flap,1,0,1
flapped,0,1,1
flare,2,2,4
flares,1,1,2
flas,1,0,1
flash,21,21,42
flashback,1,1,2
flashbacks,1,3,4
flashcads,0,1,1
flashcards,0,1,1
flashcawds,0,1,1
flashed,2,0,2
flashes,0,2,2
flashing,3,2,5
flashlight,1,0,1
flashmob,1,0,1
flashpoint,0,1,1
flashy,0,2,2
flask,0,2,2
flat,16,27,43
flatbread,0,1,1
flatbush,0,1,1
flatered,1,0,1
flatley,7,4,11
flatly,0,1,1
flatmates,1,0,1
flatpacklovers,0,1,1
flats,2,3,5
flatt,0,1,1
flattened,0,2,2
flatter,1,0,1
flattered,3,1,4
flattering,1,3,4
flattery,0,1,1
flattest,0,1,1
flatts,1,1,2
flaunt,0,1,1
flaunting,0,1,1
flav,0,1,1
flavor,7,4,11
flavored,1,2,3
flavors,1,3,4
flavour,1,5,6
flavoured,1,1,2
flavouring,0,1,1
flavours,1,1,2
flaw,1,1,2
flawed,0,1,1
flawless,9,9,18
flaws,0,1,1
flay,1,1,2
flb,1,0,1
flckr,1,0,1
flea,4,2,6
fledgling,0,1,1
flee,0,2,2
fleece,0,1,1
fleet,0,2,2
fleetweek,1,0,1
flemish,0,1,1
flesh,4,0,4
fletcher,0,3,3
fletcherday,2,2,4
fleur,1,0,1
fleury,0,1,1
flew,4,10,14
flex,2,3,5
flexibility,1,0,1
flexible,1,4,5
flexing,0,1,1
flexsin,1,0,1
flexweaves,0,1,1
flgiht,1,0,1
flic,0,1,1
flick,6,6,12
flicked,1,1,2
flicker,0,1,1
flickin,1,0,1
flickr,19,12,31
flickrhq,1,0,1
flicks,0,2,2
flies,4,5,9
flight,50,69,119
flightcontrol,0,1,1
flightgets,1,0,1
flighting,0,1,1
flightplans,0,1,1
flights,5,10,15
flightsimmer,0,1,1
flikstaaaaa,1,0,1
flim,0,1,1
flinch,1,0,1
flinders,1,0,1
fling,0,1,1
flinstones,2,0,2
flip,10,16,26
flipflop,1,1,2
flipflopped,0,1,1
flipflops,1,1,2
flipoutfriday,1,0,1
flipped,0,3,3
flippers,0,2,2
flippin,5,4,9
flipping,4,1,5
flips,1,3,4
flirt,2,1,3
flirtatious,0,1,1
flirted,0,1,1
flirtin,1,0,1
flirting,5,4,9
flirtomatic,2,0,2
flirts,0,1,1
flirty,0,1,1
fll,1,0,1
flloor,0,1,1
fllwrs,0,1,1
flo,1,3,4
float,2,2,4
floating,0,4,4
floats,0,1,1
flobots,1,0,1
flock,2,6,8
flocking,0,1,1
floetry,4,0,4
flogging,1,0,1
floo,0,1,1
flood,2,4,6
flooded,3,4,7
flooding,3,4,7
floodings,1,0,1
floods,1,2,3
floor,34,27,61
floories,1,0,1
flooring,1,0,1
floors,1,0,1
flop,6,1,7
flopped,0,2,2
flopping,0,1,1
floppy,1,1,2
flops,5,6,11
flor,2,0,2
floral,0,1,1
flordia,1,1,2
florence,5,2,7
florets,1,0,1
floriani,1,0,1
florida,23,35,58
floridaaa,0,1,1
floridaaaaa,0,1,1
florin,1,0,1
floro,1,0,1
floss,2,2,4
flosses,0,1,1
flossin,1,0,1
flour,0,1,1
floury,0,1,1
flow,10,3,13
floweing,0,1,1
flower,11,10,21
flowered,0,1,1
flowergirls,0,1,1
flowering,0,1,1
flowers,23,24,47
flowing,0,1,1
flown,2,3,5
flows,4,0,4
floyd,3,1,4
flshbck,0,1,1
flt,1,0,1
flu,63,57,120
flubbed,2,0,2
fluclux,1,0,1
fluent,1,2,3
fluently,1,0,1
fluey,1,0,1
fluff,1,2,3
fluffy,5,6,11
fluid,2,4,6
fluids,0,1,1
fluke,1,2,3
flumps,1,0,1
flung,0,1,1
fluorescents,0,1,1
fluro,0,1,1
flurry,1,0,1
flush,0,3,3
flushed,2,2,4
flushes,0,1,1
flushing,0,3,3
flushre,1,0,1
flustered,0,1,1
flute,1,1,2
fluther,1,0,1
flutter,0,1,1
fluttering,1,0,1
fluuuu,1,0,1
flv,2,0,2
flwrs,1,0,1
fly,67,63,130
flyaldy,1,0,1
flybabies,1,0,1
flyer,2,3,5
flygals,1,0,1
flyguy,1,0,1
flyin,3,0,3
flying,29,30,59
flyinghussies,1,0,1
flyinglushes,1,0,1
flylady,39,0,39
flyleaf,1,0,1
flynn,1,1,2
flyover,0,1,1
flyrs,1,0,1
flys,0,2,2
flywithme,1,0,1
flyyyyy,0,1,1
flyyyyyyyyy,1,0,1
fm,19,23,42
fmc,1,0,1
fmj,1,0,1
fml,47,29,76
fmls,1,0,1
fms,1,0,1
fmylife,1,0,1
fn,0,1,1
fnb,0,1,1
fnwc,3,0,3
fo,13,25,38
foa,0,1,1
foaf,0,1,1
foal,0,1,1
foam,2,1,3
foarte,1,0,1
fob,9,1,10
fobby,1,0,1
fobiness,0,1,1
fobr,1,0,1
focker,1,0,1
focus,23,28,51
focused,6,5,11
focusing,2,2,4
focusness,0,1,1
focussing,0,1,1
fod,0,3,3
fodder,0,3,3
foe,0,5,5
foer,1,0,1
foes,0,1,1
foever,1,0,1
fofr,0,1,1
fog,4,4,8
foggy,3,3,6
fogs,0,1,1
foi,0,1,1
foil,2,2,4
foils,1,1,2
fold,6,3,9
folded,2,1,3
folder,7,7,14
folders,1,1,2
foldin,1,0,1
folding,1,3,4
foley,1,0,1
folha,1,0,1
folie,2,0,2
folk,9,11,20
folkets,1,0,1
folks,33,17,50
folliday,1,0,1
folling,0,1,1
folllow,2,0,2
follo,0,2,2
folloers,1,0,1
follofriday,0,1,1
follor,0,1,1
follow,490,540,1030
followanyday,0,1,1
followart,0,2,2
followback,0,1,1
followed,34,52,86
followees,0,1,1
follower,30,22,52
followerfriday,0,1,1
followerrrr,1,0,1
followers,207,271,478
followerz,1,0,1
followes,1,0,1
followeveryday,0,1,1
followfiday,1,0,1
followfirday,2,1,3
followfrday,0,1,1
followfri,1,0,1
followfriday,480,146,626
followfridaying,1,0,1
followfridayprrrs,1,0,1
followfridays,1,1,2
followfridaythanks,1,0,1
followfridy,1,0,1
followill,0,1,1
followimg,1,0,1
followin,13,9,22
following,220,326,546
followings,0,1,1
followme,1,0,1
followmestephen,1,0,1
followmonday,0,1,1
followng,0,1,1
followong,1,0,1
follows,16,15,31
followsaturday,3,2,5
followsunday,3,0,3
followthischick,1,0,1
followup,1,1,2
followww,2,0,2
follw,1,0,1
follwed,0,1,1
follwers,1,0,1
follwing,2,2,4
folo,0,1,1
foloowed,1,0,1
folow,2,1,3
folowers,1,0,1
folowfriday,0,2,2
fond,3,7,10
fonda,1,0,1
fondant,1,0,1
fonder,1,1,2
fondest,0,1,1
fondness,0,1,1
fonds,0,1,1
fone,8,9,17
fonebook,1,0,1
fones,0,1,1
fonr,1,0,1
fonso,1,0,1
font,9,2,11
fonts,1,4,5
fonz,1,0,1
fonzworth,0,1,1
foo,2,8,10
foobar,1,0,1
food,157,176,333
foodallergies,0,1,1
foodbuzz,1,0,1
foodddd,0,1,1
fooderotica,0,1,1
foodie,2,1,3
foodism,1,0,1
foodland,0,1,1
foodnetworkstar,0,1,1
foodo,0,1,1
foods,7,9,16
foodsss,1,0,1
foodtown,0,1,1
foodwas,0,1,1
foodz,0,2,2
fooey,0,2,2
foofie,1,1,2
fooking,0,1,1
fool,14,12,26
fooled,2,2,4
fooley,0,1,1
foolin,0,2,2
fooling,0,1,1
foolish,5,1,6
foolishly,0,1,1
foolishness,1,1,2
foolling,1,0,1
fools,4,5,9
foolxd,0,1,1
foood,0,3,3
foooood,0,1,1
foooooollow,0,1,1
fooooooood,1,0,1
fooooorrrreeeevvveeerrrr,0,1,1
foooshooo,1,0,1
foor,1,0,1
foos,0,1,1
foot,25,24,49
footage,3,8,11
footbal,0,1,1
football,23,22,45
footballing,0,1,1
footballramble,0,1,1
footed,0,1,1
footer,1,2,3
footie,3,1,4
footlocker,1,0,1
footloose,3,1,4
footpath,1,0,1
footprints,1,0,1
footscray,0,1,1
footsteps,2,1,3
footsy,1,0,1
footwear,1,0,1
footy,3,9,12
fops,1,0,1
for,5375,7198,12573
fora,1,2,3
forbid,1,5,6
forbidden,3,2,5
forcast,1,3,4
forcasted,1,0,1
force,18,12,30
forced,11,10,21
forces,4,3,7
forcibly,1,0,1
forcing,5,0,5
ford,4,3,7
foreal,0,4,4
forealll,0,1,1
forealz,0,1,1
foreboding,0,1,1
forecast,7,8,15
forecasted,1,0,1
forecasting,0,1,1
forecasts,2,0,2
foreclosure,0,1,1
foreeeverr,0,1,1
forego,1,0,1
forehead,6,2,8
foreign,6,6,12
foreigner,0,1,1
foreigners,2,0,2
foreman,1,1,2
foremost,0,1,1
forensic,2,0,2
forensics,1,0,1
foreplay,1,1,2
foresee,0,2,2
foresight,0,1,1
foreskin,0,1,1
forest,3,6,9
forestgarden,0,1,1
forestry,0,1,1
forests,2,0,2
foreva,1,1,2
forever,76,70,146
forevereverevereverandever,1,0,1
foreverr,1,0,1
foreverrrrrrr,0,1,1
foreverrrrrrrrrr,0,1,1
forevs,1,0,1
forewarned,0,2,2
forfeit,0,1,1
forged,1,0,1
forget,103,123,226
forgetful,1,1,2
forgetfulness,1,0,1
forgets,2,2,4
forgetting,10,8,18
forgive,10,14,24
forgived,0,1,1
forgiven,4,5,9
forgiveness,2,0,2
forgiving,1,1,2
forgivness,0,1,1
forgot,134,156,290
forgotted,0,1,1
forgotten,13,13,26
forgotton,0,1,1
fork,2,3,5
forks,0,2,2
forlorn,1,0,1
form,33,36,69
formal,4,5,9
formally,1,0,1
forman,1,0,1
format,8,5,13
formatie,0,1,1
formating,0,2,2
formats,0,1,1
formatting,1,0,1
formed,0,1,1
former,5,5,10
formerly,2,0,2
forms,5,4,9
formula,3,1,4
formulaic,0,1,1
fornarina,0,1,1
fornicating,0,1,1
fornication,1,0,1
forourhero,18,0,18
forr,1,1,2
forreal,1,6,7
forreals,0,1,1
forrest,3,2,5
forrester,1,0,1
forrrrreal,1,0,1
forsaken,1,1,2
forseeable,1,0,1
forsure,1,0,1
fort,4,7,11
forte,1,0,1
forth,5,4,9
forthe,2,0,2
fortis,1,0,1
fortitude,1,0,1
fortnight,0,2,2
fortnights,1,0,1
fortsett,0,1,1
fortuna,1,0,1
fortunat,0,1,1
fortunate,1,2,3
fortunately,3,4,7
fortune,14,4,18
fortwars,0,1,1
forty,1,0,1
forum,14,24,38
forumate,1,0,1
forums,8,13,21
forumtreffen,0,1,1
forver,0,1,1
forward,141,230,371
forwarded,1,3,4
forwardfor,1,0,1
forwarding,0,5,5
forwards,1,0,1
forwrd,1,1,2
forza,1,0,1
fosho,1,2,3
fosse,1,1,2
foster,2,6,8
fostering,0,1,1
fosters,2,1,3
fostul,0,1,1
fota,0,1,1
fotb,1,0,1
fotc,0,1,1
fotheringay,1,0,1
foto,2,4,6
fotograffi,1,0,1
fotolog,1,1,2
fotopedia,0,1,1
fou,0,1,1
foucan,0,1,1
fought,1,3,4
foul,5,3,8
foulest,1,0,1
found,177,270,447
foundation,5,1,6
foundations,0,1,1
founded,0,2,2
founder,2,3,5
founders,1,2,3
foundout,0,1,1
foundry,0,1,1
fountain,3,4,7
fountains,1,1,2
four,24,43,67
fourm,0,1,1
fours,1,0,1
fourshore,1,0,1
fourtalia,0,1,1
fourth,2,5,7
fourthmeal,0,2,2
fourzerotwo,1,0,1
fova,0,1,1
fowa,3,0,3
foward,3,7,10
fowler,0,1,1
fox,21,14,35
foxdie,0,1,1
foxes,1,2,3
foxnewsfail,1,0,1
foxploration,1,0,1
foxridge,0,1,1
foxtel,0,1,1
foxtell,1,0,1
foxtrot,1,1,2
foxwoods,0,1,1
foxy,1,0,1
foxysmile,1,0,1
fozzy,0,1,1
fp,1,1,2
fpom,1,0,1
fpr,0,2,2
fps,1,1,2
fr,12,5,17
fraaaaand,1,0,1
fraaands,0,1,1
frack,0,1,1
fraction,0,1,1
fractional,1,0,1
fractured,0,1,1
fradgely,0,1,1
fragdoll,0,1,1
fragebogen,1,0,1
fragile,2,1,3
fragrance,0,1,1
fraid,1,1,2
fraise,0,1,1
frak,1,2,3
frame,3,6,9
framed,2,0,2
frames,1,2,3
framework,1,1,2
frameworks,0,1,1
framing,1,1,2
fran,2,5,7
francais,0,1,1
france,37,20,57
francesca,1,1,2
francesee,1,0,1
franchise,2,2,4
francis,1,0,1
francisca,1,0,1
francisco,9,7,16
frank,5,10,15
frankel,1,0,1
frankenstein,0,2,2
frankfurt,3,0,3
frankie,6,5,11
frankiee,1,0,1
frankieeee,1,0,1
frankies,0,1,1
franklin,3,1,4
frankly,5,2,7
franksmask,0,1,1
frankus,1,0,1
franky,2,0,2
frannnnn,0,1,1
franny,2,0,2
frans,1,0,1
frantic,0,2,2
franz,1,1,2
frappuccino,1,2,3
frappucino,0,1,1
frapuccino,0,1,1
frase,1,0,1
fraser,1,0,1
frasier,1,0,1
frat,1,2,3
fratellis,1,0,1
fratello,1,0,1
fratenisingwith,1,0,1
fraternity,1,1,2
fraterredd,1,0,1
fraud,3,2,5
fraudulent,0,1,1
fray,2,1,3
frazzled,1,0,1
frc,1,0,1
fre,1,0,1
freak,26,17,43
freaked,4,5,9
freaken,1,0,1
freakiest,0,1,1
freakin,26,29,55
freaking,38,40,78
freakinggg,1,1,2
freakish,0,1,1
freakk,0,1,1
freakking,0,1,1
freakn,2,0,2
freaks,7,2,9
freakshow,1,0,1
freaky,5,7,12
freakyh,1,0,1
freash,1,0,1
freazing,1,0,1
frecking,0,1,1
freckle,1,0,1
fred,7,4,11
freda,1,0,1
freddie,1,3,4
freddo,1,1,2
freddy,0,1,1
freds,0,1,1
free,236,282,518
freebie,0,1,1
freebies,0,3,3
freebsd,1,0,1
freecycle,1,0,1
freed,0,1,1
freedadreamer,1,0,1
freedom,13,7,20
freedome,1,0,1
freeebies,0,1,1
freeee,0,1,1
freeeeeeeeeeak,0,1,1
freeeeeeeeeeee,1,0,1
freeeeeeeeth,0,1,1
freeeezing,0,1,1
freeezing,0,1,1
freeing,0,1,1
freeiran,0,1,1
freelance,6,4,10
freelancing,1,3,4
freeloading,1,0,1
freelon,1,0,1
freely,2,2,4
freeman,1,0,1
freemason,1,0,1
freemp,1,0,1
freenas,1,0,1
frees,1,1,2
freesat,0,1,1
freestyle,1,1,2
freestyles,0,1,1
freestyling,1,0,1
freetime,1,0,1
freeware,2,0,2
freeway,1,2,3
freey,0,1,1
freeze,5,5,10
freezer,1,4,5
freezes,1,3,4
freezin,1,0,1
freezing,11,12,23
freggin,0,1,1
freggle,1,0,1
frehleyfriday,1,1,2
freight,1,0,1
freihaus,1,0,1
freihofer,0,1,1
freind,0,2,2
freinds,1,1,2
freja,1,0,1
fremont,1,0,1
fren,1,2,3
french,46,41,87
frenchieb,9,0,9
frenchies,1,0,1
frenchman,2,0,2
frenchmcflyteam,3,0,3
frenchopen,1,1,2
frend,1,0,1
frends,3,0,3
frendsssss,1,0,1
frendz,0,1,1
frenh,0,1,1
frens,0,1,1
frenzy,4,2,6
freo,1,1,2
frequent,4,5,9
frequently,4,4,8
frequents,0,1,1
fresca,0,1,1
fresh,35,41,76
freshbooks,0,1,1
freshen,2,1,3
freshener,1,1,2
freshers,0,1,1
freshie,0,1,1
freshly,0,5,5
freshman,5,1,6
freshmen,3,0,3
freshness,1,0,1
freshy,1,0,1
fresno,0,2,2
fressshman,2,0,2
fret,1,3,4
fretful,0,1,1
frets,0,1,1
fretwork,1,0,1
freudian,2,3,5
frezzer,1,0,1
frf,2,0,2
fri,16,21,37
frick,0,3,3
fricken,3,1,4
frickin,3,6,9
friction,0,1,1
frida,1,0,1
fridaaaaaay,1,0,1
fridaay,1,0,1
friday,230,252,482
fridayfail,1,0,1
fridays,8,12,20
fridayy,1,1,2
fridayyy,0,1,1
fridayyyy,1,0,1
fridge,8,16,24
fridnships,0,1,1
fried,8,12,20
friedman,1,0,1
frien,0,1,1
friend,284,389,673
friendeded,0,1,1
friendfeed,2,4,6
friendies,0,1,1
friending,0,1,1
friendless,0,2,2
friendly,21,24,45
friends,323,278,601
friendship,8,6,14
friendships,1,0,1
friendster,2,1,3
friendz,0,2,2
friennnnn,1,0,1
fries,6,14,20
friesan,1,0,1
frig,1,0,1
friggen,2,0,2
friggin,9,6,15
frigging,1,2,3
friggon,1,0,1
frighten,0,1,1
frightened,2,2,4
frightening,1,2,3
frightens,0,1,1
frightfully,0,1,1
frigid,0,1,1
friiiend,0,1,1
friiiiiday,1,0,1
frijolitos,0,1,1
frikkety,1,0,1
frikkin,3,1,4
frikn,0,1,1
frilly,1,0,1
frineds,2,0,2
fring,0,3,3
fringe,11,4,15
fringeto,1,0,1
frisbee,1,2,3
frisby,1,0,1
frisch,1,0,1
frisco,2,1,3
frisky,1,1,2
frist,0,3,3
fritolay,1,0,1
frittata,0,1,1
frittenbude,0,1,1
fritters,1,0,1
fritz,2,2,4
fritzl,1,0,1
frizz,0,2,2
frlehgf,0,1,1
frm,16,18,34
frmo,0,1,1
frnd,0,1,1
frnds,2,3,5
frndship,0,1,1
fro,2,5,7
frodo,0,2,2
frog,13,4,17
frogs,4,3,7
frolick,0,1,1
frolicking,1,0,1
from,1294,1530,2824
fromlast,0,1,1
fromm,1,0,1
fromt,0,1,1
fronpage,0,1,1
front,53,70,123
frontal,0,2,2
fronted,1,1,2
frontin,0,1,1
fronting,1,0,1
frontline,0,1,1
frontman,0,1,1
frontorback,0,1,1
frontpage,1,1,2
fronts,0,1,1
froot,1,0,1
frosh,4,0,4
frost,2,7,9
frosted,2,0,2
frosting,3,7,10
frosty,2,3,5
frothing,0,1,1
frothy,1,0,1
frou,0,2,2
frown,3,2,5
frownd,1,0,1
frownies,1,0,1
frowning,0,1,1
frowns,1,2,3
frowny,0,1,1
froyo,1,1,2
froze,4,4,8
frozen,15,10,25
frst,1,0,1
fruit,19,22,41
fruitcage,2,0,2
fruitcake,0,1,1
fruitless,1,0,1
fruits,5,3,8
fruity,0,3,3
frum,1,0,1
frushi,0,1,1
frusteration,1,1,2
frustrated,10,6,16
frustrates,1,0,1
frustrating,7,17,24
frustratingly,1,0,1
frustration,5,4,9
frutti,0,1,1
fry,5,7,12
fryers,0,1,1
fryin,1,0,1
frying,0,1,1
fryqi,1,0,1
fs,5,4,9
fsa,1,1,2
fsb,0,1,1
fsck,1,0,1
fsho,0,1,1
fsm,1,0,1
fstab,1,0,1
fsu,1,0,1
ft,17,6,23
fta,1,1,2
ftb,0,1,1
ftf,1,0,1
ftfer,0,1,1
ftl,4,5,9
ftp,1,3,4
ftse,0,1,1
ftsk,2,1,3
ftv,1,0,1
ftw,33,30,63
fu,5,6,11
fubar,1,0,1
fuc,1,0,1
fucccckkkkkkkkkk,1,0,1
fucck,1,1,2
fucckkk,0,1,1
fuchs,1,0,1
fuchsia,1,1,2
fuck,141,89,230
fucked,18,20,38
fuckeddd,1,0,1
fuckedddddd,0,1,1
fucken,4,2,6
fucker,1,5,6
fuckerrr,0,1,1
fuckers,1,4,5
fuckery,0,1,1
fuckfascism,1,0,1
fuckfuvkfuvk,1,0,1
fuckgfw,1,0,1
fuckhawt,0,1,1
fuckign,1,1,2
fuckin,29,20,49
fucking,106,75,181
fuckingf,1,0,1
fuckingy,0,1,1
fuckinnnnn,0,1,1
fuckit,0,1,1
fuckity,1,1,2
fuckkkked,1,0,1
fuckng,0,1,1
fucktard,1,1,2
fuckwit,0,1,1
fuckyah,0,1,1
fuckyousprintrant,1,0,1
fuddruckers,0,1,1
fudge,2,5,7
fuel,6,14,20
fueling,1,1,2
fufill,1,0,1
fugazi,0,1,1
fugly,1,3,4
fui,0,1,1
fuji,0,2,2
fuk,2,0,2
fukduk,1,0,1
fuken,0,1,1
fukin,3,0,3
fuking,0,1,1
fukn,1,0,1
fuku,1,0,1
ful,1,0,1
fula,1,0,1
fulbright,1,0,1
fulfil,1,0,1
fulfill,2,1,3
fulfilled,3,1,4
fulfilling,2,1,3
fulfillment,1,0,1
fulfills,0,1,1
full,145,134,279
fuller,1,0,1
fullest,1,2,3
fullmoon,1,0,1
fullservice,1,2,3
fullsized,0,1,1
fullspeed,1,0,1
fulltime,3,1,4
fully,23,30,53
fullyfaltoo,1,0,1
fumbled,0,1,1
fumbling,2,1,3
fumes,0,3,3
fun,670,1019,1689
funciona,1,1,2
funcionou,1,0,1
function,10,12,22
functional,4,3,7
functionality,1,1,2
functioneaza,1,0,1
functioning,2,3,5
functions,1,4,5
fund,5,5,10
fundamental,0,2,2
fundamentalists,0,1,1
funday,1,0,1
fundays,0,1,1
funded,0,1,1
funder,0,1,1
funding,5,2,7
fundraiser,3,2,5
fundraising,1,0,1
funds,10,9,19
funemployed,1,0,1
funeral,7,7,14
funerals,1,1,2
funfetti,0,1,1
funfollow,1,0,1
fung,1,0,1
fungi,1,0,1
fungus,1,0,1
funi,0,1,1
funk,4,3,7
funked,1,1,2
funktified,0,1,1
funky,6,7,13
funn,2,6,8
funnel,1,1,2
funnelcakes,1,0,1
funner,1,0,1
funnest,0,2,2
funnier,4,3,7
funniest,12,10,22
funnily,0,1,1
funnn,1,0,1
funnnn,0,1,1
funnnnn,0,1,1
funnnnnnnn,1,0,1
funnnnny,0,1,1
funny,233,360,593
funnyer,0,1,1
funnyfork,0,1,1
funnyguys,1,0,1
funnyist,1,0,1
funnyy,1,0,1
funs,0,1,1
funsies,1,0,1
funssss,1,0,1
funtastic,1,0,1
funtweets,1,0,1
fununy,1,0,1
funx,0,1,1
funy,1,0,1
funzt,0,1,1
fuqtwitter,10,0,10
fur,3,4,7
furever,1,0,1
furh,1,0,1
furious,2,0,2
furiously,0,1,1
furkid,1,0,1
furlough,2,0,2
furminator,0,1,1
furnace,1,2,3
furni,1,0,1
furnishing,0,1,1
furniture,12,7,19
furnitures,1,0,1
furriends,1,0,1
fursplosion,0,1,1
further,13,20,33
furtuna,1,0,1
fury,1,2,3
fus,1,0,1
fuschias,1,0,1
fuse,3,1,4
fusebox,1,0,1
fuseboxradio,1,0,1
fused,1,0,1
fuses,0,1,1
fusili,0,1,1
fusilli,0,1,1
fusion,1,2,3
fuss,1,3,4
fussed,2,1,3
fussing,1,0,1
fussy,2,1,3
futher,0,1,1
futon,1,0,1
futr,1,0,1
futretweet,0,1,1
futterblies,1,0,1
futurama,1,0,1
future,53,71,124
futures,1,0,1
futuristic,0,1,1
fuun,1,0,1
fuunnn,1,0,1
fuuu,1,0,1
fuuun,3,1,4
fuuuuck,2,0,2
fuuuun,0,2,2
fuuuunnnn,0,1,1
fuuuuun,0,2,2
fuuuuuun,0,1,1
fuuuuuuun,0,1,1
fuuuuuuuu,0,1,1
fuuuuuuuun,0,1,1
fuuuuuuuuuuuuuuun,0,1,1
fuuuuuuuuuuuuuuuuuuuuuuuuuuuuuuuuuuuuuuuuuuuck,1,0,1
fuz,0,1,1
fuze,1,1,2
fuzz,0,1,1
fuzzy,7,7,14
fuzzypuppy,0,1,1
fvery,1,0,1
fw,1,0,1
fwah,1,0,1
fwd,5,4,9
fwding,1,0,1
fwend,0,1,1
fwendz,0,1,1
fwiend,0,1,1
fwiw,1,0,1
fwun,0,1,1
fwy,1,0,1
fx,3,4,7
fxcking,2,0,2
fxxx,0,1,1
fyck,0,1,1
fye,0,1,1
fyi,8,17,25
fyl,0,1,1
fyne,0,1,1
fyrir,0,1,1
fys,1,1,2
fz,0,1,1
ga,14,10,24
gaaaaah,1,0,1
gaaaah,1,1,2
gaaaahhh,0,1,1
gaaaahhhhh,1,0,1
gaaaame,0,1,1
gaaah,1,0,1
gaaawd,0,1,1
gaah,2,2,4
gab,1,0,1
gabaldon,1,1,2
gabbing,0,1,1
gabby,0,3,3
gabbyb,0,1,1
gabe,3,5,8
gable,1,2,3
gabriel,2,3,5
gabrielle,1,0,1
gaby,3,1,4
gades,0,1,1
gadget,8,4,12
gadgetopia,1,0,1
gadgets,2,4,6
gae,1,0,1
gael,1,1,2
gaff,1,0,1
gaffigan,1,1,2
gag,3,3,6
gaga,12,12,24
gage,0,1,1
gagged,1,0,1
gagging,0,1,1
gagillion,1,0,1
gah,17,25,42
gahan,2,1,3
gahd,1,0,1
gahh,6,9,15
gahhh,3,4,7
gahhhh,0,1,1
gahhhhh,1,0,1
gahhhhhhh,0,1,1
gahre,1,0,1
gai,1,0,1
gaia,1,1,2
gail,2,0,2
gain,9,5,14
gained,5,7,12
gainesville,1,1,2
gaining,5,4,9
gains,2,1,3
gais,1,0,1
gait,0,1,1
gaither,1,0,1
gak,3,2,5
gal,6,14,20
gala,1,1,2
galactica,0,1,1
galactus,1,0,1
galahad,1,0,1
galat,1,0,1
galaxy,3,1,4
gald,0,1,1
galen,1,0,1
galeotti,1,0,1
galing,0,2,2
gall,0,1,1
galleria,0,3,3
galleries,2,0,2
gallery,10,7,17
gallivanting,1,0,1
galll,0,1,1
gallo,0,1,1
gallon,2,2,4
gallons,2,1,3
galloway,1,1,2
galo,1,0,1
galore,1,2,3
gals,2,12,14
galveston,0,1,1
galway,0,1,1
gambit,1,0,1
gamble,2,0,2
gamblin,0,1,1
gambling,2,2,4
game,234,223,457
gameboy,0,1,1
gamecube,1,1,2
gamee,1,0,1
gamehounds,0,1,1
gamehouse,0,1,1
gameplay,4,0,4
gamer,7,7,14
gamers,0,1,1
gamerscore,1,1,2
gamertag,1,0,1
games,60,60,120
gamespot,1,0,1
gamestop,1,1,2
gamestopping,0,1,1
gamesurge,0,1,1
gameworks,0,1,1
gamgee,1,0,1
gaming,9,6,15
gamma,0,1,1
gamot,1,0,1
gampang,0,2,2
gams,0,1,1
gan,1,0,1
ganache,0,1,1
ganda,3,1,4
gandalf,0,1,1
gander,0,2,2
gandhi,1,0,1
gandu,1,0,1
gang,6,6,12
gangbanger,2,0,2
gangbanging,0,1,1
gangsta,3,1,4
gangster,1,3,4
gangsterrr,1,0,1
gangstersss,1,0,1
gank,2,0,2
ganna,0,2,2
gannons,0,1,1
gansta,1,0,1
gantang,1,0,1
gantinya,1,0,1
ganun,1,1,2
ganvaar,1,0,1
ganyan,0,1,1
gap,8,4,12
gaping,1,0,1
gaps,3,0,3
gaptek,0,1,1
gar,1,0,1
gara,0,1,1
garage,9,12,21
garageband,0,2,2
garages,0,1,1
garba,0,1,1
garbage,8,4,12
garbo,2,0,2
garboffman,1,1,2
garcia,2,0,2
garden,34,41,75
gardencenter,1,0,1
gardener,0,2,2
gardening,2,6,8
gardens,1,4,5
gardiner,0,1,1
gareishly,0,1,1
garena,1,0,1
gareth,1,3,4
gargle,0,1,1
gargles,0,1,1
garlic,10,3,13
garmi,1,0,1
garmin,4,1,5
garner,1,1,2
garnu,0,1,1
garos,1,0,1
garrett,1,1,2
garros,2,1,3
garth,1,0,1
gary,6,6,12
garyjrboston,1,0,1
gas,22,13,35
gash,1,1,2
gasit,1,1,2
gaskarth,2,1,3
gasol,1,0,1
gasoline,0,1,1
gasp,6,10,16
gaspard,1,0,1
gasped,0,1,1
gasping,1,1,2
gaspppp,0,1,1
gasps,0,1,1
gasssp,1,0,1
gaston,1,1,2
gastritis,0,1,1
gastro,1,0,1
gastroenteritis,1,0,1
gastronomical,1,0,1
gastropub,0,1,1
gat,0,1,1
gatau,0,1,1
gatc,1,0,1
gatchalians,1,0,1
gate,7,8,15
gateashing,0,1,1
gatecrashes,1,0,1
gatecrashin,1,0,1
gates,5,5,10
gateway,3,2,5
gather,3,2,5
gathered,2,0,2
gatherer,0,1,1
gathering,4,2,6
gator,0,2,2
gatorade,2,2,4
gatorzone,1,0,1
gattuso,0,1,1
gatwick,0,1,1
gaudy,0,1,1
gauge,0,4,4
gauges,0,1,1
gaul,1,0,1
gaulers,1,0,1
gaultier,0,1,1
gav,1,0,1
gave,95,98,193
gavin,3,0,3
gavre,0,1,1
gawain,1,0,1
gawd,4,3,7
gawdd,1,0,1
gawking,1,0,1
gawn,0,1,1
gay,45,57,102
gayed,0,1,1
gayest,1,0,1
gayet,0,1,1
gayfever,0,1,1
gayi,1,0,1
gayle,0,2,2
gaynor,1,1,2
gays,0,4,4
gaytime,0,1,1
gayysss,0,1,1
gayyyy,1,0,1
gayyyyyyy,1,0,1
gaz,0,1,1
gazebo,0,1,1
gazillion,1,2,3
gazillllliiooon,1,0,1
gb,18,20,38
gbh,0,1,1
gboro,1,0,1
gbpjpy,1,0,1
gbtu,1,1,2
gbu,1,0,1
gbw,0,1,1
gc,3,1,4
gcc,1,0,1
gccr,1,0,1
gcfamily,1,0,1
gchat,2,0,2
gci,1,0,1
gcs,1,0,1
gcse,2,0,2
gcses,0,1,1
gd,12,21,33
gdad,0,2,2
gdamm,0,1,1
gday,0,1,1
gdeda,1,0,1
gdfu,1,0,1
gdgd,0,3,3
gdi,1,1,2
gdjb,2,0,2
gdmorng,1,0,1
gdmornin,0,1,1
gdocs,1,0,1
gdy,0,1,1
ge,5,2,7
gear,8,17,25
geared,2,0,2
gearing,1,0,1
gears,2,1,3
geary,0,1,1
geass,1,0,1
geb,0,1,1
gebyar,1,0,1
geddit,0,1,1
geddon,1,0,1
gee,5,19,24
geebus,1,0,1
geeeez,1,0,1
geeez,1,0,1
geek,29,19,48
geekcamp,5,0,5
geekery,0,1,1
geekier,1,0,1
geekout,0,1,1
geeks,12,4,16
geeksquad,0,1,1
geektweets,0,1,1
geeky,4,7,11
geekzone,1,0,1
geelong,1,0,1
geen,1,1,2
gees,1,0,1
geetings,0,1,1
geez,8,19,27
geeze,1,1,2
geezus,0,1,1
geezy,0,1,1
geezzz,1,0,1
gefeliciteeeeerd,0,1,1
gefeliciteerd,0,1,1
geffen,1,0,1
geforce,1,0,1
geguckt,0,1,1
gehad,0,1,1
gehle,0,1,1
gehn,1,0,1
geht,0,1,1
gehts,0,2,2
geil,0,2,2
geinial,0,1,1
geiser,1,0,1
geisha,1,1,2
gel,6,4,10
gelati,0,1,1
gelatin,1,0,1
gelato,2,2,4
geld,0,1,1
geldi,1,0,1
gelding,0,1,1
geleden,1,0,1
gelli,0,2,2
gels,0,1,1
gem,4,5,9
gemacht,1,0,1
gemini,1,3,4
geminis,0,1,1
gemma,1,0,1
gems,1,1,2
gen,11,11,22
genash,1,0,1
genauso,0,1,1
gencon,1,0,1
gender,3,2,5
gene,5,5,10
general,21,27,48
generala,1,0,1
generalise,1,0,1
generalising,0,1,1
generalized,0,1,1
generally,3,15,18
generate,1,2,3
generated,1,2,3
generation,4,10,14
generations,0,3,3
generationz,1,0,1
generatiooonn,1,0,1
generator,1,3,4
generic,3,0,3
generous,11,4,15
genes,2,1,3
genesis,3,2,5
genestealer,1,0,1
genetic,1,2,3
geneticists,0,1,1
genetics,3,1,4
geneva,2,0,2
genevaaa,0,1,1
genevieve,1,0,1
genghis,1,0,1
gengiz,1,0,1
genial,1,1,2
genialt,1,0,1
genie,1,3,4
genies,1,0,1
genious,0,1,1
genital,0,1,1
genitals,3,1,4
genius,20,15,35
geniuses,0,2,2
genix,1,0,1
genki,0,1,1
genl,1,0,1
genny,1,0,1
geno,1,1,2
genocide,0,1,1
genre,3,4,7
genres,1,1,2
gentalmen,1,0,1
gentle,5,4,9
gentleman,4,3,7
gentlemanly,0,1,1
gentlemen,2,4,6
gentleness,1,0,1
gently,1,3,4
gentoo,1,0,1
gents,1,2,3
genuine,5,8,13
genuinely,4,6,10
genuinespamsubjectlineoftheday,0,1,1
geo,0,1,1
geocache,1,0,1
geocacher,0,1,1
geocaching,2,1,3
geoff,3,3,6
geographic,3,2,5
geographical,0,1,1
geographically,1,0,1
geography,7,6,13
geology,0,1,1
geomancer,1,0,1
geometry,0,2,2
geopolitics,0,1,1
geordan,0,1,1
george,13,21,34
georges,0,1,1
georgetown,0,1,1
georgia,7,13,20
georgiagroome,1,0,1
georgie,0,1,1
georgous,1,1,2
ger,0,2,2
gerade,1,0,1
gerald,1,0,1
geraldine,1,0,1
gerard,3,2,5
gerbera,1,0,1
gerd,1,0,1
geriatrics,0,1,1
gerica,1,0,1
germ,3,1,4
germaine,0,1,1
german,14,27,41
germandy,0,1,1
germantown,2,0,2
germany,37,65,102
germanys,0,1,1
germies,0,1,1
germination,1,0,1
germs,3,4,7
gerrard,1,0,1
gerry,1,1,2
gershon,0,1,1
ges,0,1,1
gesehn,1,0,1
gesetz,1,0,1
gesnapt,1,0,1
gess,1,0,1
gestation,0,1,1
gesture,0,1,1
gestures,1,1,2
get,2199,3125,5324
getamac,1,0,1
getan,0,1,1
getaway,1,2,3
getaways,0,1,1
getbackers,1,0,1
getcho,0,1,1
getfrme,1,0,1
getgibackinthelead,0,1,1
getha,0,1,1
gether,7,6,13
getin,0,1,1
geting,1,1,2
getitng,0,1,1
getknifed,0,1,1
getlessonsnow,1,0,1
getn,3,2,5
getnin,1,0,1
getoffmylawn,0,1,1
getonu,1,0,1
getosky,0,1,1
getpembsdaveajob,1,0,1
getridofwes,1,0,1
getrude,1,0,1
gets,148,156,304
gett,2,2,4
gettaway,0,1,1
getter,1,0,1
gettign,0,2,2
gettigt,1,0,1
gettiing,1,0,1
gettin,42,42,84
getting,462,507,969
gettingg,1,0,1
gettinne,1,0,1
gettinq,0,1,1
gettn,2,1,3
gettting,1,1,2
getty,0,1,1
getup,0,1,1
getwellsoonjb,1,0,1
getz,1,0,1
gewwd,0,1,1
gf,20,24,44
gfad,0,1,1
gfb,1,0,1
gfm,0,1,1
gford,0,1,1
gfree,1,0,1
gfs,2,0,2
gft,1,0,1
gfu,1,0,1
gfw,0,2,2
gfx,1,0,1
gfy,0,1,1
gg,8,11,19
ggeezzz,1,0,1
ggg,1,0,1
gggarmen,0,1,1
ggggreat,0,1,1
gggreat,0,1,1
gggrr,1,0,1
gggrrr,0,1,1
gggrrrr,0,1,1
gggrrrrr,1,0,1
gggrrrrrrr,1,0,1
ggl,1,0,1
ggoing,1,0,1
ggrgrgrgrgrgrgrrrrrrrrrrrrrrrr,1,0,1
ggrrr,1,0,1
ggrrrr,1,1,2
ggrrrrrrrr,1,0,1
gh,3,7,10
ghabt,0,1,1
ghacksg,1,0,1
ghadi,1,0,1
ghana,0,1,1
ghano,2,0,2
ghar,0,2,2
ghd,1,0,1
ghee,1,0,1
gherkin,0,1,1
ghetto,6,5,11
ghey,0,1,1
ghfgsdjfg,0,1,1
ghgo,1,0,1
ghh,0,1,1
ghhhhhhhh,0,1,1
ghibli,1,0,1
ghod,0,1,1
ghooostly,0,1,1
ghost,9,10,19
ghostbusters,5,5,10
ghostbustersfriday,1,0,1
ghostrider,1,0,1
ghosts,3,2,5
ghostsandvodka,1,0,1
ghostwrite,0,1,1
ghouse,1,0,1
ghrrrr,0,1,1
ghsh,2,0,2
ght,1,0,1
ghz,3,1,4
gi,6,4,10
gia,3,1,4
giaaaan,0,1,1
giacchino,0,1,1
giad,1,0,1
giada,0,1,1
gianna,1,0,1
gianormous,0,1,1
giant,8,15,23
gianthug,0,1,1
giants,4,5,9
gibbs,2,1,3
gibe,1,0,1
gibs,0,1,1
gibson,4,2,6
gibsonrockgod,0,1,1
gibts,0,1,1
gid,0,1,1
giddy,2,3,5
gideon,1,0,1
gidi,0,1,1
gif,0,4,4
giffan,1,0,1
gifs,1,2,3
gift,36,42,78
giftcard,1,1,2
gifted,5,0,5
giftings,0,1,1
gifts,7,7,14
gig,27,38,65
gigaball,1,0,1
gigabytes,1,0,1
gigantic,4,0,4
giggity,0,1,1
giggle,7,14,21
giggles,13,4,17
giggling,5,2,7
giggly,2,1,3
giggs,0,1,1
gigi,0,2,2
gigreport,1,0,1
gigs,7,13,20
giiiiiiiiiiiiiiiiiiirl,1,0,1
giiirl,1,0,1
giirl,1,3,4
giirll,1,0,1
gij,0,1,1
gijoes,0,1,1
gil,0,2,2
gila,0,1,1
gilbert,2,1,3
gilbirmingham,2,0,2
giles,0,1,1
gilgamesh,1,0,1
gill,1,1,2
gillade,1,0,1
gillespie,0,1,1
gillette,0,1,1
gills,1,2,3
gilmore,3,2,5
gils,1,0,1
gimik,1,0,1
gimli,1,0,1
gimme,10,7,17
gimmeeee,0,1,1
gimmefailwhale,2,0,2
gimmeh,0,1,1
gimmick,0,1,1
gimmicks,0,1,1
gimmics,0,1,1
gimmie,0,1,1
gimmiefailwhale,1,0,1
gimp,2,1,3
gimtadieniu,0,1,1
gin,8,6,14
gina,4,2,6
ginadoles,1,0,1
ginag,1,0,1
ginawa,0,1,1
ginebra,1,0,1
ging,1,1,2
ginger,10,8,18
gingercake,0,1,1
gingerette,1,0,1
gingham,2,0,2
ginginator,0,1,1
gingiva,0,1,1
gini,1,0,1
ginny,2,1,3
ginormous,0,1,1
ginos,0,1,1
ginseng,1,0,1
gio,1,1,2
giorno,2,0,2
giovent,0,1,1
gippy,0,1,1
gipson,1,0,1
giraffe,0,1,1
giraffes,0,1,1
girakon,0,1,1
girdle,1,0,1
girino,1,0,1
girk,1,0,1
girl,342,455,797
girlbird,1,0,1
girlbook,1,0,1
girlcrush,2,1,3
girlfrann,0,1,1
girlfrend,1,0,1
girlfriend,33,24,57
girlfriends,1,6,7
girlgeek,0,1,1
girlicious,1,3,4
girlie,12,22,34
girliee,1,0,1
girlies,4,3,7
girlish,2,0,2
girll,0,3,3
girlll,1,2,3
girllllllllllllllllllllll,0,1,1
girlmelanie,1,0,1
girls,125,134,259
girlsss,0,1,1
girly,12,15,27
girlys,0,1,1
girlz,1,0,1
giro,4,3,7
girrafe,0,1,1
girrrl,0,1,1
girrrrrl,0,1,1
girrrrrrrl,0,1,1
gis,1,0,1
gisi,1,0,1
gispy,1,0,1
gist,2,1,3
gister,0,1,1
git,9,8,17
gitaru,0,1,1
github,1,2,3
gits,2,0,2
gitu,3,5,8
giu,0,1,1
giv,2,0,2
give,301,390,691
giveaway,7,9,16
giveaways,4,3,7
givee,1,0,1
given,33,39,72
giver,0,1,1
gives,39,40,79
giveway,1,0,1
giviingg,0,1,1
givin,5,3,8
giving,49,74,123
giys,0,1,1
giz,0,1,1
giza,1,0,1
gizmo,2,2,4
gizmodo,2,0,2
gizza,1,0,1
gizzle,2,0,2
gizzy,1,0,1
gjd,0,1,1
gk,3,3,6
gknr,1,0,1
gl,7,6,13
glacier,1,0,1
glad,319,611,930
glade,1,0,1
glades,0,1,1
gladiator,3,1,4
gladiators,1,1,2
gladly,1,9,10
gladys,1,0,1
glam,0,1,1
glamberts,1,1,2
glamorous,1,2,3
glamour,1,0,1
glamourous,1,0,1
glamrock,1,0,1
glamsters,0,1,1
glance,3,1,4
glanced,1,0,1
glances,1,1,2
glare,2,0,2
glared,1,0,1
glares,1,0,1
glasgees,0,1,1
glasgow,8,9,17
glass,19,40,59
glasses,19,29,48
glasto,5,8,13
glastonbury,2,4,6
glastowc,1,0,1
glasvegas,1,1,2
glauber,0,1,1
glaze,1,0,1
glazed,1,0,1
glazing,0,1,1
glbt,1,1,2
gld,0,2,2
glee,3,4,7
glen,1,2,3
glenarden,1,0,1
glendale,3,0,3
glenelg,0,1,1
glenn,0,1,1
glesga,0,1,1
glich,0,1,1
glider,0,1,1
glimpse,2,7,9
glitch,3,4,7
glitches,1,0,1
glitching,0,1,1
glitter,2,1,3
gllad,1,0,1
gloat,1,0,1
gloatig,0,1,1
gloatin,0,1,1
gloating,1,2,3
global,7,4,11
globalization,1,0,1
globally,1,2,3
globe,5,4,9
glomp,0,1,1
glomptackle,1,0,1
gloom,4,4,8
gloomsday,1,0,1
gloomy,7,4,11
glop,0,1,1
gloria,2,3,5
glorietta,0,1,1
glorified,0,1,1
glorious,8,7,15
gloriously,1,0,1
gloriuos,1,0,1
glory,8,4,12
gloss,2,5,7
glossing,1,0,1
glossy,1,0,1
gloucester,0,1,1
gloucestershire,0,1,1
glove,1,3,4
glovebox,1,0,1
gloves,3,0,3
glow,4,4,8
glowing,1,5,6
glowsticks,1,0,1
glowy,1,0,1
glub,1,0,1
glucose,0,2,2
glue,7,2,9
glued,3,0,3
glueten,1,0,1
gluten,4,3,7
gluteous,1,0,1
glynis,1,0,1
glyphboard,0,1,1
glyphics,1,0,1
glyphs,0,1,1
glyps,1,0,1
gm,9,6,15
gma,5,4,9
gmack,0,1,1
gmail,10,7,17
gmails,0,1,1
gmana,0,1,1
gmau,0,1,1
gmc,1,0,1
gmh,0,1,1
gmna,0,1,1
gmoney,1,0,1
gmornin,2,0,2
gmorning,0,1,1
gmt,4,1,5
gmu,1,0,1
gmv,1,0,1
gmy,0,1,1
gn,1,2,3
gna,6,5,11
gnag,1,0,1
gnarls,1,0,1
gnarly,2,0,2
gnats,1,1,2
gnc,0,1,1
gng,1,0,1
gni,0,1,1
gnight,9,4,13
gnite,3,6,9
gnites,1,0,1
gnith,1,0,1
gnna,1,3,4
gno,1,5,6
gnocchi,0,1,1
gnome,2,5,7
gnomes,0,2,2
gnr,0,2,2
gnt,0,1,1
gnu,0,1,1
gnun,0,1,1
gnutls,1,0,1
gnw,2,0,2
go,1680,1968,3648
goa,0,3,3
goad,1,0,1
goal,8,14,22
goalie,0,1,1
goalkeeper,0,1,1
goals,2,5,7
goan,0,1,1
goanna,0,1,1
goash,1,0,1
goat,1,9,10
goatee,1,0,1
goats,2,3,5
gobble,0,1,1
gobstoppers,1,0,1
god,221,218,439
godaddy,2,1,3
godawful,1,0,1
godbaby,0,1,1
godbless,1,1,2
godchild,1,0,1
godchilds,1,0,1
goddam,1,1,2
goddamit,0,1,1
goddamn,4,4,8
goddamnit,1,0,1
goddaughter,1,0,1
goddess,3,2,5
godfrey,1,0,1
godivafestival,1,0,1
godlike,1,0,1
godlington,0,1,1
godmother,1,0,1
godmothers,1,0,1
godnatt,0,1,1
godness,0,1,1
gods,6,4,10
godsister,0,1,1
godzilla,1,0,1
goed,0,2,2
goen,0,1,1
goer,1,1,2
goers,0,1,1
goes,115,154,269
goethe,1,0,1
gof,1,0,1
gofugyourself,0,1,1
gogamer,0,1,1
goggles,1,1,2
gogh,2,0,2
gogogansters,0,1,1
gogos,1,0,1
gography,1,0,1
gogreensunday,1,0,1
gogs,0,1,1
goh,0,1,1
gohardsunday,1,0,1
gohogsgo,0,1,1
goibhniu,0,1,1
goig,1,0,1
goign,0,1,1
goiing,2,0,2
goin,66,83,149
goina,0,1,1
goines,1,0,1
going,1231,1457,2688
goingg,3,0,3
goinggg,0,1,1
goingnitey,0,1,1
goingto,1,0,1
gointa,1,0,1
gois,0,1,1
gok,0,1,1
gokey,4,5,9
gokeyisabigot,4,0,4
gokeyisadouche,3,1,4
gokillllll,1,0,1
goku,1,2,3
gokusen,0,1,1
gol,0,1,1
golakers,0,3,3
gold,23,24,47
golden,11,12,23
goldeneye,0,1,1
goldennnn,1,0,1
goldfinger,1,0,1
goldfish,2,1,3
goldfrapp,1,0,1
goldie,1,0,1
goldies,1,0,1
goldilocks,0,1,1
golds,0,1,1
goldston,2,0,2
golem,1,0,1
golene,0,1,1
golf,13,19,32
golfers,2,1,3
golfin,0,1,1
golfing,2,3,5
golfs,1,0,1
goliath,0,1,1
golly,0,4,4
gomez,3,0,3
gomna,1,0,1
gon,10,8,18
gona,15,10,25
gone,201,206,407
goneeeeeeeeeeeee,0,1,1
gong,0,1,1
gongbei,0,1,1
gongwer,1,0,1
gonig,1,0,1
gonn,1,0,1
gonna,597,560,1157
gonnamiss,0,1,1
gonnawannafly,1,0,1
gonne,0,2,2
gonnna,1,0,1
gonzalez,1,1,2
gonzo,1,0,1
gonzpiration,7,0,7
goo,7,2,9
goob,0,1,1
good,2385,3541,5926
goodbassplayer,1,0,1
goodby,0,1,1
goodbye,46,19,65
goodbyeeee,1,0,1
goodbyes,4,2,6
gooddlucckk,0,1,1
goodeh,1,0,1
gooder,0,1,1
goodfooooodyyy,1,0,1
goodhead,1,1,2
goodidea,0,1,1
goodie,5,3,8
goodies,7,3,10
goodiez,0,1,1
goodish,1,1,2
goodknight,1,0,1
goodl,1,0,1
goodlier,0,1,1
goodlookin,0,1,1
goodluck,15,11,26
goodmornin,0,1,1
goodmorning,13,13,26
goodnes,0,1,1
goodness,16,38,54
goodnewsweek,1,0,1
goodnighhhtttt,0,1,1
goodnight,124,88,212
goodnights,4,1,5
goodnighttt,0,1,1
goodnightttt,1,0,1
goodnighttttt,1,0,1
goodniiight,1,0,1
goodniqht,1,0,1
goodnit,1,0,1
goodnite,4,3,7
goodnyte,1,0,1
goodo,1,0,1
goodone,1,0,1
goodpussy,3,0,3
goodreads,0,1,1
goodrem,1,0,1
goods,4,7,11
goodservice,1,0,1
goodsex,70,1,71
goodthing,1,1,2
goodtimes,1,1,2
goody,2,2,4
goodyear,1,0,1
goodygoody,1,0,1
goodz,1,0,1
gooey,2,3,5
goof,1,4,5
goofball,0,1,1
goofing,0,1,1
goofy,5,3,8
goog,2,2,4
googelplex,0,1,1
googing,0,1,1
google,80,87,167
googled,0,6,6
googlereader,0,1,1
googles,1,0,1
googlewave,1,1,2
googling,2,4,6
googly,0,1,1
googs,0,1,1
gooing,0,1,1
goolash,0,1,1
goolish,1,0,1
goon,1,1,2
goondocks,0,1,1
goonies,1,1,2
goonight,1,0,1
goonnna,1,0,1
gooo,2,6,8
goood,11,15,26
goooddd,0,1,1
gooodnight,1,1,2
goooo,5,8,13
gooood,8,12,20
goooodboook,0,1,1
gooooddd,1,0,1
gooooo,1,3,4
goooood,10,6,16
goooooddd,0,1,1
goooooo,0,1,1
gooooood,4,6,10
goooooodnites,1,0,1
gooooooo,0,1,1
goooooood,1,2,3
gooooooooood,0,1,1
gooooooooooo,0,1,1
goooooooooooood,1,0,1
goooooooooooooooooood,1,0,1
goooooooooooooooooooooooo,0,1,1
goooooose,0,1,1
gooottttcccchhhaaaa,1,0,1
goos,1,1,2
goose,4,2,6
goosebumps,1,1,2
goot,1,1,2
goota,2,0,2
gop,0,1,1
gopher,0,1,1
gor,0,2,2
goramm,0,1,1
gordon,5,4,9
gordons,1,0,1
gordy,1,0,1
gore,0,3,3
gorefest,2,0,2
goreng,1,0,1
gorg,0,2,2
gorge,2,4,6
gorgeous,50,93,143
gorgeousness,0,2,2
gorgeousss,0,1,1
gorgepus,1,0,1
gorgous,1,0,1
gorilla,4,2,6
gorl,0,1,1
gorne,0,1,1
gorrected,0,1,1
gorshhh,1,0,1
gosh,40,56,96
goshh,0,1,1
goshhh,0,2,2
goshhhh,1,1,2
gosip,0,1,1
gospel,1,6,7
goss,0,1,1
gosselin,4,0,4
gossip,11,4,15
gossipgirl,0,1,1
gossips,1,0,1
gosspip,1,0,1
gosto,2,0,2
gostosa,1,0,1
got,1354,1684,3038
gota,6,3,9
gotcha,6,15,21
goth,5,3,8
gotham,1,0,1
gothenburg,0,1,1
gothic,0,1,1
gothicism,0,1,1
goticarke,1,0,1
gotive,1,0,1
gotmilk,0,1,1
goto,4,3,7
gots,6,9,15
gotsta,1,2,3
gotsto,1,0,1
gotsuhh,1,0,1
gott,1,0,1
gotta,210,255,465
gottaaa,1,0,1
gottal,1,0,1
gotten,31,54,85
gotto,1,0,1
gotton,1,0,1
gottta,1,0,1
gotttttt,1,0,1
gotu,0,1,1
gotukola,0,2,2
gotz,0,1,1
goul,1,0,1
gourd,1,0,1
gourgous,0,1,1
gourmet,1,0,1
gout,0,1,1
gov,8,6,14
govenance,1,0,1
goverment,0,1,1
governent,1,0,1
governing,0,2,2
government,5,8,13
governmental,1,1,2
governor,2,1,3
governors,1,0,1
governs,0,1,1
govt,3,8,11
govts,0,1,1
gow,1,3,4
gown,1,1,2
goy,1,0,1
gp,2,4,6
gpa,4,1,5
gparents,0,1,1
gpas,1,0,1
gpgmail,1,0,1
gpo,1,0,1
gpp,1,0,1
gprs,0,2,2
gps,7,5,12
gpx,1,0,1
gr,36,34,70
gra,1,0,1
grab,21,35,56
grabbed,0,4,4
grabber,0,1,1
grabbing,1,3,4
grabe,5,3,8
grabs,4,6,10
grac,1,0,1
grace,17,11,28
graced,0,2,2
graceful,2,0,2
graceland,0,1,1
gracias,5,7,12
gracielam,1,0,1
graciemccarvill,1,0,1
gracing,1,0,1
gracious,3,2,5
grad,18,18,36
gradation,1,0,1
grade,17,19,36
graded,0,1,1
gradeing,1,0,1
grader,1,1,2
graders,1,0,1
grades,1,7,8
gradesimpsonsgucker,1,0,1
gradient,1,0,1
gradients,0,1,1
grading,3,1,4
gradle,0,1,1
gradnma,1,0,1
grads,0,2,2
gradscul,1,0,1
gradually,1,1,2
graduate,9,12,21
graduated,9,8,17
graduateeee,1,0,1
graduates,1,4,5
graduating,5,14,19
graduation,31,28,59
graduations,0,1,1
gradumating,0,1,1
grady,1,0,1
grae,1,0,1
graeme,1,0,1
graffiti,7,1,8
graft,0,1,1
grafter,0,1,1
grafton,0,1,1
graham,6,2,8
grails,1,0,1
grain,2,1,3
grait,0,1,1
gram,2,0,2
grama,0,1,1
gramercy,0,1,1
gramke,1,0,1
gramma,1,0,1
grammar,6,8,14
grammatical,1,0,1
grammy,1,0,1
grams,1,3,4
gran,0,4,4
granada,0,1,1
granary,1,0,1
grand,30,24,54
granda,1,1,2
grandad,1,1,2
grandaughter,0,1,1
grandaughters,0,1,1
grandbaby,0,1,1
grandcentral,1,0,1
grandchildren,1,0,1
granddad,1,1,2
granddaughter,1,0,1
grande,1,0,1
grandes,1,0,1
grandeur,0,1,1
grandfathe,1,0,1
grandfather,5,5,10
grandfathered,1,1,2
grandkids,0,2,2
grandma,31,22,53
grandmama,0,2,2
grandmas,3,2,5
grandmom,1,0,1
grandmother,6,8,14
grandpa,10,4,14
grandparents,2,6,8
grandpas,1,1,2
grands,0,1,1
grandson,1,0,1
grandview,0,1,1
grandy,1,0,1
granma,0,1,1
granmas,0,1,1
grannie,0,1,1
grannises,1,0,1
granny,5,3,8
granola,2,4,6
granpa,1,0,1
grans,1,2,3
grant,0,10,10
granted,4,5,9
grape,4,0,4
grapefruit,1,0,1
grapes,3,4,7
graph,2,0,2
graphic,5,13,18
graphics,6,2,8
graphire,0,1,1
graphite,0,1,1
graphs,0,1,1
gras,1,1,2
grasp,2,0,2
grass,13,24,37
grasshoppa,1,0,1
grasshopper,1,1,2
grasshoppers,0,1,1
grassroots,1,0,1
grat,0,1,1
grateful,9,6,15
grater,1,0,1
gratias,1,0,1
gratification,0,1,1
gratis,1,0,1
gratissssssssssss,0,1,1
gratitude,3,4,7
grats,1,7,8
gratuation,0,1,1
gratulation,1,0,1
gratz,0,2,2
gratzzzzzzzzzzzzzzzzzzzzz,0,1,1
grave,4,2,6
gravel,1,4,5
gravey,1,0,1
graveyard,1,0,1
gravity,7,7,14
gravy,3,4,7
graw,1,0,1
gray,6,8,14
grayed,0,1,1
grayson,0,1,1
graze,2,0,2
grazie,1,0,1
grd,1,0,1
grea,0,3,3
greaaaaaaaaaat,1,0,1
greaaaaat,1,0,1
greaaaat,0,1,1
greaaat,0,2,2
greaat,2,0,2
greaatt,1,0,1
greaattt,1,0,1
greader,0,1,1
grease,4,9,13
greasemonkey,0,2,2
greasseeee,0,1,1
greastest,0,1,1
greasy,1,1,2
great,907,1294,2201
greate,2,2,4
greater,4,5,9
greatest,14,12,26
greatful,0,1,1
greatfull,0,1,1
greatgreatgreat,1,0,1
greatjob,0,1,1
greatly,5,10,15
greatness,5,1,6
greats,1,0,1
greatt,1,0,1
greattt,1,1,2
greco,1,0,1
greece,2,9,11
greedy,8,4,12
greedyo,1,0,1
greeeat,1,0,1
greeeeaaaattttt,0,1,1
greeeeattttt,1,0,1
greek,7,11,18
greeks,0,1,1
greeley,0,1,1
green,60,101,161
greenberg,0,1,1
greenbriar,1,0,1
greenday,2,1,3
greener,1,2,3
greenest,1,0,1
greenface,1,0,1
greenfest,1,0,1
greenflys,1,0,1
greenford,0,2,2
greengoo,1,0,1
greenhouse,0,1,1
greenie,1,0,1
greenness,0,1,1
greenroom,0,1,1
greens,5,3,8
greensboro,1,0,1
greensborough,0,1,1
greentactics,1,0,1
greenvillenc,0,1,1
greenway,1,0,1
greenwich,0,1,1
greer,1,1,2
greese,0,1,1
greet,7,8,15
greeted,2,2,4
greeting,1,10,11
greetings,7,15,22
greetinx,0,1,1
greets,0,2,2
greetz,0,2,2
greez,0,1,1
greg,5,8,13
gregario,0,1,1
gregbraden,0,1,1
gregg,1,1,2
greggie,0,1,1
greggs,1,2,3
gregorian,0,1,1
gregory,1,0,1
gregs,0,1,1
grele,0,1,1
gremlin,0,2,2
gremlins,1,1,2
grenada,0,1,1
grenadian,1,0,1
gresit,1,0,1
greta,1,0,1
gretchen,1,0,1
gretel,1,1,2
greutati,1,0,1
grew,10,16,26
grey,19,30,49
greyhound,1,2,3
greys,4,4,8
greyscale,0,1,1
greyskull,1,0,1
grf,0,1,1
grice,0,1,1
grid,3,1,4
griddle,0,1,1
gridiron,1,1,2
grief,0,5,5
grieving,1,1,2
griffin,2,6,8
griffith,1,2,3
griffiths,1,0,1
gril,0,1,1
grilfriend,0,1,1
grill,4,12,16
grilld,1,0,1
grille,0,1,1
grilled,5,4,9
grilling,2,5,7
grills,0,1,1
grils,0,1,1
grim,0,2,2
grime,0,1,1
grimey,0,1,1
grimlok,1,0,1
grimly,0,1,1
grimm,1,0,1
grimmy,0,1,1
grin,14,2,16
grind,8,4,12
grinder,1,0,1
grinders,0,1,1
grindin,1,0,1
grinding,1,3,4
grindstone,2,0,2
grinning,1,3,4
grinny,0,1,1
grins,4,3,7
grip,3,2,5
gripe,0,1,1
griping,0,2,2
grippage,1,0,1
gripping,0,1,1
grips,1,0,1
gris,0,1,1
grissom,0,2,2
grit,1,2,3
grits,1,2,3
gritting,0,1,1
grizzlies,0,1,1
grizzly,1,3,4
grl,1,2,3
grlz,0,1,1
grmbl,1,0,1
grmpf,1,0,1
gro,1,1,2
groan,3,1,4
groans,1,0,1
groats,0,1,1
groban,1,0,1
grobb,0,1,1
groceries,3,4,7
grocery,11,7,18
grody,1,0,1
groggy,0,2,2
grolloo,0,1,1
groom,0,4,4
groomer,0,1,1
grooming,0,1,1
groooooooosssssss,0,1,1
groove,4,5,9
grooveshark,1,0,1
groovin,1,0,1
groovlet,1,0,1
groovy,6,2,8
gross,19,30,49
grossed,2,2,4
grossss,1,0,1
grote,0,1,1
grouch,1,0,1
groucho,1,0,1
grouchy,2,1,3
ground,12,14,26
groundbreaking,0,1,1
groundctrl,0,1,1
grounded,6,8,14
grounds,3,3,6
group,59,52,111
groupa,0,1,1
grouped,1,0,1
groupie,2,2,4
groupies,1,1,2
groups,11,7,18
grove,4,3,7
grovelling,0,1,1
grow,27,34,61
grower,1,1,2
growin,1,1,2
growing,23,18,41
growl,1,2,3
growled,0,1,1
growling,2,2,4
growls,0,1,1
grown,15,21,36
grownfolks,1,0,1
growns,1,0,1
grownup,1,1,2
grownups,0,1,1
grows,4,1,5
growth,4,1,5
grozea,1,0,1
grp,0,3,3
grpahic,1,0,1
grps,0,1,1
grr,30,19,49
grreat,1,0,1
grrl,0,1,1
grrll,0,1,1
grrls,1,0,1
grrr,19,15,34
grrrh,1,0,1
grrring,1,0,1
grrrr,7,12,19
grrrreat,0,1,1
grrrrr,2,4,6
grrrrreeaatt,1,0,1
grrrrrr,1,0,1
grrrrrrr,1,0,1
grrrrrrreat,1,0,1
grrrrrrrr,1,3,4
grrrrrrrrr,2,0,2
grrrrrrrrreat,1,0,1
grrrrrrrrrr,1,1,2
grrrrrrrrrrrrr,1,1,2
grrrrrrrrrrrrrr,1,0,1
grrrrrrrrrrrrrrrrrrr,1,0,1
grt,4,0,4
grtz,1,0,1
gruaud,1,0,1
grub,2,0,2
grubbin,1,0,1
grubby,0,1,1
grubiest,1,0,1
grudge,1,0,1
gruelling,1,0,1
gruesome,1,1,2
grumble,2,0,2
grumbles,1,1,2
grumbling,1,0,1
grumpiness,0,1,1
grumps,1,0,1
grumpy,3,8,11
grunt,0,1,1
gruop,1,0,1
gruuk,1,0,1
grxx,1,0,1
gs,23,8,31
gsce,0,1,1
gsf,1,0,1
gshit,1,0,1
gsm,0,2,2
gsp,0,1,1
gss,0,2,2
gstars,0,1,1
gstlrf,0,1,1
gt,7,10,17
gta,5,4,9
gtalk,2,4,6
gtd,2,0,2
gtfo,0,3,3
gtg,2,2,4
gtgren,1,0,1
gtl,0,1,1
gtn,0,1,1
gto,1,1,2
gtretweet,3,0,3
gts,0,1,1
gtta,0,1,1
gtv,2,0,2
gua,1,0,1
guac,0,1,1
guacamol,1,0,1
guadiance,1,0,1
guam,1,1,2
guangdong,0,1,1
guangzhou,0,3,3
guapo,0,1,1
guarantee,4,6,10
guaranteed,2,2,4
guarantees,0,1,1
guard,4,9,13
guardian,3,0,3
guarding,1,0,1
guards,2,1,3
guarentee,1,0,1
guarntee,1,0,1
guate,1,0,1
guatemala,3,0,3
guateva,1,0,1
gubbings,0,1,1
gucci,4,3,7
guck,0,1,1
gud,14,18,32
gudbye,0,1,1
gudd,1,0,1
gudluck,0,1,1
gudmorning,1,0,1
gudnyt,1,0,1
gudslush,0,1,1
gue,8,8,16
gueeee,0,1,1
guerilla,0,1,1
gueros,0,1,1
gues,3,4,7
guesed,0,1,1
guess,320,415,735
guessed,8,8,16
guesses,0,2,2
guessin,1,2,3
guessing,10,35,45
guest,9,16,25
guested,0,1,1
guestlist,2,1,3
guestmix,1,0,1
guests,6,5,11
guetta,1,0,1
guevara,1,0,1
gueverra,1,0,1
guez,0,1,1
guff,0,1,1
guggenheim,0,1,1
gugu,1,0,1
guh,1,2,3
guhh,0,1,1
gui,1,1,2
guidance,2,2,4
guide,9,8,17
guidelines,0,2,2
guides,1,0,1
guidestones,1,0,1
guiding,0,2,2
guidinglight,1,0,1
guido,1,1,2
guiks,1,0,1
guild,5,2,7
guilds,1,1,2
guilin,0,1,1
guilt,5,8,13
guilted,1,0,1
guiltless,1,0,1
guilty,16,27,43
guiltypleasures,1,0,1
guinea,0,2,2
guinesse,1,0,1
guinesses,0,1,1
guinness,0,5,5
guirars,0,1,1
guise,0,1,1
guiseley,1,0,1
guitar,38,37,75
guitarhero,0,1,1
guitaring,1,0,1
guitarist,2,0,2
guitars,2,2,4
guiz,0,1,1
gujrat,0,1,1
gulf,0,2,2
gullens,1,0,1
gullible,1,0,1
gullkalven,1,0,1
gulosh,0,1,1
gulp,4,2,6
gum,6,6,12
gumbo,0,2,2
gummed,1,0,1
gummer,0,1,1
gummi,1,1,2
gummieeeess,1,0,1
gummy,6,1,7
gump,2,1,3
gums,2,1,3
gumtree,0,1,1
gun,10,15,25
guna,7,4,11
gundam,0,1,1
gungry,0,1,1
gunna,19,35,54
gunnah,1,0,1
gunners,1,2,3
gunning,1,1,2
gunnna,1,0,1
guns,14,8,22
gunshots,0,1,1
guppe,0,1,1
guptaji,1,0,1
guranteee,0,1,1
gurgaon,0,2,2
gurgling,0,1,1
gurl,8,18,26
gurlfriend,1,0,1
gurlie,0,1,1
gurlieeeeee,0,1,1
gurll,0,2,2
gurllll,0,1,1
gurls,0,2,2
gurlz,0,1,1
gurnee,1,0,1
gurr,0,1,1
gurren,1,0,1
gurrrl,0,1,1
gurrrrrrrrrrrrrl,0,1,1
guru,6,4,10
gurus,2,1,3
gus,3,3,6
gush,0,1,1
gushing,0,1,1
guss,1,0,1
gusset,0,1,1
gussied,2,0,2
gusta,5,0,5
gustatorially,0,1,1
gustav,1,0,1
gustavo,1,0,1
guster,1,0,1
gusto,2,3,5
gustu,0,1,1
gut,5,9,14
gute,1,0,1
guten,4,6,10
guter,1,1,2
gutlak,1,0,1
gutreaction,0,1,1
guts,2,3,5
gutted,29,42,71
gutter,6,1,7
gutterd,1,0,1
guttered,1,1,2
gutters,1,0,1
guttete,0,1,1
gutting,0,2,2
gutts,0,1,1
guttural,0,1,1
gutzanu,1,0,1
gutzzzzzzz,0,1,1
guurl,1,1,2
guurrl,1,0,1
guus,0,1,1
guuurl,0,1,1
guuuurl,0,1,1
guuuuuuurl,0,1,1
gux,1,0,1
guy,147,196,343
guylian,1,0,1
guys,441,567,1008
guyss,1,0,1
guysss,1,1,2
guyssss,1,1,2
guyyy,2,0,2
guyyyyys,0,1,1
guyz,4,2,6
guyzzzzzzzzz,0,1,1
guzzling,0,1,1
gville,0,4,4
gvnmt,1,0,1
gvsu,1,0,1
gw,10,12,22
gwailo,0,1,1
gwak,0,1,1
gwaka,0,1,1
gwakymoly,0,1,1
gwan,1,0,1
gwarl,1,0,1
gwinnett,0,1,1
gwiz,0,1,1
gws,2,1,3
gwyneth,0,1,1
gwynne,0,1,1
gx,0,1,1
gyaan,2,0,2
gyahahaha,1,0,1
gyan,1,1,2
gyllenhaal,0,1,1
gym,40,45,85
gymnastics,0,1,1
gyms,1,3,4
gyro,1,0,1
gyros,1,0,1
gyul,0,1,1
gz,0,1,1
ha,231,343,574
haa,3,9,12
haaa,1,2,3
haaaa,2,2,4
haaaaa,1,1,2
haaaaaa,2,1,3
haaaaaaaa,1,0,1
haaaaaaaaaaaaaaayhhhhhhhaaaaaaaaa,1,0,1
haaaaaaallo,0,1,1
haaaaah,0,1,1
haaaaang,0,1,1
haaaah,1,0,1
haaaail,1,0,1
haaaalllooo,0,1,1
haaaand,1,0,1
haaaate,0,1,1
haaaates,1,0,1
haaaave,1,0,1
haaah,2,0,2
haaahaaa,0,1,1
haaappeeennnn,0,1,1
haaappyyy,1,0,1
haaarrrdddd,0,1,1
haaate,0,1,1
haaates,1,0,1
haagen,1,1,2
haah,2,3,5
haaha,2,2,4
haahaa,1,0,1
haahaaa,0,1,1
haahaha,1,2,3
haahh,0,1,1
haahha,0,2,2
haai,1,0,1
haan,1,0,1
haapy,0,1,1
haas,0,1,1
haat,0,1,1
haay,0,2,2
haayyyyy,0,1,1
hab,0,3,3
haba,1,0,1
habanero,0,1,1
habbit,2,0,2
habbo,1,1,2
habbos,0,1,1
habd,0,1,1
habe,0,1,1
haben,1,0,1
habenaros,1,0,1
haberdashery,0,1,1
habis,2,0,2
habit,7,9,16
habitat,1,0,1
habits,7,2,9
habitual,0,1,1
habituate,0,1,1
habr,0,1,1
habs,2,0,2
habtipsvalues,1,0,1
hacer,0,1,1
haces,0,1,1
hack,9,13,22
hackable,0,1,1
hackathon,0,1,1
hackberry,1,0,1
hackday,0,1,1
hacked,8,9,17
hackers,0,3,3
hackin,0,1,1
hacking,2,7,9
hackintosh,1,1,2
hackled,0,1,1
hackney,1,0,1
hackntosh,1,0,1
hackorz,0,1,1
hacks,1,1,2
hacve,0,1,1
had,1143,1479,2622
hada,1,0,1
hadda,1,0,1
hade,1,0,1
hadfun,1,0,1
hadn,1,0,1
hadnt,1,2,3
hadopi,1,0,1
hadto,1,0,1
hae,0,1,1
haf,1,0,1
hafen,2,0,2
hafiz,0,1,1
hafta,1,4,5
hag,0,1,1
hagahagdg,1,0,1
hagd,2,0,2
haggar,0,1,1
haggard,1,2,3
haggis,0,1,1
haggle,0,1,1
hagn,1,0,1
hagrids,1,0,1
hags,1,0,1
hague,0,1,1
hah,43,60,103
haha,1057,1822,2879
hahaa,11,23,34
hahaaa,0,2,2
hahaaaa,1,0,1
hahaaaaa,0,1,1
hahaah,1,3,4
hahaahha,0,1,1
hahah,70,102,172
hahaha,254,389,643
hahahaa,2,5,7
hahahaaa,0,2,2
hahahaaaa,1,0,1
hahahaah,1,1,2
hahahaahahaa,1,0,1
hahahaahahahahahah,1,0,1
hahahaahhahah,1,0,1
hahahah,20,27,47
hahahaha,43,91,134
hahahahaa,1,1,2
hahahahaaa,0,1,1
hahahahaah,1,0,1
hahahahaahahahahahaahha,0,1,1
hahahahah,5,10,15
hahahahaha,14,22,36
hahahahahah,2,2,4
hahahahahaha,2,7,9
hahahahahahaha,1,3,4
hahahahahahahahaha,0,1,1
hahahahahahahahahaaaaaaaaaaaaa,1,0,1
hahahahahahahahahah,0,1,1
hahahahahahahahahahaha,1,0,1
hahahahahahahahahahahaha,0,1,1
hahahahahahahha,1,1,2
hahahahahhaha,0,1,1
hahahahha,1,1,2
hahahahhaa,0,1,1
hahahahhaahahaa,0,1,1
hahahahhaha,1,2,3
hahahahhahaha,0,1,1
hahahha,5,3,8
hahahhaa,2,1,3
hahahhaha,2,1,3
hahahhahaha,0,1,1
hahahhahahah,1,0,1
hahahhahahahahahs,1,0,1
hahajk,1,0,1
hahaoh,0,1,1
hahas,1,3,4
hahh,0,2,2
hahha,3,11,14
hahhaa,1,6,7
hahhah,0,1,1
hahhaha,2,1,3
hahhahaah,0,1,1
hahhahah,1,1,2
hahhahas,1,0,1
hahje,0,1,1
haht,1,0,1
hahuntingin,0,1,1
hai,10,18,28
haight,1,0,1
haii,0,2,2
haiii,1,0,1
haike,0,1,1
haiku,2,3,5
haikus,0,1,1
hail,3,5,8
hailer,1,0,1
hailey,3,0,3
hailez,0,1,1
hails,0,1,1
hailsatan,1,0,1
hailun,0,1,1
haim,0,2,2
hain,0,2,2
hair,157,174,331
hairatein,1,0,1
hairband,0,1,1
haircut,11,12,23
hairdo,0,1,1
hairdresser,1,4,5
hairdressers,3,1,4
hairdryer,0,1,1
haired,3,3,6
hairless,1,2,3
hairline,1,0,1
hairlines,1,0,1
hairrrr,1,1,2
hairs,6,3,9
hairsay,0,1,1
hairspray,2,1,3
hairstyle,1,2,3
hairstype,0,1,1
hairy,5,5,10
haiya,1,0,1
haiyah,1,0,1
haka,0,1,1
hakuna,1,0,1
hal,2,0,2
hala,0,2,2
halaaa,0,1,1
halal,0,1,1
halarious,2,1,3
halata,0,1,1
halb,0,1,1
halcon,1,0,1
hale,2,0,2
halen,1,0,1
haley,5,0,5
half,102,123,225
halfbloodprince,1,0,1
halfday,0,1,1
halff,1,0,1
halfmost,0,1,1
halfsies,1,0,1
halfway,2,9,11
halfwit,0,1,1
halfwitt,0,1,1
haliburton,0,1,1
halifax,2,1,3
halili,0,1,1
halimarie,1,0,1
hall,10,7,17
hallam,1,0,1
hallamshire,0,1,1
halle,2,1,3
halleluja,1,0,1
hallelujaaaaah,1,0,1
hallelujah,4,1,5
hallleee,0,1,1
hallmark,1,0,1
hallo,1,5,6
halloran,1,0,1
halloween,4,5,9
halls,1,3,4
hallucinate,0,1,1
hallucination,1,0,1
hallucinatory,0,1,1
hallway,1,2,3
halmark,1,0,1
halo,11,7,18
halograms,0,1,1
haloo,0,1,1
haloooooo,1,0,1
halos,0,2,2
halp,1,0,1
halpern,1,0,1
halps,1,0,1
hals,1,0,1
halt,2,2,4
halted,0,1,1
halterneck,1,0,1
ham,5,8,13
hamad,1,0,1
hamar,0,1,1
hamburg,3,3,6
hamburger,1,3,4
hamburgers,1,0,1
hamden,0,1,1
hamfatter,0,1,1
hamilton,6,2,8
hamish,1,0,1
hamlet,2,0,2
hamletgasm,1,0,1
hammer,9,3,12
hammered,2,3,5
hammering,2,0,2
hammersmith,2,0,2
hammies,0,1,1
hammilton,1,0,1
hammock,4,2,6
hammond,1,0,1
hamock,0,2,2
hampden,0,1,1
hamper,1,1,2
hampir,0,1,1
hampshire,2,0,2
hampton,1,2,3
hamptons,1,1,2
hamster,3,4,7
hamsterdam,0,1,1
hamsters,1,0,1
hamstring,1,2,3
hamthrax,0,1,1
han,2,3,5
hanabana,1,0,1
hanafiah,1,0,1
hancock,0,1,1
hand,74,85,159
handbag,0,2,2
handbook,0,2,2
handbrake,0,1,1
handcarry,0,1,1
handcraft,0,1,1
handcrafted,0,1,1
handcuffed,1,1,2
handcuffs,1,0,1
handed,10,14,24
handedly,1,0,1
handful,1,3,4
handfuls,1,0,1
handheld,1,0,1
handicap,0,1,1
handicapped,0,1,1
handier,1,0,1
handing,2,1,3
handle,26,22,48
handled,2,1,3
handler,2,0,2
handles,1,4,5
handlin,1,0,1
handling,0,2,2
handome,1,0,1
handout,0,1,1
handouts,0,1,1
handphone,0,1,1
hands,67,52,119
handset,0,1,1
handsets,1,0,1
handshake,1,1,2
handsome,9,12,21
handsomest,0,1,1
handstand,0,1,1
handstands,0,1,1
handwriting,2,3,5
handy,6,14,20
handz,0,1,1
hang,88,167,255
hanged,2,2,4
hanger,1,1,2
hangers,1,1,2
hanggg,0,1,1
hangin,9,9,18
hanging,41,49,90
hangout,5,6,11
hangover,31,17,48
hangovers,4,1,5
hangry,0,1,1
hangs,6,3,9
hangup,1,0,1
hanh,1,0,1
hanja,0,1,1
hank,0,2,2
hankering,0,2,2
hanks,0,2,2
hanky,0,1,1
hannah,24,14,38
hannahh,1,0,1
hannahmontana,1,0,1
hannahraetaylor,1,0,1
hannahs,1,0,1
hannibal,0,1,1
hannie,1,0,1
hannigan,1,0,1
hanno,1,0,1
hans,0,1,1
hansard,1,0,1
hansen,0,1,1
hanson,2,4,6
hanyu,0,1,1
hao,0,1,1
haoppened,1,0,1
hap,0,1,1
hapas,1,0,1
hapend,0,1,1
hapening,0,1,1
hapii,1,0,1
hapnin,1,0,1
happeee,1,0,1
happen,103,160,263
happend,7,10,17
happended,0,1,1
happened,123,179,302
happenedd,1,0,1
happenin,1,1,2
happening,41,51,92
happenings,0,1,1
happenng,0,1,1
happens,51,104,155
happi,1,0,1
happier,9,9,18
happiest,2,0,2
happiletter,1,0,1
happily,4,10,14
happines,0,1,1
happiness,31,15,46
happing,1,0,1
happly,1,0,1
happnin,1,0,1
happppppy,0,1,1
happppy,1,0,1
happpy,3,0,3
happy,641,739,1380
happyb,0,1,1
happybday,0,1,1
happybdaykrisallen,4,1,5
happydave,0,1,1
happyformanymany,1,0,1
happyfortheeze,1,0,1
happyhomosunday,0,1,1
happyness,0,1,1
happyshooting,1,0,1
happyy,1,0,1
happyyyy,1,0,1
happyyyyy,1,0,1
hapy,2,1,3
har,7,5,12
haraam,1,0,1
harajuku,0,1,1
haram,0,1,1
harapan,0,1,1
harass,0,3,3
harassed,1,1,2
harassing,0,2,2
harassment,2,0,2
harbinger,0,1,1
harbor,1,3,4
harbour,0,1,1
harch,1,0,1
hard,235,346,581
hardass,0,1,1
hardcode,0,1,1
hardcopy,0,1,1
hardcore,10,8,18
hardcored,0,1,1
harddisk,1,0,1
harddrive,2,0,2
harden,1,0,1
harder,23,17,40
hardest,7,9,16
hardhardhard,1,0,1
hardiiiieee,1,0,1
harding,0,1,1
hardly,16,26,42
hardrock,2,1,3
hardware,7,9,16
hardwork,0,1,1
hardy,2,6,8
hare,2,0,2
harem,0,1,1
harhar,0,1,1
hari,1,3,4
haribo,0,1,1
haridressers,1,0,1
haris,1,0,1
harjas,1,0,1
hark,1,0,1
harland,0,1,1
harlem,5,3,8
harley,2,2,4
harlod,1,0,1
harm,4,7,11
harmed,1,0,1
harmful,0,2,2
harmless,3,3,6
harmon,1,0,1
harmoni,1,0,1
harmonica,1,1,2
harmonisation,1,0,1
harmonizers,0,1,1
harmonizing,0,1,1
harmony,2,2,4
harms,1,0,1
harness,1,1,2
haroatl,1,0,1
harold,4,3,7
harper,7,7,14
harpersglobe,1,0,1
harperson,0,1,1
harpot,0,1,1
harrah,0,1,1
harrassing,0,1,1
harrd,1,0,1
harriet,0,1,1
harriman,0,1,1
harris,2,7,9
harrison,3,1,4
harrold,0,1,1
harrrrd,1,0,1
harrumph,1,0,1
harry,37,29,66
harsh,13,8,21
harsher,1,0,1
harshness,0,1,1
hart,0,3,3
hartford,1,0,1
hartlepool,1,1,2
hartley,1,0,1
hartman,2,0,2
hartmann,1,0,1
haruhi,2,0,2
harumph,0,2,2
harus,1,0,1
harvard,0,1,1
harvest,1,0,1
harvested,1,0,1
harvey,0,1,1
has,794,791,1585
hasbro,0,1,1
hasent,0,1,1
haseyo,1,0,1
hash,3,4,7
hashbrown,0,1,1
hashbrowns,1,1,2
hashing,1,0,1
hashtag,12,19,31
hashtags,1,0,1
hasis,0,1,1
haskell,2,0,2
hasnt,10,15,25
hasonl,0,1,1
hassan,1,1,2
hassel,0,1,1
hasselblad,0,1,1
hassle,4,7,11
hasslehoff,1,0,1
hasslin,1,0,1
hassn,1,0,1
hast,1,0,1
hastag,1,0,1
haste,2,0,2
hat,19,31,50
hatbox,1,0,1
hatch,1,1,2
hatchet,2,0,2
hatching,0,2,2
hatchling,0,1,1
hatchlings,0,1,1
hate,441,444,885
hatechu,0,1,1
hated,15,19,34
hatee,2,0,2
hateee,1,1,2
hateful,0,2,2
hatehatehate,0,1,1
haten,1,0,1
hatenight,0,1,1
hater,7,10,17
haterade,1,0,1
hateration,1,0,1
haterrrrrrrrr,0,1,1
haterrrrs,1,0,1
haters,13,14,27
hates,51,28,79
hatess,1,0,1
hatez,1,0,1
hath,1,1,2
hatha,0,1,1
hathaway,2,2,4
hati,1,2,3
hatin,4,3,7
hating,13,6,19
hatred,2,1,3
hats,4,7,11
hatsjoe,0,1,1
hatss,0,1,1
hatsworth,2,0,2
hatte,1,0,1
hatteeloovveeeyouu,1,0,1
hatter,0,1,1
hatters,1,0,1
hatton,3,2,5
hattrick,1,0,1
hattte,0,1,1
hatttttiiinnggggg,0,1,1
haughty,0,1,1
hauhauhau,1,0,1
haul,1,1,2
haunt,1,0,1
haunted,2,5,7
haunting,3,1,4
haunts,1,1,2
haupia,0,1,1
haus,1,1,2
hauser,1,0,1
haute,0,1,1
hauteness,0,1,1
hav,41,40,81
havainas,0,1,1
havana,1,0,1
have,4202,6379,10581
havea,1,0,1
havee,1,2,3
haveee,1,1,2
haveeee,0,3,3
haveing,3,1,4
haven,3,6,9
havent,76,81,157
haves,0,1,1
haveuever,1,0,1
haveyouever,109,0,109
havin,16,20,36
having,350,425,775
havingfun,1,0,1
havinq,0,1,1
havn,8,5,13
havnet,1,0,1
havnt,9,15,24
havoc,1,2,3
havs,1,0,1
havveee,0,1,1
haw,3,1,4
hawaii,15,21,36
hawaiian,4,4,8
hawk,2,2,4
hawkesbury,0,1,1
hawks,2,4,6
haws,1,0,1
hawt,4,7,11
hawthorne,2,2,4
hawwwwwt,1,0,1
hawx,1,0,1
hax,0,1,1
hay,13,12,25
hayday,0,1,1
hayden,0,2,2
haydenwilliams,1,0,1
hayes,1,1,2
hayfever,2,8,10
hayfevers,0,1,1
hayfeversucks,1,0,1
haykrdmak,1,0,1
hayley,7,1,8
haysbert,0,1,1
haystack,1,0,1
hayward,1,1,2
haywire,1,1,2
hayyyy,0,1,1
hayyyyy,0,1,1
hayyyyyyyyy,0,1,1
haz,4,7,11
hazard,0,1,1
hazards,0,1,1
haze,5,4,9
hazel,2,2,4
hazelnut,2,1,3
hazing,1,0,1
hazlet,1,0,1
hb,6,1,7
hbc,1,1,2
hbd,0,1,1
hbh,1,0,1
hbic,0,1,1
hbo,6,6,12
hbp,1,1,2
hbt,0,1,1
hbu,6,6,12
hc,1,2,3
hcb,1,0,1
hce,1,0,1
hci,0,1,1
hcmc,1,0,1
hcmktg,1,0,1
hcn,2,0,2
hct,0,1,1
hd,16,23,39
hda,1,0,1
hdc,3,0,3
hdd,1,2,3
hdmi,1,2,3
hdnet,0,1,1
hdtv,1,0,1
hdware,0,1,1
he,1263,1716,2979
hea,3,0,3
head,237,185,422
headache,63,41,104
headaches,7,11,18
headachey,0,1,1
headachy,1,0,1
headband,1,1,2
headbands,1,0,1
headbangin,0,1,1
headbutted,1,1,2
headbutting,1,0,1
headcount,1,0,1
headdache,0,1,1
headed,17,24,41
header,1,6,7
headers,2,2,4
headfirst,1,0,1
headin,2,4,6
heading,47,43,90
headingley,1,0,1
headless,2,0,2
headlights,0,1,1
headline,3,3,6
headlines,4,2,6
headlining,0,1,1
headlong,1,0,1
headmistress,1,0,1
headn,1,0,1
headphone,1,0,1
headphones,8,11,19
headrush,0,1,1
heads,30,25,55
headset,1,3,4
headshots,0,1,1
headstart,0,1,1
headstrong,0,2,2
heal,6,5,11
healed,1,3,4
healer,0,1,1
healers,1,0,1
healing,5,2,7
heals,0,3,3
healss,0,1,1
health,25,29,54
healthcare,3,1,4
healthchallenge,1,0,1
healthier,1,0,1
healthified,1,0,1
healthy,24,28,52
healy,0,1,1
heap,2,3,5
heaps,11,14,25
heapsort,1,0,1
hear,368,602,970
heard,157,240,397
heardz,1,0,1
heared,0,1,1
hearers,1,0,1
hearing,21,44,65
hearings,1,1,2
hears,3,0,3
heart,170,149,319
heartache,4,0,4
heartattack,1,0,1
heartattacks,0,1,1
heartbeat,4,3,7
heartbeats,1,0,1
heartbreak,2,1,3
heartbreaker,0,2,2
heartbreaking,2,8,10
heartbroken,2,6,8
heartburn,4,1,5
hearted,0,4,4
heartening,1,0,1
heartfelt,2,0,2
hearth,1,0,1
heartl,0,1,1
heartless,4,2,6
heartparts,1,0,1
hearts,14,8,22
heartstardot,1,0,1
heartstrings,0,1,1
heartswonfrancheska,1,0,1
heartwarming,0,1,1
heartwrenching,0,1,1
hearty,1,3,4
hearyou,0,1,1
heat,25,39,64
heated,2,1,3
heater,8,4,12
heaters,0,1,1
heath,2,4,6
heathcotes,0,1,1
heathen,1,0,1
heathens,1,0,1
heather,4,9,13
heathers,1,0,1
heathrow,1,1,2
heathy,0,1,1
heating,0,5,5
heatley,1,0,1
heatpress,0,1,1
heatstroke,1,0,1
heaven,23,17,40
heavenly,1,6,7
heavens,0,4,4
heavier,2,0,2
heavily,2,5,7
heaving,0,1,1
heavy,23,23,46
heavyhead,1,0,1
heavyweights,1,0,1
heb,0,1,1
hebrew,0,7,7
heck,22,27,49
heckkkkkkk,1,0,1
hecklers,1,0,1
hecks,1,1,2
hectare,0,1,1
hectares,0,1,1
hectic,1,5,6
hectiv,0,1,1
hector,1,1,2
hed,1,2,3
hedache,2,0,2
hedge,0,1,1
hedgehog,1,1,2
hedgehogs,0,1,1
hedges,1,0,1
hedgie,0,1,1
hedo,1,0,1
hedwig,1,0,1
hee,22,36,58
heea,1,0,1
heeadache,1,0,1
heebie,0,1,1
heed,2,1,3
heee,0,2,2
heeee,1,3,4
heeeeaaaad,1,0,1
heeeeee,2,1,3
heeeeeeeee,1,0,1
heeeeeeeeeeeeeeeeey,0,1,1
heeeeeeeeeeeellll,0,1,1
heeeeeeeeeeey,1,0,1
heeeeeeeeeey,0,1,1
heeeeeeeeey,1,2,3
heeeeeeere,0,1,1
heeeeeeey,0,1,1
heeeeeey,1,1,2
heeeeelllpppp,1,0,1
heeeeelp,0,1,1
heeeeey,3,1,4
heeeehoooheeehoooo,1,0,1
heeeem,1,0,1
heeeere,1,1,2
heeeey,1,7,8
heeehehee,0,1,1
heeell,1,0,1
heeellloo,0,1,1
heeelp,1,0,1
heeere,0,1,1
heeey,13,9,22
heeeyy,1,1,2
heeeyyy,2,0,2
heeh,1,0,1
heehee,11,9,20
heeheh,0,1,1
heeheheh,1,0,1
heehehehe,0,1,1
heel,0,1,1
heelllp,0,1,1
heels,16,18,34
heelsandhightops,1,0,1
heena,1,0,1
heere,0,1,1
heey,5,12,17
hef,1,0,1
hefe,1,0,1
heffer,1,0,1
hegemony,0,1,1
heh,36,58,94
hehe,176,288,464
hehee,2,1,3
heheee,2,0,2
heheeh,0,1,1
heheeheh,1,0,1
heheh,9,11,20
hehehe,36,66,102
hehehee,0,2,2
heheheeee,1,0,1
heheheh,2,2,4
hehehehe,6,8,14
heheheheee,0,1,1
heheheheh,0,1,1
heheheheheh,0,1,1
hehehehehehe,0,2,2
hehehellow,0,1,1
hehehh,0,1,1
hehehhe,1,0,1
hehehhehehe,0,1,1
hehehhhee,1,0,1
hehhe,1,1,2
hehuehuehue,1,0,1
hei,2,1,3
heidelberg,1,0,1
heidi,3,3,6
heidimontag,1,0,1
height,3,3,6
heights,1,1,2
heii,1,1,2
heikki,1,0,1
heimi,1,0,1
hein,2,2,4
heineken,3,1,4
heinikus,1,0,1
heiritage,1,0,1
heirloom,0,1,1
heisenbugs,0,1,1
heiss,1,0,1
hej,1,1,2
hek,0,1,1
helaas,0,2,2
held,7,14,21
heldin,1,0,1
helen,3,3,6
helena,1,0,1
helenwrites,1,0,1
helga,1,0,1
helicopter,1,3,4
helicopters,2,1,3
helio,1,0,1
helios,2,0,2
helis,0,1,1
helium,0,2,2
helk,1,0,1
hell,122,157,279
hella,26,35,61
hellbilies,1,0,1
hellen,1,0,1
hellew,0,1,1
hellfest,0,1,1
hellgate,0,1,1
hellish,1,0,1
helllll,0,1,1
hellllll,1,0,1
helllllla,0,1,1
hellllllll,1,0,1
helllllllllllllllla,0,1,1
helllllllllo,0,1,1
hellllllllz,0,1,1
helllllllo,1,1,2
hellllllooooooooooo,0,1,1
helllllooooooooo,1,0,1
hellllluh,1,0,1
hellllooooo,0,1,1
helllo,1,1,2
helllooo,2,0,2
hellloooo,0,1,1
hellloooooo,0,1,1
hello,160,248,408
hellogoodbye,1,0,1
helloo,1,5,6
hellooo,2,6,8
helloooo,3,3,6
hellooooo,3,0,3
helloooooo,1,0,1
hellooooooooooooo,0,1,1
hellos,0,1,1
helloww,0,2,2
hells,4,3,7
hellss,0,1,1
helluva,3,3,6
hellyes,1,0,1
hellz,2,2,4
helm,1,0,1
helmet,5,4,9
heloo,1,0,1
helou,1,0,1
help,341,482,823
helpdesk,0,1,1
helped,24,42,66
helper,1,0,1
helpers,1,0,1
helpful,21,21,42
helpin,2,2,4
helping,29,30,59
helpless,3,1,4
helpp,0,1,1
helpppp,0,1,1
helppppppp,1,0,1
helpppppppp,0,1,1
helps,24,69,93
helsingborg,1,0,1
helsinki,2,1,3
heltershelter,0,1,1
heluuu,0,1,1
helvetica,1,0,1
hemel,0,1,1
hemen,1,0,1
hemi,0,1,1
hemingway,1,0,1
hemisphere,0,1,1
hemmed,1,0,1
hemming,0,1,1
hemoni,0,1,1
hemorrhagic,1,0,1
hemp,0,1,1
hempstead,0,1,1
hemsworth,0,2,2
hen,2,4,6
hence,12,19,31
hench,1,0,1
henderson,2,1,3
hendricks,1,0,1
hendrik,0,1,1
hendrix,1,1,2
henie,1,0,1
henka,0,1,1
henley,0,2,2
henman,1,1,2
henna,1,1,2
hennessy,1,0,1
henny,3,0,3
henrie,0,1,1
henry,4,5,9
henrys,1,1,2
hens,1,0,1
henson,0,1,1
hentai,2,0,2
hep,1,2,3
her,765,870,1635
hera,0,1,1
herald,1,1,2
herb,1,3,4
herbal,2,0,2
herbals,1,0,1
herbarium,0,1,1
herbs,1,3,4
herd,5,3,8
herding,1,0,1
herdsires,0,1,1
here,990,1527,2517
herealso,1,0,1
herebeforeoprah,0,1,1
hereby,1,0,1
hereditary,1,1,2
heree,1,2,3
hereee,1,0,1
hereeee,1,2,3
hereeeee,1,0,1
hereeeeee,0,1,1
hereeeeeee,1,0,1
hereford,0,1,1
heres,2,1,3
heritage,2,1,3
herman,3,0,3
hermana,2,1,3
hermes,1,1,2
hermeticism,1,0,1
hermione,1,0,1
hermit,1,3,4
hermits,0,1,1
hernameisvita,1,0,1
hernandez,1,0,1
hernia,0,1,1
hero,26,26,52
heroclix,1,0,1
heroes,9,12,21
heroine,3,0,3
heros,1,0,1
herpes,1,0,1
herr,1,0,1
herree,0,1,1
herrero,0,1,1
herron,0,1,1
herrr,0,1,1
herrreeee,1,0,1
herrrr,1,1,2
hers,6,3,9
herschel,1,1,2
herself,15,10,25
hershey,2,3,5
herslef,1,0,1
herstory,0,1,1
hertling,1,0,1
herts,2,0,2
hertz,1,0,1
herv,0,1,1
herzig,1,0,1
herzliches,1,0,1
hes,45,63,108
hesitant,1,2,3
hesitate,1,3,4
hesitated,0,1,1
hess,1,0,1
hessen,1,0,1
hesz,1,0,1
het,2,3,5
heterosexual,0,1,1
heto,0,1,1
hetookmytoyaway,0,1,1
hetro,1,0,1
heuhe,0,1,1
heunis,2,0,2
heureuxe,1,0,1
hewy,0,1,1
hexy,1,0,1
hey,584,1099,1683
heya,8,12,20
heyaa,0,1,1
heyaaa,0,2,2
heybaby,1,0,1
heyfever,0,2,2
heyguys,1,0,1
heyhey,2,0,2
heyheyyyy,1,0,1
heyho,0,1,1
heylooooo,1,0,1
heyo,0,1,1
heythat,0,1,1
heyxboxlive,1,0,1
heyy,16,59,75
heyya,0,3,3
heyyaaa,1,0,1
heyyo,0,1,1
heyys,0,1,1
heyyy,11,21,32
heyyyy,6,5,11
heyyyya,0,1,1
heyyyyy,3,2,5
heyyyyyy,4,1,5
heyyyyyyyyy,1,0,1
heyyyyyyyyyyyyyyyy,0,1,1
hez,0,1,1
hfh,0,1,1
hg,2,1,3
hge,1,0,1
hgs,0,1,1
hgtv,0,3,3
hh,4,4,8
hha,4,2,6
hhaa,1,0,1
hhaaahaha,1,0,1
hhaaha,0,1,1
hhah,0,1,1
hhaha,4,5,9
hhahaa,0,1,1
hhahah,1,1,2
hhahahaa,0,1,1
hhahahaha,0,1,1
hhe,1,0,1
hhhhhissssss,0,1,1
hhhoouuusseee,1,0,1
hhhuggss,0,1,1
hhhwy,1,0,1
hhi,0,1,1
hhiigghh,1,0,1
hhmmm,0,1,1
hhmmmmm,0,1,1
hhrs,3,4,7
hhun,1,0,1
hi,289,542,831
hiaah,0,1,1
hiatus,2,9,11
hibernate,2,1,3
hibert,0,1,1
hibiscus,1,0,1
hic,3,0,3
hica,0,1,1
hiccup,3,2,5
hiccups,1,2,3
hiccuuppsss,1,0,1
hice,1,0,1
hick,2,1,3
hickory,0,1,1
hid,3,5,8
hidalgo,0,1,1
hidden,5,6,11
hidding,1,0,1
hiddink,1,1,2
hide,31,17,48
hideous,1,8,9
hideously,0,2,2
hideout,1,1,2
hider,1,0,1
hides,4,1,5
hidey,2,0,2
hiding,10,15,25
hie,0,3,3
hierarchy,0,1,1
hiermee,1,0,1
hifa,0,2,2
hifi,1,0,1
hifiisadouche,1,0,1
higgenson,1,0,1
higgins,2,0,2
high,105,104,209
highbury,1,0,1
higher,13,14,27
highest,8,7,15
highland,2,2,4
highlander,0,1,1
highlands,0,1,1
highlarious,0,1,1
highlight,7,3,10
highlighted,0,1,1
highlighters,0,1,1
highlights,3,4,7
highly,19,25,44
highness,1,2,3
highpitch,0,1,1
highpriestess,1,0,1
highrise,1,0,1
highs,0,1,1
highschool,6,3,9
highspeed,0,1,1
hightops,1,0,1
hightower,1,0,1
highway,3,4,7
higlight,1,0,1
hih,0,1,1
hihhi,0,1,1
hihi,7,7,14
hihih,0,2,2
hihihi,4,2,6
hihihihi,1,0,1
hihii,0,1,1
hihingi,1,0,1
hihooo,1,0,1
hii,2,15,17
hiii,3,9,12
hiiii,4,6,10
hiiiii,1,2,3
hiiiiii,1,1,2
hiiiiiii,0,1,1
hiiiiiiii,0,1,1
hiiiiiiiiii,0,1,1
hiiiiiiiiiii,1,1,2
hiim,1,0,1
hijacked,1,2,3
hijaxing,1,0,1
hijinx,1,1,2
hike,2,7,9
hiked,0,1,1
hikes,0,1,1
hiking,4,0,4
hikoy,1,0,1
hiks,0,1,1
hil,1,0,1
hilar,1,1,2
hilarie,0,2,2
hilario,0,1,1
hilarious,53,71,124
hilariously,1,2,3
hilariousness,1,0,1
hilariouss,1,0,1
hilarities,0,1,1
hilarity,1,0,1
hilary,1,1,2
hilbert,2,0,2
hile,0,1,1
hilfiger,1,1,2
hill,26,14,40
hillarious,2,2,4
hillary,1,2,3
hillbilly,1,1,2
hiller,0,1,1
hillman,1,0,1
hills,18,23,41
hillside,0,1,1
hillsong,1,4,5
hillsongunited,1,0,1
hilltop,1,0,1
hilly,2,0,2
hillybilly,0,1,1
hillywood,0,1,1
hilmi,1,0,1
hilo,0,1,1
hilson,3,1,4
hilton,6,9,15
hiltons,0,1,1
him,593,731,1324
himitcho,1,0,1
himm,0,1,1
himmm,0,1,1
himmmmn,1,0,1
hims,0,1,1
himself,29,22,51
himym,3,4,7
hin,1,1,2
hinahawakan,0,1,1
hinamorisohma,1,0,1
hindenburg,0,1,1
hindi,3,5,8
hindidiwas,0,1,1
hindquarter,1,0,1
hindsight,3,1,4
hindu,1,0,1
hiney,1,0,1
hinge,0,1,1
hinges,0,1,1
hinh,1,0,1
hinnnnt,1,0,1
hinrichson,0,1,1
hint,17,19,36
hinted,0,1,1
hints,1,3,4
hinweis,1,0,1
hinwil,1,0,1
hip,6,12,18
hiphop,1,3,4
hippie,5,2,7
hippies,1,3,4
hippig,0,1,1
hippo,1,2,3
hippodrome,0,1,1
hippogriffs,0,1,1
hippos,1,0,1
hippy,0,3,3
hips,7,4,11
hipster,3,0,3
hiptop,0,2,2
hiptops,0,1,1
hira,1,0,1
hirap,1,0,1
hire,7,12,19
hired,2,2,4
hiring,5,10,15
hiro,1,0,1
hiroki,1,0,1
hiromi,0,1,1
his,453,437,890
hisgoldeneyes,0,1,1
hispanic,1,0,1
hispanics,0,1,1
hiss,3,1,4
hissed,1,0,1
hisself,0,1,1
hissing,2,0,2
hissy,1,1,2
histerically,1,0,1
historia,2,0,2
historian,1,0,1
historic,0,1,1
historical,0,1,1
histories,0,1,1
history,34,31,65
historys,0,1,1
hit,118,132,250
hitch,0,1,1
hitchcock,0,1,1
hitched,1,1,2
hitchens,1,0,1
hitchhike,0,1,1
hitchin,1,0,1
hitec,0,1,1
hitech,1,0,1
hitler,4,2,6
hitman,0,1,1
hits,15,13,28
hitt,0,1,1
hitten,0,1,1
hittin,4,8,12
hitting,16,24,40
hittman,0,1,1
hiv,3,0,3
hive,1,1,2
hives,2,1,3
hiwalay,1,0,1
hix,0,1,1
hiya,16,19,35
hiyaa,0,1,1
hiyaaaaaa,0,1,1
hiyas,0,1,1
hizzead,1,0,1
hizzle,1,0,1
hj,2,0,2
hjl,1,0,1
hjntiy,0,1,1
hk,3,5,8
hks,1,0,1
hl,1,1,2
hlping,0,1,1
hm,26,18,44
hme,0,3,3
hmf,1,0,1
hmh,2,0,2
hmm,92,109,201
hmmh,1,0,1
hmmhmm,0,1,1
hmmm,37,75,112
hmmmh,0,1,1
hmmmm,10,19,29
hmmmmm,4,9,13
hmmmmmm,1,0,1
hmmmmmmm,1,0,1
hmmmph,1,0,1
hmmmppp,1,0,1
hmmph,1,0,1
hmms,1,0,1
hmnm,0,1,1
hmnn,1,0,1
hmpf,0,2,2
hmph,6,9,15
hmphh,0,1,1
hmv,2,1,3
hmwk,1,0,1
hnd,2,1,3
hndi,0,1,1
hnmun,1,0,1
ho,22,22,44
hoa,2,0,2
hoarse,1,0,1
hoat,1,0,1
hoax,2,2,4
hob,1,1,2
hobart,0,2,2
hobbes,1,1,2
hobbesian,0,1,1
hobbies,1,1,2
hobbit,4,2,6
hobbits,1,1,2
hobby,6,5,11
hobbylobby,0,1,1
hobnobs,0,1,1
hobo,2,2,4
hobocast,1,0,1
hoboken,1,0,1
hobsbaum,1,0,1
hoc,0,1,1
hochgradig,0,1,1
hochie,0,1,1
hockey,10,9,19
hocus,2,0,2
hod,1,0,1
hodai,0,1,1
hodgkin,0,1,1
hodinky,1,0,1
hoe,6,7,13
hoeche,1,0,1
hoedown,0,2,2
hoedwn,0,1,1
hoeeeeey,0,1,1
hoegaarden,0,1,1
hoes,3,3,6
hoevelaken,1,0,1
hoff,1,2,3
hoffe,1,0,1
hog,2,2,4
hogan,1,0,1
hogged,2,0,2
hogging,1,2,3
hogmaney,0,1,1
hogwarts,2,2,4
hoh,2,0,2
hohes,0,1,1
hoho,1,3,4
hohoho,1,0,1
hoilday,1,0,1
hoildays,0,1,1
hoing,1,1,2
hoist,0,1,1
hoje,0,1,1
hokeypokeybandra,0,1,1
hol,2,2,4
hola,6,13,19
holaaaa,0,1,1
holaaaaaaa,0,1,1
holaaaaaaaaaaa,1,0,1
holcomb,0,1,1
hold,75,64,139
holden,1,0,1
holder,4,2,6
holdin,2,3,5
holding,21,30,51
holdout,1,0,1
holds,9,6,15
hole,22,19,41
holes,5,2,7
holetime,1,0,1
holey,0,1,1
holga,0,1,1
holiday,54,51,105
holidays,35,19,54
holidayy,1,0,1
holidayyyyyyyyyy,1,0,1
holier,0,1,1
holistic,0,2,2
holistically,0,1,1
holitas,1,0,1
holla,10,11,21
hollaaaa,1,0,1
hollamaziing,1,0,1
holland,5,6,11
hollar,1,0,1
holler,2,5,7
holliday,2,0,2
hollidaysburg,0,1,1
hollie,2,3,5
hollies,0,1,1
hollisdorian,1,0,1
hollister,1,0,1
hollllllaaaa,0,1,1
holllllllla,1,0,1
hollow,1,0,1
hollowed,0,1,1
hollsiter,1,0,1
holly,12,14,26
hollyfeld,2,0,2
hollykins,0,1,1
hollyoaks,4,0,4
hollyrock,1,0,1
hollys,1,2,3
hollywood,20,14,34
hollywoodp,1,0,1
holmberg,1,0,1
holmdel,0,2,2
holmes,1,1,2
holmfirth,0,2,2
holo,0,1,1
holodeck,1,1,2
hologram,1,1,2
hols,5,7,12
holtz,0,1,1
holy,33,35,68
holybajibus,1,0,1
hom,1,0,1
homa,1,1,2
homagawd,0,2,2
homage,0,1,1
homboi,0,1,1
hombre,1,3,4
home,744,654,1398
homebase,1,0,1
homebody,1,0,1
homeboy,2,1,3
homebush,0,1,1
homecoming,1,0,1
homecooked,1,0,1
homee,2,1,3
homeee,3,0,3
homeeeeee,0,1,1
homeeeeeee,1,0,1
homegirl,1,0,1
homegirls,1,1,2
homegroup,1,0,1
homeish,1,0,1
homeland,1,2,3
homeless,7,5,12
homelessness,1,0,1
homemade,6,9,15
homeopathic,1,0,1
homeowners,1,0,1
homepage,3,8,11
homepartyger,0,7,7
homeplug,1,0,1
homer,4,3,7
homeroom,1,0,1
homers,1,0,1
homes,5,6,11
homeschooled,1,0,1
homescreen,1,0,1
homesick,0,10,10
homesickness,0,2,2
homesite,1,0,1
homeskilletbiscuit,1,0,1
homeslice,0,1,1
homestand,2,0,2
hometime,0,1,1
hometown,4,6,10
homework,43,27,70
homeworks,2,0,2
homewrecker,0,1,1
homey,0,2,2
homicide,0,1,1
homie,18,16,34
homiee,0,1,1
homieeeeeeeeeee,1,0,1
homies,4,8,12
hommee,0,1,1
hommmmme,1,0,1
hommyyyy,1,0,1
homo,7,6,13
homogeneity,1,0,1
homorific,2,0,2
homosexual,1,1,2
hon,14,36,50
honda,1,3,4
honduras,0,1,1
honee,0,1,1
honeeeey,1,0,1
honeeey,0,1,1
honeii,1,0,1
honest,17,30,47
honestly,16,30,46
honesty,3,6,9
honestysundays,1,0,1
honey,26,86,112
honeybees,0,1,1
honeybunch,0,1,1
honeycomb,0,1,1
honeycombs,0,1,1
honeycombthursdays,1,0,1
honeymoon,3,4,7
honeypie,0,1,1
honeys,0,1,1
honfest,0,1,1
hong,1,4,5
hongkiat,1,0,1
honing,1,1,2
honk,0,3,3
honked,0,1,1
honky,3,1,4
honolulu,2,1,3
honor,11,11,22
honorable,2,2,4
honorary,2,1,3
honored,5,11,16
honoring,1,0,1
honors,0,1,1
honour,5,2,7
honourary,1,0,1
honoured,1,2,3
hons,1,0,1
hoo,21,14,35
hoobastank,2,0,2
hooburrito,0,1,1
hood,9,14,23
hooded,0,1,1
hoodharddjs,0,1,1
hoodie,3,4,7
hoodies,1,1,2
hoodlums,1,0,1
hoodrat,1,0,1
hoodrats,1,0,1
hoody,2,0,2
hoodys,0,1,1
hoofddorp,1,0,1
hoohoo,1,0,1
hooigee,1,0,1
hook,10,27,37
hooka,1,0,1
hookah,4,0,4
hooked,8,16,24
hooker,3,2,5
hookers,1,1,2
hookie,0,1,1
hooking,1,1,2
hooks,0,2,2
hookup,1,1,2
hookups,0,1,1
hooky,0,3,3
hooligans,2,0,2
hooo,3,4,7
hooome,1,0,1
hoooome,0,1,1
hoooooe,0,1,1
hooooome,1,0,1
hoooooooooooooooooooolla,0,1,1
hoooooooooooooooot,0,1,1
hoooos,1,0,1
hoooot,0,1,1
hooopee,0,1,1
hoooray,0,1,1
hooot,0,1,1
hooow,0,1,1
hoop,3,0,3
hoopdees,1,0,1
hooped,0,1,1
hooper,1,0,1
hooplahh,0,1,1
hoops,2,0,2
hooraayyyy,0,1,1
hoorah,1,0,1
hooray,8,10,18
hoot,4,6,10
hooters,0,2,2
hootie,1,0,1
hoover,1,3,4
hoovering,1,0,1
hop,7,17,24
hope,942,1736,2678
hoped,10,11,21
hopee,1,0,1
hopeflly,0,2,2
hopeful,2,7,9
hopefull,1,0,1
hopefully,135,201,336
hopefuly,0,2,2
hopeless,8,3,11
hopes,8,13,21
hopevale,0,1,1
hopfully,1,1,2
hopin,2,5,7
hoping,91,120,211
hopingg,0,1,1
hopkin,1,0,1
hopkins,1,0,1
hopped,0,1,1
hoppin,2,0,2
hopping,5,4,9
hoppus,3,0,3
hoppusday,24,1,25
hoppy,0,1,1
hops,1,2,3
hopscotch,1,0,1
hopstaken,1,0,1
hopwood,1,0,1
hor,1,0,1
horace,1,0,1
horatio,1,0,1
horde,2,0,2
hordes,1,1,2
hore,1,1,2
horendous,0,1,1
hores,1,0,1
horh,1,0,1
hori,1,0,1
horizon,5,2,7
horizons,1,1,2
horizontal,1,0,1
horlics,0,1,1
hormonal,1,0,1
hormone,2,0,2
hormones,2,1,3
hormonezies,0,1,1
horn,2,5,7
hornatina,0,1,1
hornbeck,0,1,1
hornet,1,0,1
hornets,1,0,1
horns,1,3,4
horny,16,13,29
horoscope,4,0,4
horoscopes,0,1,1
horray,3,0,3
horrendified,1,0,1
horrendous,1,1,2
horrendously,1,0,1
horrey,1,0,1
horrible,72,87,159
horribleh,1,0,1
horribly,6,7,13
horrid,6,6,12
horrific,0,3,3
horrified,1,2,3
horrifying,3,1,4
horrivel,0,1,1
horror,13,5,18
horrorlando,0,1,1
horrors,0,1,1
horrrible,1,0,1
horse,8,18,26
horseback,1,0,1
horsehair,0,1,1
horses,7,5,12
horsey,0,2,2
horsforth,1,0,1
horsie,1,0,1
horsies,1,1,2
hortensia,1,0,1
horticultural,0,1,1
horton,2,0,2
hos,2,1,3
hosanna,0,1,1
hose,1,1,2
hoseachanchez,1,0,1
hoseasons,0,1,1
hosed,0,1,1
hosha,0,1,1
hosp,2,0,2
hospice,0,2,2
hospital,61,32,93
hospitality,2,3,5
hospitalized,2,0,2
hospitals,3,1,4
hospitol,1,0,1
hosptal,1,0,1
hospy,1,0,1
hossa,0,2,2
hossam,1,0,1
host,19,18,37
hostage,1,1,2
hosted,2,5,7
hostel,3,0,3
hostess,1,1,2
hostesses,0,1,1
hosteurope,1,0,1
hostility,1,0,1
hostin,0,1,1
hosting,7,17,24
hosts,1,2,3
hostul,1,0,1
hosty,1,0,1
hot,211,280,491
hota,0,1,1
hotasspact,0,1,1
hotcakes,3,1,4
hotch,0,1,1
hotchoco,1,0,1
hotdog,1,1,2
hotdogs,2,1,3
hote,1,1,2
hotel,39,33,72
hotelll,1,0,1
hotellllll,1,0,1
hotels,1,3,4
hothothothot,1,0,1
hotlanta,1,3,4
hotline,0,1,1
hotmail,1,2,3
hotness,4,6,10
hotpants,1,0,1
hotpot,1,0,1
hots,2,0,2
hotshot,1,0,1
hotspot,1,0,1
hotspots,0,4,4
hotstuff,0,1,1
hott,7,10,17
hotte,0,1,1
hotter,6,12,18
hottest,8,4,12
hottie,5,4,9
hotting,1,0,1
hottness,1,0,1
hottt,1,3,4
hotttie,0,1,1
hottttt,0,1,1
hotttttt,0,1,1
hotwords,30,0,30
houdini,1,0,1
houdou,0,1,1
hougang,0,1,1
houl,1,0,1
hound,1,2,3
hounding,2,0,2
hounds,0,1,1
hour,137,136,273
houres,0,1,1
hourglass,0,1,1
hours,209,232,441
hourss,1,0,1
hourst,1,0,1
house,280,263,543
housebound,0,2,2
housechores,0,2,2
houseeee,2,0,2
household,1,2,3
housekeeping,1,0,1
houseman,0,1,1
housemates,1,0,1
houseowner,0,1,1
housephone,0,1,1
houses,4,8,12
housesitting,0,1,1
housewarming,0,1,1
housewife,1,3,4
housewives,3,6,9
housework,6,6,12
housing,2,2,4
housmates,0,1,1
houston,13,24,37
houstonn,0,1,1
housue,1,0,1
hov,2,1,3
hova,1,0,1
hover,1,0,1
hovsays,1,0,1
how,1301,2006,3307
howa,1,1,2
howard,3,8,11
howarewe,10,0,10
howd,2,0,2
howdee,0,1,1
howdy,5,10,15
howe,1,1,2
howell,3,1,4
howeva,1,0,1
however,35,41,76
howfckncute,1,0,1
howi,1,0,1
howie,0,2,2
howl,2,1,3
howling,1,0,1
howls,0,1,1
howre,1,0,1
howru,0,1,1
howry,1,0,1
hows,33,70,103
howto,0,1,1
howtopleaseawoman,1,0,1
howu,1,0,1
howve,1,0,1
howya,0,1,1
howz,3,6,9
howza,1,0,1
hoy,1,1,2
hoya,0,1,1
hoyeah,0,1,1
hoyegechilo,0,1,1
hoyes,1,0,1
hoyt,0,1,1
hp,7,10,17
hpapi,3,0,3
hplaunch,0,1,1
hpn,0,1,1
hppened,2,0,2
hq,2,5,7
hqppy,1,0,1
hr,25,18,43
hre,0,2,2
hrhr,1,2,3
hrm,2,2,4
hrmm,1,1,2
hrmmm,0,1,1
hrmph,0,2,2
hro,1,0,1
hrrumph,0,1,1
hrs,52,62,114
hrt,1,0,1
hru,1,0,1
hs,5,9,14
hsband,0,1,1
hsbc,1,0,1
hsdpa,0,1,1
hshs,0,1,1
hsm,3,6,9
hspa,0,1,1
hss,1,0,1
ht,1,1,2
htc,2,6,8
htcdream,1,0,1
hte,0,2,2
htel,1,0,1
htese,0,1,1
hthis,0,1,1
hting,0,1,1
html,6,6,12
htpp,1,0,1
hts,1,0,1
htt,1,0,1
http,6,5,11
httpclient,0,1,1
https,1,1,2
hu,5,7,12
huahah,0,1,1
huahuahuahua,1,0,1
huahuahuahuah,0,1,1
hub,5,3,8
hubb,1,0,1
hubbard,1,1,2
hubbie,2,1,3
hubble,2,1,3
hubbster,0,1,1
hubby,36,54,90
hubs,6,1,7
hubz,1,1,2
huckabee,0,1,1
huckville,1,0,1
hud,1,0,1
huddle,0,1,1
hudgens,0,2,2
hudgins,0,1,1
hudson,2,1,3
hudzik,1,0,1
huee,0,1,1
huehueuhuheuhe,0,1,1
hues,1,0,1
huevos,0,1,1
huez,1,0,1
huff,1,4,5
huffie,0,1,1
huffies,0,1,1
huffing,0,1,1
hufflepuff,1,0,1
huffs,1,0,1
huffy,1,0,1
huft,0,2,2
hug,111,107,218
huge,55,105,160
hugee,0,1,1
hugeee,1,1,2
hugeeee,1,0,1
hugeeeeeeeeee,1,0,1
hugely,1,1,2
hugest,1,2,3
hugged,1,2,3
huggeee,0,1,1
huggg,1,1,2
huggggz,0,1,1
huggies,0,2,2
hugging,1,1,2
huggle,1,0,1
huggles,5,9,14
hugglesxxx,0,1,1
huggs,1,3,4
huggsss,0,1,1
huggui,0,1,1
huggywoos,0,1,1
hugh,7,9,16
hughes,1,3,4
hughlaurie,1,0,1
hughs,0,2,2
hugo,2,0,2
hugs,121,191,312
hugss,1,0,1
hugz,3,2,5
hugzzz,1,0,1
hugzzzz,1,0,1
huh,65,117,182
huhh,0,1,1
huhhh,1,0,1
huhn,0,1,1
huhs,0,1,1
huhu,6,11,17
huhuh,1,1,2
huhuhu,5,4,9
huhuu,1,0,1
hui,1,0,1
huis,0,1,1
huizenga,0,1,1
hujan,1,0,1
hul,0,1,1
hula,1,1,2
hulk,2,4,6
hull,1,0,1
hullo,0,2,2
hulstlah,1,0,1
hulu,5,8,13
hum,2,4,6
human,36,20,56
humana,0,1,1
humane,0,2,2
humanism,0,1,1
humanities,1,1,2
humanity,3,3,6
humanizing,1,0,1
humankind,1,0,1
humanly,1,0,1
humans,9,10,19
humber,1,1,2
humble,2,4,6
humbled,1,3,4
humbling,0,1,1
humbug,0,1,1
humid,5,9,14
humidity,6,2,8
humiliate,0,1,1
humiliated,1,0,1
humility,1,1,2
humm,2,2,4
hummed,1,0,1
hummer,2,0,2
hummin,1,0,1
humming,1,1,2
hummingbird,1,0,1
hummingbirds,0,1,1
hummm,0,3,3
hummus,3,1,4
humongous,0,1,1
humor,19,12,31
humoring,1,0,1
humorist,0,1,1
humoristico,1,0,1
humorous,3,1,4
humorvoll,1,0,1
humour,7,8,15
humourous,1,0,1
hump,3,6,9
humpday,1,0,1
humph,1,0,1
humphrey,1,0,1
humphs,1,0,1
humping,0,1,1
humpty,0,1,1
humptydumpty,0,1,1
hun,72,117,189
hunch,2,1,3
hunden,0,1,1
hundred,8,8,16
hundreds,4,3,7
hunf,0,2,2
hung,11,18,29
hungarian,1,2,3
hungary,0,3,3
hunger,3,8,11
hungover,6,6,12
hungrey,0,1,1
hungri,0,1,1
hungrier,0,1,1
hungry,83,81,164
hungweeeeee,0,1,1
hungweey,1,0,1
hungy,0,2,2
hunh,0,1,1
huni,2,2,4
hunk,0,1,1
hunka,0,2,2
hunky,1,2,3
hunn,0,2,2
hunney,0,1,1
hunni,0,2,2
hunnid,1,0,1
hunnie,2,2,4
hunnies,1,0,1
hunny,9,10,19
hunqry,1,0,1
hunt,17,7,24
hunted,0,1,1
hunter,4,6,10
hunters,0,2,2
huntersville,2,0,2
hunting,8,11,19
huntington,0,1,1
huntsville,0,1,1
hurd,1,0,1
hurdle,0,3,3
hurdles,0,1,1
hurgee,0,1,1
hurhur,0,1,1
hurley,1,0,1
hurog,0,1,1
hurr,0,1,1
hurrah,4,2,6
hurrahs,1,0,1
hurray,3,3,6
hurricane,8,5,13
hurried,1,0,1
hurries,1,0,1
hurrrrrrts,0,1,1
hurrry,0,1,1
hurry,21,23,44
hurrying,0,1,1
hurt,120,117,237
hurted,2,1,3
hurtful,2,5,7
hurtig,0,1,1
hurtin,0,2,2
hurting,21,11,32
hurts,146,77,223
hurtsss,1,0,1
hurtsssss,1,1,2
hurttt,0,2,2
hurtttttttttttttttttttttttttttt,0,1,1
hurty,4,2,6
hurtz,1,0,1
hus,1,0,1
husb,0,1,1
husband,35,58,93
husbands,2,2,4
husbie,0,1,1
hush,5,6,11
hushdusah,0,1,1
hushhh,1,0,1
huskies,1,0,1
husks,0,1,1
husky,0,1,1
husnaa,0,1,1
hussein,1,0,1
hustings,0,1,1
hustla,1,0,1
hustle,1,2,3
hustlers,1,0,1
hustlin,1,1,2
hustling,1,2,3
husto,1,0,1
hut,4,9,13
hutchence,0,1,1
hutchins,0,1,1
hutton,0,1,1
huu,1,0,1
huug,0,1,1
huuufff,0,1,1
huuug,0,1,1
huuuge,0,1,1
huuuhh,0,1,1
huuuug,0,1,1
huuuunnnggrrryyyy,1,0,1
huuuuuge,1,0,1
huuuuuuu,1,0,1
huw,0,1,1
huwaaaa,1,0,1
huwooow,0,1,1
hux,0,1,1
huxtables,0,1,1
huz,1,0,1
huzzah,1,1,2
hv,15,16,31
hvaing,1,0,1
hve,5,10,15
hvent,0,1,1
hvg,0,1,1
hvin,1,0,1
hving,0,2,2
hvng,0,1,1
hvnt,2,2,4
hw,13,11,24
hwah,0,1,1
hwangbo,0,1,1
hwk,0,1,1
hwy,1,0,1
hxc,1,0,1
hxhx,0,1,1
hy,1,2,3
hyacinths,0,1,1
hybernating,1,0,1
hybrid,0,3,3
hybrids,1,0,1
hyd,1,0,1
hyde,3,0,3
hyderabad,2,1,3
hydrangea,0,2,2
hydrate,1,1,2
hydrated,0,1,1
hydrating,1,0,1
hydrogen,2,1,3
hye,1,2,3
hyeaah,0,1,1
hygene,1,0,1
hygiene,1,3,4
hymn,1,3,4
hymns,0,1,1
hyoeractive,0,1,1
hype,6,10,16
hyped,5,6,11
hyper,6,8,14
hyperactive,0,1,1
hyperbole,1,0,1
hyperconected,0,1,1
hypericon,0,1,1
hypermedia,0,1,1
hypermotivated,0,1,1
hyperthermia,0,1,1
hyperventilates,0,1,1
hyperventilating,1,1,2
hyphen,0,1,1
hyphenated,0,1,1
hypnosis,0,1,1
hypnotize,0,1,1
hypochindriac,0,1,1
hypocrit,0,1,1
hypocritcal,0,1,1
hypocrite,1,2,3
hypocrites,1,0,1
hypocritical,2,0,2
hypocritisy,1,0,1
hypothermia,1,0,1
hypothetically,2,0,2
hyppe,0,1,1
hyptnotise,0,1,1
hysteria,1,0,1
hysterical,4,4,8
hysterically,1,0,1
hyukkie,0,2,2
hyves,1,0,1
ia,9,3,12
iad,1,0,1
iadmit,1,0,1
iaint,1,1,2
iaj,0,1,1
ialso,0,1,1
iam,6,6,12
iama,0,1,1
iamchuckdizzle,1,0,1
iamdiddy,1,0,1
iamontwitter,1,0,1
iamsoannoyed,1,0,1
ian,7,8,15
ianal,0,1,1
iancrawford,1,0,1
ianne,1,0,1
ians,0,1,1
ianto,0,1,1
iation,1,0,1
ib,1,1,2
ibc,1,0,1
iberry,0,1,1
ibigay,0,1,1
ibird,0,1,1
ibj,1,0,1
iblamedrewscancer,1,0,1
iblmt,1,0,1
ibm,1,0,1
ibmer,0,1,1
ibo,0,1,1
ibook,0,1,1
ibs,0,1,1
ibuprofen,3,0,3
ibvanmat,1,0,1
ic,3,3,6
ica,2,1,3
ical,0,1,1
ican,1,0,1
icanhelp,1,0,1
icant,1,1,2
icantstand,3,0,3
icarly,1,5,6
icary,0,1,1
icasa,1,0,1
icbm,0,1,1
iccee,0,1,1
iccream,0,1,1
ice,97,85,182
iceberg,0,2,2
icebox,0,1,1
icecream,10,11,21
icecreamm,0,1,1
iced,6,6,12
icehouse,1,0,1
iceing,0,1,1
iceland,1,2,3
iceman,1,0,1
icetime,0,1,1
icey,0,1,1
ich,5,6,11
icha,0,1,1
ichat,2,4,6
ichc,2,0,2
ichiban,0,1,1
ichthus,1,0,1
ichy,0,1,1
icic,1,2,3
icing,0,2,2
ick,3,8,11
ickle,0,1,1
icky,5,7,12
ickyickyyyy,0,1,1
iclever,1,0,1
ico,0,1,1
icon,12,10,22
iconfess,13,0,13
iconic,0,1,1
icons,5,5,10
icontainer,1,0,1
icould,0,1,1
icouldnt,0,1,1
icouldve,0,1,1
icp,1,0,1
icq,1,0,1
icsc,1,0,1
ict,4,0,4
ictev,2,0,2
icu,1,2,3
icurve,1,0,1
icy,1,5,6
id,54,57,111
ida,0,1,1
idaho,1,1,2
idc,3,4,7
idd,0,2,2
ide,2,2,4
idea,164,283,447
ideaaa,0,1,1
ideaaaa,0,1,1
ideaaaaa,0,1,1
ideal,2,5,7
idealess,0,1,1
ideally,1,2,3
idealpeople,1,0,1
ideals,1,0,1
ideam,0,1,1
ideas,33,56,89
ideass,1,0,1
idee,0,1,1
ideea,1,0,1
ideia,1,0,1
idem,0,1,1
identi,1,1,2
identica,3,2,5
identical,0,1,1
identifiable,1,0,1
identification,0,2,2
identified,1,0,1
identify,0,1,1
identifying,0,1,1
identity,1,4,5
idents,1,0,1
ides,2,0,2
ideserveaholiday,1,0,1
idesk,1,0,1
idf,2,0,2
idfk,0,1,1
idfollow,1,0,1
idgaf,0,1,1
idgi,0,2,2
idhar,1,0,1
idhu,0,1,1
idina,0,1,1
idiocy,0,1,1
idiom,0,1,1
idioms,1,0,1
idiosyncrasies,1,0,1
idiot,18,21,39
idiots,8,5,13
idiotsss,0,1,1
idk,81,121,202
idkaybictd,0,1,1
idkill,1,0,1
idkk,0,1,1
idkkkk,1,0,1
idky,0,1,1
idle,1,3,4
idnt,1,0,1
idol,16,22,38
idolise,1,0,1
idols,1,2,3
idont,0,1,1
idontlikewhen,1,0,1
idot,0,1,1
idq,1,0,1
idr,0,1,1
idraki,1,0,1
idreamsbu,1,0,1
idris,0,1,1
ids,1,0,1
idt,1,0,1
idthink,0,1,1
idunno,1,0,1
idwtr,1,0,1
idy,0,1,1
idyllic,0,2,2
idzr,1,0,1
ie,24,31,55
iegar,1,0,1
ieie,0,1,1
iero,1,2,3
ieves,0,1,1
if,1450,2065,3515
ifail,1,0,1
ifastviewer,0,1,1
ifeel,1,0,1
iffen,0,1,1
iffy,0,3,3
ifgf,1,0,1
ificouldmeetanyoneitwouldbe,1,0,1
ifone,1,0,1
iformally,0,1,1
iforum,3,0,3
ifrogz,0,1,1
ifufromnola,2,0,2
ifyou,1,0,1
iga,0,2,2
igby,1,0,1
igh,0,3,3
ight,2,1,3
igive,1,0,1
iglobyoudoggy,1,0,1
ign,1,1,2
ignacio,0,1,1
ignacius,0,1,1
igneranous,1,0,1
ignis,1,0,1
ignite,0,2,2
ignitephx,1,1,2
ignition,0,1,1
ignominious,0,1,1
ignorance,2,4,6
ignorant,6,5,11
ignore,14,34,48
ignored,8,11,19
ignores,0,2,2
ignorin,0,2,2
ignoring,12,13,25
igoogle,2,0,2
igootta,1,0,1
igor,1,0,1
igot,2,1,3
igtos,1,0,1
igual,0,2,2
iguess,1,0,1
ih,3,3,6
ihad,0,1,1
ihadsexwithhim,1,0,1
ihate,10,0,10
ihateitwhen,2,0,2
ihateleaks,1,0,1
ihatethis,1,0,1
ihatewhen,1,0,1
ihave,2,1,3
iheartboobies,1,0,1
iheartsyoulikewhoa,1,0,1
iheartyou,1,0,1
ihihih,1,0,1
ihik,0,1,1
ihop,5,6,11
ihope,1,0,1
ihts,1,0,1
ii,29,18,47
iidk,0,1,1
iif,0,1,1
iight,5,0,5
iii,5,4,9
iiii,3,1,4
iiiii,1,0,1
iiiiii,1,2,3
iiiiiiiiiiiiimmmmmmmmm,1,0,1
iiiiiit,0,1,1
iiiiittt,1,0,1
iiiillllyyy,1,0,1
iiisss,0,1,1
iill,1,0,1
iim,3,2,5
iinet,0,1,1
iinternship,0,1,1
iirc,3,1,4
iis,0,3,3
iit,1,1,2
iitians,1,0,1
iiz,0,1,1
ijsned,1,0,1
ijump,0,1,1
ik,6,8,14
ikaw,1,0,1
ike,2,5,7
ikea,8,3,11
ikeep,1,0,1
iker,0,1,1
iki,1,0,1
ikinda,0,1,1
ikl,1,0,1
iknow,1,2,3
iknowrite,0,1,1
ikr,10,16,26
ikut,0,1,1
il,11,21,32
ilaa,1,0,1
ilang,1,1,2
ile,1,0,1
ileib,1,0,1
ilene,1,1,2
ilh,0,1,1
ilhm,1,0,1
ilick,1,0,1
ilike,0,1,1
ilikefranchiseking,1,0,1
ilkley,0,1,1
ill,175,240,415
illa,0,1,1
illegal,5,9,14
illegally,1,2,3
illegaly,2,0,2
illegalz,0,1,1
illest,1,0,1
illinois,0,2,2
illinoise,0,1,1
illions,0,2,2
illiterate,0,2,2
illl,0,1,1
illness,3,4,7
illnesses,0,1,1
illogical,0,1,1
illumination,1,1,2
illusion,3,2,5
illustraion,1,0,1
illustrate,0,1,1
illustration,0,1,1
illustrator,1,3,4
illyill,1,0,1
iloooves,1,0,1
ilove,6,3,9
iloveblackwomen,1,0,1
iloved,1,0,1
ilovejacob,1,0,1
ilovematt,1,0,1
ilovemovies,2,0,2
ilovemrtweet,1,0,1
ilovemybff,1,0,1
iloveu,2,1,3
iloveusomuch,1,0,1
iloveyopu,1,0,1
iloveyou,1,11,12
iloveyousomuch,0,1,1
iloveyoutoo,0,1,1
iloveyouu,1,1,2
ilpetey,0,1,1
ilsa,1,0,1
ilu,0,5,5
iludaddy,1,0,1
ilusdfm,0,1,1
ilusfdmmm,0,1,1
ilusion,0,1,1
iluu,0,6,6
iluuu,0,1,1
iluv,1,0,1
ily,34,48,82
ilym,1,0,1
ilysfm,1,0,1
ilysm,0,1,1
ilyt,1,1,2
ilytd,0,1,1
ilyy,1,1,2
ilyyy,0,1,1
ilyyyy,0,1,1
ilyyyyy,1,0,1
im,1277,1590,2867
ima,33,40,73
imac,5,6,11
imacelebritygetmeouttahere,1,0,1
imaddicted,3,0,3
imafat,0,1,1
image,21,24,45
imagen,1,0,1
imagery,1,0,1
images,14,12,26
imaginary,2,4,6
imagination,8,6,14
imagine,33,71,104
imagined,3,5,8
imagining,4,1,5
imal,1,0,1
iman,0,1,1
imap,1,0,1
imats,2,1,3
imax,4,5,9
imbalance,1,0,1
imc,1,0,1
imcomplaining,0,1,1
imdb,0,3,3
imdbjb,0,1,1
imdi,1,0,1
ime,0,2,2
imed,1,1,2
imee,1,0,1
imeem,2,1,3
img,1,1,2
imguiltyof,1,0,1
imho,2,4,6
imi,1,0,1
imide,1,0,1
imightbethereincarnationofstalin,1,0,1
imindi,1,0,1
iminds,0,1,1
iming,2,1,3
imishhyuchooooo,1,0,1
imiss,2,0,2
imisscath,12,0,12
imissed,1,0,1
imisskimbo,1,0,1
imissmica,1,0,1
imissyoouu,1,0,1
imissyou,2,0,2
imissyourfacetoo,1,0,1
imissyouuu,1,0,1
imissyouuuu,1,0,1
imitates,0,1,1
imix,1,0,1
imjustsayin,1,0,1
imke,0,1,1
imlazylikewhoa,1,0,1
imm,3,1,4
imma,31,28,59
immaa,1,0,1
immaluva,1,0,1
immat,0,1,1
immature,5,2,7
immediacy,0,1,1
immediately,8,9,17
immense,0,7,7
immensely,3,0,3
immigration,2,1,3
imminent,0,1,1
immobile,0,1,1
immodium,0,1,1
immortal,3,1,4
immortality,1,0,1
immortalizing,0,1,1
immortals,1,0,1
immune,1,2,3
imna,0,1,1
imo,4,8,12
imob,1,0,1
imodium,1,0,1
imovie,0,2,2
imp,0,1,1
impact,4,5,9
impacted,1,0,1
impactyouth,0,1,1
impaired,2,1,3
impart,1,0,1
impatience,1,0,1
impatient,5,8,13
impatiently,1,1,2
impeccable,0,2,2
impeeding,0,1,1
impending,2,0,2
imperative,0,1,1
imperfectangel,1,1,2
imperia,0,1,1
imperial,1,0,1
imperium,0,1,1
impersonal,1,0,1
impersonated,0,1,1
impersonating,1,0,1
impersonation,0,1,1
implants,1,1,2
implausibility,0,1,1
implement,2,3,5
implementation,0,2,2
implementing,0,3,3
implied,1,3,4
implies,1,2,3
imploded,1,0,1
imply,0,1,1
implying,2,0,2
imporant,1,0,1
import,0,3,3
importance,4,0,4
important,39,34,73
importante,0,2,2
importantly,2,4,6
imported,0,1,1
importing,0,1,1
imports,0,1,1
impose,0,2,2
imposed,0,2,2
impossibilities,1,0,1
impossible,22,16,38
imposter,0,2,2
impostors,1,0,1
impotente,0,1,1
impounded,2,0,2
impractical,1,0,1
impregnated,0,1,1
impregnates,1,0,1
impress,1,0,1
impressed,20,19,39
impresses,1,0,1
impressing,0,1,1
impression,8,7,15
impressions,3,0,3
impressive,7,19,26
imprisoned,0,1,1
improbable,1,0,1
impromptu,1,0,1
improper,1,0,1
improv,0,1,1
improve,14,10,24
improved,2,8,10
improvelife,1,0,1
improvement,7,4,11
improvements,1,2,3
improves,1,3,4
improvin,0,1,1
improving,6,3,9
improvise,0,1,1
improvisiert,0,1,1
impssible,0,1,1
impt,1,0,1
impuesto,0,1,1
impulse,0,2,2
impulsive,0,3,3
imran,1,0,1
ims,0,2,2
imtiredof,1,0,1
imu,3,2,5
imust,0,1,1
imy,7,5,12
imyy,0,1,1
imyyy,0,1,1
in,5290,6660,11950
ina,4,3,7
inaaway,1,0,1
inability,0,2,2
inaccessable,1,0,1
inactive,1,4,5
inadequate,0,1,1
inadi,1,0,1
inadvance,0,1,1
inadvertent,0,1,1
inadvertently,0,1,1
inalter,0,1,1
inanimate,0,2,2
inaninyonga,1,0,1
inaperfectworld,132,1,133
inaperfectwould,1,0,1
inappropriate,3,1,4
inappropriatemovies,5,0,5
inari,0,1,1
inaug,0,1,1
inbetn,1,0,1
inbetween,2,1,3
inbound,2,0,2
inbox,10,12,22
inbred,1,0,1
inc,3,5,8
incapable,1,1,2
incarcat,0,1,1
incarceration,0,1,1
incarnation,0,1,1
incase,1,4,5
incense,2,1,3
incentive,0,2,2
incentives,0,1,1
inceput,0,1,1
inceputul,1,0,1
incessantly,2,0,2
inch,7,7,14
inchers,0,1,1
inches,3,1,4
inching,0,1,1
incident,5,4,9
incidentally,0,1,1
incidents,1,1,2
incl,2,3,5
inclination,1,1,2
inclined,1,2,3
include,7,11,18
included,11,31,42
includes,6,4,10
including,16,21,37
inclusions,0,1,1
incognito,0,1,1
incoherent,0,1,1
income,2,4,6
incoming,0,1,1
incompatible,0,1,1
incomplete,4,1,5
incomprehensible,1,0,1
inconceivable,1,0,1
inconsiderate,0,1,1
inconsistancies,0,1,1
inconsistencies,1,0,1
inconsistent,1,0,1
inconvenience,1,1,2
inconvenient,0,3,3
incorporate,1,0,1
incorporated,1,0,1
incorrect,2,0,2
incorrectly,1,3,4
incorrigibility,0,1,1
increase,4,4,8
increased,1,1,2
increases,3,1,4
increasing,0,2,2
increasingly,2,1,3
incred,0,1,1
incredible,12,16,28
incredibles,1,0,1
incredibly,12,12,24
incredily,0,1,1
increibly,1,0,1
incremental,1,1,2
incubator,1,0,1
incubus,1,1,2
incumbent,1,0,1
inda,1,1,2
indah,0,1,1
inday,0,1,1
indecisive,3,0,3
indeed,84,143,227
indeedie,0,1,1
indeedio,1,0,1
indeedy,2,4,6
indeeeeeeeeeeeeedy,0,1,1
indefinitely,0,1,1
indenial,0,1,1
independant,1,0,1
independence,0,1,1
independent,0,7,7
independently,1,0,1
inderstood,1,0,1
indes,0,1,1
indescribable,1,0,1
indesign,1,2,3
index,2,8,10
indexed,0,1,1
indi,1,0,1
india,16,10,26
indiaaaa,1,0,1
indiagames,1,0,1
indian,9,12,21
indiana,8,11,19
indianaal,1,0,1
indianans,0,1,1
indianapolis,0,1,1
indians,3,0,3
indiavotes,1,2,3
indicates,1,0,1
indication,3,2,5
indications,1,0,1
indicative,1,0,1
indico,0,1,1
indie,4,10,14
indies,1,1,2
indifference,1,1,2
indifferent,1,1,2
indigenous,0,1,1
indigestion,2,2,4
indigo,1,0,1
indisn,1,0,1
indisposable,1,0,1
indiv,1,1,2
individual,1,1,2
individuality,0,1,1
individually,1,1,2
individuals,0,1,1
indo,0,1,1
indochine,1,0,1
indomitable,0,1,1
indonesia,6,8,14
indonesian,0,5,5
indoo,0,1,1
indoor,1,5,6
indoors,5,6,11
indoyyyyyy,0,1,1
induce,1,0,1
induced,0,2,2
induces,1,0,1
inducing,1,0,1
indulge,0,1,1
indulged,0,1,1
indulgence,1,0,1
indulging,1,0,1
indulj,1,0,1
industries,0,2,2
industrious,0,1,1
industry,8,5,13
indy,6,9,15
ine,0,1,1
ineck,0,1,1
ineedafade,3,0,3
ineedat,0,1,1
ineedyou,1,0,1
ineptitude,1,0,1
inert,0,1,1
inever,2,0,2
inevermenttobrag,1,0,1
inevitable,0,1,1
inexpensive,1,1,2
inexplicable,0,1,1
inf,1,0,1
infact,3,2,5
infallible,1,0,1
infamous,7,8,15
infantry,1,0,1
infants,1,0,1
infatuated,0,1,1
infect,1,1,2
infected,6,2,8
infecting,1,0,1
infection,12,9,21
infections,2,0,2
infectious,2,1,3
infer,0,1,1
inferiorly,0,1,1
infertile,0,2,2
infested,1,3,4
infidel,1,0,1
infinite,2,1,3
infinity,6,2,8
inflamatories,0,1,1
inflamed,0,1,1
inflammatory,0,1,1
inflatable,1,0,1
inflated,0,2,2
inflation,1,1,2
inflicted,1,1,2
inflicting,0,1,1
influence,5,8,13
influenced,1,3,4
influencer,1,0,1
influences,0,4,4
influencing,0,1,1
influening,0,1,1
influential,2,0,2
influenza,1,1,2
info,54,83,137
infocomm,0,1,1
infomercials,1,1,2
inform,2,1,3
informal,1,0,1
informatics,1,0,1
information,14,17,31
informative,3,0,3
informed,9,7,16
infotainment,0,1,1
infoworld,1,0,1
infrared,0,1,1
infringement,0,2,2
infromation,1,0,1
infront,1,3,4
infsum,1,0,1
infuriated,0,1,1
infuriating,0,1,1
infuse,0,1,1
infused,1,0,1
infusion,0,3,3
ing,31,22,53
ingats,0,1,1
ingesting,1,0,1
inggit,0,1,1
inggrischaos,0,1,1
ingilia,0,1,1
ingorin,1,0,1
ingredients,5,4,9
ingrid,0,1,1
inhabitable,0,1,1
inhabitors,0,1,1
inhale,1,0,1
inhaler,1,1,2
inhaling,0,1,1
inhanced,1,0,1
inherent,0,1,1
inherently,1,0,1
inhibitor,0,1,1
inhouston,0,1,1
inhumanity,0,1,1
ini,3,4,7
inidvidual,0,1,1
iniii,0,1,1
inimitable,1,0,1
init,4,3,7
initial,3,1,4
initially,2,1,3
initials,0,3,3
initiate,1,1,2
initiated,0,1,1
initiation,0,1,1
initiative,3,2,5
inject,1,0,1
injection,1,4,5
injections,1,2,3
injects,0,1,1
injeg,2,0,2
injoing,1,0,1
injure,0,1,1
injured,7,10,17
injuries,2,1,3
injuring,0,1,1
injury,1,11,12
ink,16,11,27
inked,1,1,2
inkjet,0,1,1
inklore,0,1,1
inkn,1,0,1
inky,1,1,2
inlaws,0,3,3
inlet,0,2,2
inlike,1,0,1
inline,1,1,2
inlove,0,1,1
inmy,1,0,1
inmyhead,1,0,1
inmysweetestdreams,1,0,1
inn,2,3,5
inna,1,0,1
innate,1,0,1
inner,4,10,14
innercircle,0,1,1
innersoul,1,0,1
innertube,0,1,1
innes,0,1,1
inning,2,1,3
innings,1,2,3
innit,4,3,7
innnk,1,0,1
innnnn,1,0,1
innocence,3,3,6
innocent,11,8,19
innocents,0,1,1
innout,1,0,1
innovation,2,2,4
innovations,0,1,1
innovative,2,0,2
inns,1,0,1
innuendo,0,1,1
innuendos,0,1,1
ino,2,2,4
inocent,1,0,1
inom,0,1,1
inoooooo,1,0,1
inordinate,0,1,1
inorite,0,1,1
inoriteee,1,0,1
inotes,1,0,1
inovativ,1,0,1
inparticular,0,1,1
input,6,5,11
inq,1,0,1
inquire,2,1,3
inquired,1,0,1
inquiries,1,0,1
inquiring,0,3,3
inquiry,1,0,1
inquisitrix,1,0,1
inr,1,1,2
inre,0,1,1
insaaaaane,1,0,1
insaaannnee,0,1,1
insainly,0,1,1
insane,16,22,38
insanee,0,1,1
insanely,6,5,11
insani,0,1,1
insanity,1,2,3
insearchofnkotb,1,0,1
insect,2,0,2
insects,2,3,5
insecure,1,2,3
insensitive,0,4,4
inseparable,1,0,1
inseperable,1,0,1
insert,3,4,7
inserting,0,1,1
insha,1,0,1
inshaallah,1,1,2
inshalla,0,2,2
inshallah,2,1,3
inside,57,48,105
insidemma,0,1,1
insider,1,0,1
insiders,1,0,1
insides,1,0,1
insight,4,2,6
insightful,1,1,2
insights,3,1,4
insignificant,1,1,2
insincerity,0,1,1
insinde,1,0,1
insipartion,0,1,1
insist,3,4,7
insisted,0,1,1
insists,0,1,1
insomiac,1,0,1
insomnia,16,9,25
insomniac,3,2,5
insomniacgrafx,1,0,1
insonia,0,1,1
inspected,2,0,2
inspecting,0,1,1
inspection,4,0,4
inspector,2,0,2
insperation,0,1,1
inspiration,17,24,41
inspirational,5,5,10
inspirations,1,1,2
inspire,4,5,9
inspired,10,14,24
inspires,3,2,5
inspiring,12,14,26
inspite,1,1,2
insta,1,0,1
instaed,1,0,1
install,19,25,44
installation,1,3,4
installed,10,11,21
installer,2,1,3
installing,8,7,15
installment,1,3,4
installments,1,1,2
installs,1,1,2
instamatic,0,1,1
instance,2,4,6
instances,2,0,2
instant,8,15,23
instantaneous,0,1,1
instantly,4,3,7
instapaper,0,1,1
instead,79,121,200
insted,3,1,4
instinct,2,0,2
instincts,0,2,2
institute,1,1,2
institution,1,0,1
instore,2,2,4
instructed,0,1,1
instruction,1,0,1
instructional,1,0,1
instructions,2,3,5
instructor,4,2,6
instrument,3,5,8
instrumental,2,2,4
instrumentals,1,1,2
instruments,0,4,4
instumental,0,1,1
instyle,0,1,1
insufficient,1,0,1
insulation,0,1,1
insulin,3,1,4
insult,5,3,8
insulted,2,2,4
insulting,3,1,4
insults,2,0,2
insurance,12,16,28
insurances,1,0,1
insured,2,1,3
insurer,1,0,1
insurmountable,0,1,1
insy,0,1,1
int,5,4,9
intact,2,2,4
intake,4,1,5
intakes,0,1,1
integrate,2,2,4
integrated,2,1,3
integrating,2,0,2
integration,4,0,4
integrity,1,2,3
intel,1,1,2
intellect,0,1,1
intellectual,0,2,2
intelligence,6,2,8
intelligent,7,8,15
intend,4,4,8
intended,8,5,13
intense,6,13,19
intensedebate,1,0,1
intensities,0,1,1
intensity,2,0,2
intensive,0,2,2
intent,2,0,2
intention,3,5,8
intentional,3,2,5
intentionally,1,2,3
intentions,2,2,4
inter,0,2,2
interact,6,3,9
interacting,0,2,2
interaction,3,2,5
interactive,1,3,4
intercept,2,1,3
interchangeable,0,2,2
intercp,1,0,1
interent,1,0,1
interents,0,1,1
interesant,1,1,2
intereseted,0,1,1
interessted,0,1,1
interessting,0,1,1
interest,20,17,37
interested,35,49,84
interestig,1,0,1
interestign,1,0,1
interestin,1,0,1
interesting,93,127,220
interests,5,8,13
interface,3,5,8
interfaced,0,1,1
interfere,1,2,3
interference,1,0,1
interior,2,3,5
interisting,0,1,1
interivew,1,0,1
interlude,1,0,1
intermission,1,0,1
intern,5,6,11
internal,4,2,6
international,19,14,33
internationally,1,1,2
internationalmusicday,1,0,1
internationals,1,1,2
internet,115,125,240
internetconnection,1,0,1
internetically,0,1,1
internetless,1,0,1
internets,4,4,8
internetvianetbook,1,0,1
internetweek,2,1,3
internetz,0,1,1
internin,0,1,1
interning,2,0,2
interns,2,1,3
internship,7,5,12
internships,0,1,1
interntional,0,1,1
interpol,1,0,1
interpretation,1,4,5
interpreted,1,1,2
interpreting,1,1,2
interpretive,1,0,1
interprets,1,0,1
interrest,1,0,1
interrogate,1,0,1
interrupt,1,1,2
interrupted,1,7,8
interrupting,1,0,1
interruption,2,0,2
interruptions,2,0,2
interruptus,0,1,1
inters,0,1,1
intersection,1,0,1
interstate,1,1,2
intersting,1,0,1
intert,1,0,1
intertube,1,0,1
intertwined,1,0,1
interuption,1,0,1
interuptions,1,0,1
interval,2,1,3
intervals,3,1,4
interveiw,0,1,1
intervene,0,2,2
intervention,3,0,3
interview,34,71,105
interviewed,4,6,10
interviewer,0,1,1
interviewing,1,3,4
interviewproject,1,0,1
interviews,12,10,22
interweb,0,2,2
interwebbed,0,1,1
interwebs,1,2,3
interwebz,0,2,2
interwoven,0,1,1
inthe,1,0,1
inthebattle,1,0,1
inthink,0,1,1
inti,1,0,1
intials,0,1,1
intimate,1,1,2
intimidate,0,1,1
intimidating,1,4,5
intl,2,2,4
into,278,382,660
intolerance,1,1,2
intolerant,1,0,1
intonation,0,1,1
intoxicated,1,3,4
intoxicatingly,0,1,1
intpc,0,1,1
intradevar,0,1,1
intranet,2,0,2
intrat,0,1,1
intraweb,0,1,1
intrepid,0,1,1
intresting,0,2,2
intrigued,1,4,5
intriguing,3,2,5
intriguingly,1,0,1
intrinsic,0,1,1
intro,6,7,13
introduce,3,5,8
introduced,2,9,11
introduces,1,0,1
introducing,7,4,11
introduction,3,1,4
introductory,0,1,1
intros,0,1,1
introuble,0,1,1
introvert,0,1,1
intructions,0,1,1
intruder,0,2,2
intruding,1,0,1
intruduction,0,1,1
intrusion,1,0,1
intrusive,0,1,1
intuition,1,0,1
intuos,0,1,1
inuits,0,1,1
inulit,0,1,1
invad,1,0,1
invade,1,1,2
invaded,2,0,2
invades,1,0,1
invalid,6,4,10
invasion,1,2,3
invasive,0,1,1
invat,0,1,1
inve,1,0,1
inveja,0,2,2
invent,1,5,6
inventary,1,0,1
invented,8,4,12
inventing,0,2,2
invention,0,4,4
inventive,1,0,1
inventor,0,1,1
inventory,1,1,2
inverness,0,3,3
invert,1,1,2
inverted,0,2,2
invest,0,2,2
invested,0,1,1
investigate,2,4,6
investigated,0,1,1
investigatie,1,0,1
investigating,1,4,5
investigation,2,0,2
investigationing,0,1,1
investigative,0,2,2
investing,2,1,3
investment,4,3,7
investmentmultiplicator,0,1,1
investors,0,2,2
invi,1,0,1
invincible,0,1,1
invinsible,1,0,1
invinsibleee,1,0,1
invisalign,1,0,1
invisibility,0,2,2
invisible,6,1,7
invit,0,1,1
invitan,1,0,1
invitation,3,6,9
invitations,0,3,3
invite,50,69,119
invited,23,36,59
invites,5,8,13
inviting,2,1,3
invoke,1,0,1
involes,1,0,1
involuntary,1,1,2
involve,3,10,13
involved,21,19,40
involves,5,5,10
involving,2,1,3
involvment,0,1,1
inwsop,0,1,1
inxs,0,2,2
inyo,0,1,1
io,3,1,4
ioken,1,0,1
ion,1,3,4
iona,1,0,1
ione,0,1,1
iono,0,3,3
ioo,0,1,1
iop,0,1,1
ios,2,0,2
iota,0,1,1
iou,0,1,1
iow,1,1,2
iowa,8,9,17
iowafoodcoop,1,0,1
iowan,0,1,1
ip,4,7,11
ipa,2,1,3
ipernity,1,0,1
ipersonally,1,0,1
iph,0,1,1
iphome,2,0,2
iphon,1,0,1
iphone,240,202,442
iphoneapp,1,0,1
iphonefails,0,1,1
iphonegiveway,1,0,1
iphones,4,6,10
iphoneupdate,1,0,1
iphong,0,1,1
iphoto,1,2,3
iphrl,0,1,1
ipl,2,3,5
iplayer,1,4,5
ipo,1,0,1
ipod,87,51,138
ipoddd,0,1,1
ipods,2,1,3
ipost,1,0,1
ipressed,1,0,1
ipromise,1,0,1
ips,0,1,1
ipsec,0,2,2
ipsw,0,1,1
ipswich,0,1,1
ipt,1,1,2
iptf,0,1,1
ipv,4,0,4
ipw,1,0,1
iq,1,1,2
iql,0,1,1
ir,3,4,7
ira,1,1,2
iran,33,19,52
iranelection,67,12,79
iranian,5,3,8
iranians,4,1,5
iraq,4,5,9
iraqi,1,0,1
irby,0,1,1
irc,1,5,6
irce,0,1,1
ire,1,0,1
ireallyreallyhatemyhayfever,1,0,1
ireee,0,1,1
iregret,1,0,1
ireland,13,30,43
irelate,0,1,1
iremeber,1,0,1
iremember,195,3,198
irene,2,0,2
irenes,1,0,1
iresource,1,0,1
iri,0,1,1
irii,1,0,1
irish,12,11,23
irishman,0,1,1
irishrail,1,0,1
irisk,0,1,1
irissa,1,0,1
iriver,0,1,1
irl,11,8,19
irm,1,0,1
irn,1,3,4
iroha,0,1,1
iron,10,10,20
ironed,1,0,1
ironic,6,5,11
ironical,1,0,1
ironically,2,2,4
ironik,1,0,1
ironing,6,5,11
ironman,0,2,2
ironmike,1,0,1
irons,0,2,2
irony,7,7,14
irpinia,1,0,1
irradiate,0,1,1
irratating,0,1,1
irrational,1,2,3
irredescent,0,1,1
irregular,0,1,1
irrelevant,1,0,1
irrelevent,1,1,2
irresistable,0,2,2
irresponsibility,1,0,1
irresponsible,2,0,2
irrevocably,1,0,1
irrigate,0,1,1
irritable,1,1,2
irritate,1,1,2
irritated,4,2,6
irritating,1,2,3
irritatingly,0,1,1
irritation,1,0,1
irs,2,0,2
irukee,1,0,1
irvin,1,0,1
irvine,3,3,6
irwin,1,0,1
is,5870,6728,12598
isa,0,1,1
isaac,1,1,2
isabel,0,1,1
isabelle,2,0,2
isac,1,0,1
isaca,0,1,1
isadora,1,0,1
isahin,0,1,1
isaiah,0,1,1
isama,0,1,1
isang,1,2,3
isaw,1,0,1
isay,0,1,1
iscape,0,1,1
iscream,0,1,1
isdown,0,1,1
isee,1,0,1
iseeennnggg,0,1,1
iseelondoniseefrance,0,1,1
iseh,1,0,1
isembeck,0,1,1
isg,0,1,1
ish,29,41,70
ishh,0,1,1
ishhhh,0,1,1
ishkoborha,0,1,1
ishould,0,1,1
isi,0,1,1
isight,1,0,1
isis,0,1,1
isit,2,0,2
isla,0,1,1
islam,1,0,1
islamic,1,0,1
island,33,29,62
islands,2,2,4
isle,3,5,8
ism,2,0,2
isms,1,1,2
isn,1,1,2
isnt,49,58,107
iso,4,0,4
isock,1,0,1
isofa,0,1,1
isolate,1,0,1
isolated,1,0,1
isolation,2,0,2
isolde,0,1,1
isp,2,3,5
isps,0,1,1
israel,7,4,11
israeli,1,0,1
israels,0,1,1
isrealites,0,1,1
iss,0,3,3
issac,1,0,1
isshe,1,0,1
issit,1,0,1
isso,0,2,2
isss,0,2,2
issss,0,1,1
isssss,1,0,1
isssssss,0,1,1
issue,26,48,74
issued,1,1,2
issues,24,53,77
issuing,1,0,1
issuse,0,1,1
issy,2,0,2
ist,6,11,17
istanbul,1,0,1
istat,0,1,1
istayed,1,0,1
isthe,0,1,1
istheworst,1,0,1
istill,1,0,1
istillbelieve,1,0,1
istock,2,0,2
istockphoto,1,0,1
istora,0,1,1
istore,1,0,1
isu,1,1,2
isuck,0,1,1
isumthing,1,0,1
isupportthepeopleofiran,1,0,1
isvery,0,1,1
iswearididntlearnthisatall,1,0,1
it,8924,13400,22324
ita,2,1,3
itagg,1,3,4
itah,1,0,1
italain,0,1,1
italia,1,1,2
italiam,1,0,1
italian,12,18,30
italiano,0,1,1
italians,1,0,1
italic,1,0,1
italicised,1,0,1
italics,1,0,1
italk,1,0,1
italo,0,1,1
italy,21,32,53
itanium,0,1,1
itasa,0,1,1
itay,0,1,1
itb,1,0,1
itch,3,2,5
itches,3,3,6
itching,3,2,5
itchy,8,6,14
itcould,0,1,1
itd,0,5,5
itee,0,1,1
item,8,13,21
items,14,17,31
iteration,0,1,1
itfe,1,0,1
ith,1,0,1
ithaca,1,0,1
ither,0,2,2
ithu,1,0,1
itinerary,2,2,4
itis,0,1,1
itl,1,1,2
itll,2,3,5
itn,1,0,1
itoodles,0,1,1
itouch,4,5,9
itripsyouapart,0,1,1
its,1104,1428,2532
itsa,1,0,1
itsbetterthancrappymaui,1,0,1
itsc,2,0,2
itself,21,16,37
itsmyeyes,1,0,1
itsnt,1,0,1
itss,1,1,2
itsss,0,2,2
itssss,0,1,1
itstayloryall,1,0,1
itsucks,4,1,5
itsuckswhen,1,0,1
itt,4,6,10
ittrade,0,1,1
ittt,1,4,5
itttt,3,2,5
ittttt,0,2,2
itttttt,1,0,1
itttttttttttttttttttt,1,0,1
itty,1,0,1
itu,1,7,8
itunes,48,59,107
itung,0,1,1
ituos,1,0,1
itv,2,2,4
itw,0,1,1
itz,6,4,10
iuliusmall,1,0,1
iunea,0,1,1
iunno,1,1,2
iuno,0,2,2
ius,1,0,1
iusedtobescaredof,1,0,1
iusedtolove,1,0,1
iv,14,14,28
ivan,2,1,3
ivanna,1,0,1
ive,88,138,226
ivealwayswantedtosay,1,0,1
iver,0,1,1
ivey,1,0,1
ivf,1,0,1
iview,0,1,1
ivory,2,0,2
ivy,6,3,9
iw,2,0,2
iwaly,0,1,1
iwan,0,1,1
iwanna,1,0,1
iwannabewithyou,0,1,1
iwantahippoforchristmas,1,0,1
iweb,1,0,1
iwie,1,0,1
iwil,1,0,1
iwillnotbeafattychallenge,1,0,1
iwish,1,0,1
iwn,0,1,1
iwnf,1,0,1
iwny,0,2,2
iwon,0,1,1
iwould,1,0,1
iwouldntfollow,1,0,1
iwsnt,1,0,1
ixmedia,0,1,1
iy,0,2,2
iya,2,13,15
iyaa,2,1,3
iyaaa,1,2,3
iye,1,0,1
iyla,0,1,1
iym,1,0,1
iz,5,12,17
izea,0,1,1
izeafest,0,1,1
izeko,1,0,1
izing,1,0,1
izombie,1,0,1
izzard,0,1,1
izzie,0,1,1
izzle,0,1,1
izzy,2,1,3
ja,12,11,23
jaa,0,1,1
jaaaa,0,1,1
jaaaaa,0,1,1
jaaacckkkkk,1,0,1
jaaah,0,1,1
jaadu,1,0,1
jaana,0,1,1
jaazy,1,0,1
jab,3,1,4
jabari,1,0,1
jabber,2,2,4
jabbimackeho,1,0,1
jac,0,1,1
jaccuzi,1,0,1
jace,0,2,2
jack,42,29,71
jackari,1,0,1
jackass,1,1,2
jackasses,0,1,1
jackazz,1,0,1
jackb,1,0,1
jackbeef,1,0,1
jacke,0,1,1
jacked,1,4,5
jackelin,1,0,1
jackes,1,0,1
jacket,8,18,26
jackets,1,1,2
jackie,9,3,12
jackies,1,0,1
jackin,1,0,1
jackman,1,1,2
jackmans,0,1,1
jackpot,1,2,3
jacks,1,5,6
jackshit,1,0,1
jackson,12,7,19
jacksonville,3,2,5
jacksper,0,1,1
jackthat,0,1,1
jacky,2,1,3
jacob,11,7,18
jacobs,1,1,2
jacoby,1,0,1
jacqueline,0,1,1
jacques,0,2,2
jacqui,0,2,2
jacquis,1,0,1
jacuzzii,1,0,1
jacynta,1,0,1
jada,2,0,2
jade,3,3,6
jaded,1,2,3
jadeite,0,1,1
jaden,2,0,2
jaderade,1,0,1
jadey,0,1,1
jadi,0,3,3
jadik,0,1,1
jadilah,1,0,1
jadinya,1,1,2
jae,1,0,1
jaer,0,1,1
jafaking,0,1,1
jafar,1,0,1
jaffa,0,1,1
jag,1,2,3
jaga,0,1,1
jager,1,3,4
jagged,1,0,1
jagoan,0,1,1
jah,1,0,1
jahat,1,0,1
jahni,0,1,1
jai,2,5,7
jaiden,1,0,1
jaikbreak,1,0,1
jail,6,12,18
jailbreak,8,4,12
jailbroken,5,1,6
jails,1,0,1
jailtime,0,1,1
jaime,6,0,6
jaimes,1,0,1
jaipur,0,1,1
jaitley,1,0,1
jaja,2,4,6
jajaj,1,0,1
jajaja,0,3,3
jajajaja,1,0,1
jak,1,0,1
jakarta,4,8,12
jake,16,16,32
jakes,1,1,2
jako,1,0,1
jakrta,0,1,1
jalan,0,3,3
jalapeno,0,2,2
jalapenos,1,0,1
jaleo,0,1,1
jalisco,0,1,1
jaljeera,5,3,8
jalous,1,0,1
jalouse,0,2,2
jalwa,1,0,1
jam,26,26,52
jamaaaaas,1,0,1
jamacia,0,1,1
jamaica,0,5,5
jamaican,1,0,1
jamaicans,0,1,1
jamal,1,0,1
jamarcusssssss,1,0,1
jamba,4,3,7
james,28,32,60
jameson,1,0,1
jamestown,0,1,1
jamesy,1,0,1
jamez,0,1,1
jami,0,1,1
jamia,1,0,1
jamie,6,6,12
jamiereed,1,0,1
jamies,2,0,2
jammed,2,0,2
jammie,2,0,2
jammies,0,2,2
jammin,1,7,8
jamming,3,2,5
jammy,0,3,3
jams,3,3,6
jamsss,1,0,1
jamwee,1,0,1
jan,4,5,9
jana,0,1,1
janah,1,0,1
janam,0,1,1
jane,10,7,17
janelle,0,1,1
janes,1,0,1
janet,2,1,3
janetrigs,0,1,1
janetty,1,0,1
janey,0,1,1
jangan,0,1,1
jango,0,2,2
janicepcheng,0,1,1
janine,1,0,1
janis,0,1,1
janitor,1,2,3
jankee,1,0,1
janky,1,0,1
jano,1,0,1
janos,1,0,1
jantiny,1,0,1
january,6,14,20
jap,1,0,1
japadog,1,0,1
japan,15,24,39
japanese,15,12,27
japanesey,0,1,1
japantravel,0,1,1
japenes,1,0,1
japenese,1,0,1
japi,0,1,1
jaques,0,1,1
jar,2,1,3
jared,16,4,20
jaredleto,1,0,1
jargon,1,0,1
jarjar,0,1,1
jarrad,1,0,1
jarred,1,0,1
jarrett,2,0,2
jarron,1,0,1
jars,2,2,4
jarvis,1,0,1
jas,1,0,1
jase,0,1,1
jasey,1,0,1
jash,0,1,1
jask,0,1,1
jasmin,1,0,1
jasmine,2,3,5
jason,11,13,24
jasonboehle,1,0,1
jasper,4,3,7
jaspercoffee,0,1,1
jasperrrr,0,1,1
jass,0,1,1
jasson,0,1,1
jauh,0,2,2
jaunty,0,2,2
java,13,6,19
javafx,1,0,1
javaone,4,4,8
javascript,3,1,4
javi,0,2,2
jaw,4,4,8
jawo,0,1,1
jaws,1,1,2
jax,2,2,4
jaxon,1,0,1
jay,16,8,24
jayawardene,1,0,1
jaybanana,1,0,1
jayde,0,1,1
jaye,0,1,1
jayk,0,1,1
jaylor,0,1,1
jayme,0,1,1
jayne,1,0,1
jays,3,1,4
jaytee,1,0,1
jaywalking,1,0,1
jayz,0,1,1
jazz,8,10,18
jazzed,2,1,3
jazzmin,1,0,1
jazzy,2,3,5
jazzyjwella,1,0,1
jb,27,25,52
jbarsodmg,1,0,1
jbfbdb,1,1,2
jbiz,1,0,1
jbnoise,1,0,1
jbnoys,1,0,1
jboss,1,0,1
jbras,0,1,1
jbros,1,1,2
jbs,1,2,3
jbuck,1,0,1
jbwckz,1,0,1
jbyoutubesuspended,7,0,7
jc,2,2,4
jchutchins,2,0,2
jcook,1,0,1
jcp,1,1,2
jcs,0,1,1
jct,2,0,2
jd,2,2,4
jdedwards,2,0,2
jdepp,0,1,1
jdf,2,0,2
jdk,1,0,1
jdm,1,0,1
jdmu,1,0,1
jdnya,0,1,1
jdrama,0,1,1
jdrobasaur,0,1,1
je,7,5,12
jeaaaaannn,0,1,1
jeaaalooous,0,1,1
jeal,1,0,1
jealose,0,1,1
jealous,144,262,406
jealoused,0,1,1
jealousku,0,1,1
jealouss,1,0,1
jealousss,0,2,2
jealoussss,1,0,1
jealousssss,0,1,1
jealousssssss,1,0,1
jealousy,3,7,10
jealus,0,1,1
jealy,0,1,1
jean,4,5,9
jeanette,0,1,1
jeanine,0,1,1
jeannie,0,1,1
jeano,1,0,1
jeans,19,26,45
jeanz,1,0,1
jearous,1,1,2
jebediah,0,1,1
jebus,2,0,2
jedi,3,3,6
jeditable,1,0,1
jeebieness,0,1,1
jeebs,1,0,1
jeebus,0,1,1
jeeeeebus,0,1,1
jeeez,0,2,2
jeeeze,0,1,1
jeenat,0,1,1
jeep,4,6,10
jeepers,1,1,2
jeeps,1,0,1
jees,1,0,1
jeesh,0,1,1
jeez,9,13,22
jeeze,3,1,4
jeezy,1,0,1
jef,1,0,1
jeff,13,13,26
jeffarchuleta,0,1,1
jeffco,0,1,1
jefferson,0,1,1
jeffersons,0,1,1
jeffowens,1,0,1
jeffree,1,0,1
jeffrey,1,0,1
jeffs,0,2,2
jeffster,1,1,2
jeffy,1,0,1
jeg,1,0,1
jehovah,0,1,1
jeje,2,3,5
jejeje,0,2,2
jekll,0,1,1
jel,0,2,2
jelasin,0,1,1
jelek,0,2,2
jelious,0,1,1
jellies,1,0,1
jelliphiish,0,1,1
jello,0,1,1
jellojellybeangirl,0,1,1
jelly,4,13,17
jellybabies,0,1,1
jellybeans,0,1,1
jellysg,1,0,1
jelous,6,7,13
jelouse,0,1,1
jelz,1,0,1
jem,1,1,2
jemaine,0,3,3
jemand,0,1,1
jemi,3,1,4
jemma,1,0,1
jemput,1,0,1
jen,10,16,26
jenae,0,1,1
jenessa,0,1,1
jeni,1,0,1
jeniferever,0,1,1
jenine,1,0,1
jenizzle,0,1,1
jenn,4,2,6
jenna,4,3,7
jennarouse,1,0,1
jenner,0,2,2
jennette,0,1,1
jenni,0,3,3
jennie,1,0,1
jennifer,7,5,12
jennings,0,1,1
jenny,8,7,15
jennybennytoe,1,0,1
jensen,10,2,12
jeolous,1,0,1
jeopardy,2,0,2
jer,1,1,2
jerboas,0,1,1
jered,1,0,1
jeremiah,0,1,1
jeremih,3,0,3
jeremy,5,4,9
jeri,0,1,1
jericho,0,1,1
jerk,14,19,33
jerkface,1,0,1
jerking,0,2,2
jerkoff,1,0,1
jerks,3,6,9
jerksss,0,1,1
jerky,0,1,1
jero,0,1,1
jerrrrrk,0,1,1
jerry,8,2,10
jerrycurl,1,0,1
jerrys,3,0,3
jers,0,1,1
jersey,16,22,38
jerseylive,0,1,1
jerseys,0,3,3
jerusalem,0,1,1
jerz,1,2,3
jes,2,2,4
jesam,0,1,1
jess,15,19,34
jesscuuhh,1,0,1
jesse,8,3,11
jesses,1,0,1
jessi,1,0,1
jessica,4,11,15
jessicajoy,1,0,1
jessicastrust,1,0,1
jessicaveronica,2,0,2
jessies,0,1,1
jest,1,1,2
jester,1,0,1
jesus,18,17,35
jesussss,0,1,1
jet,12,9,21
jeter,2,0,2
jetix,2,0,2
jetlag,2,1,3
jetlagged,0,1,1
jetlsg,1,0,1
jetpack,1,0,1
jetplane,1,0,1
jets,0,3,3
jetskiing,0,1,1
jetta,2,0,2
jetting,0,1,1
jetzt,1,0,1
jevi,0,1,1
jevin,1,0,1
jew,1,1,2
jewelery,0,1,1
jeweller,0,1,1
jewellery,2,2,4
jewelry,7,5,12
jewelryeidoscopes,1,0,1
jewels,2,1,3
jewface,0,1,1
jewish,2,1,3
jews,1,0,1
jezza,0,1,1
jfc,1,0,1
jfk,4,1,5
jg,2,7,9
jghostdor,1,0,1
jgn,1,2,3
jh,1,0,1
jhajhaja,1,0,1
jhajhajhaa,1,0,1
jhand,1,0,1
jhastings,1,0,1
jhol,0,1,1
ji,3,1,4
jia,4,0,4
jian,0,1,1
jibe,0,1,1
jidodohin,0,1,1
jien,1,0,1
jig,0,1,1
jigga,1,0,1
jigglyparts,0,1,1
jigglypufff,0,1,1
jiggy,0,1,1
jights,0,1,1
jigsaw,1,0,1
jill,4,9,13
jilli,0,2,2
jillian,2,2,4
jillion,0,1,1
jim,8,19,27
jimbalagha,1,0,1
jimbo,0,1,1
jimi,1,1,2
jimithy,1,0,1
jimjams,1,0,1
jimmie,0,1,1
jimmy,20,20,40
jimmyjohnsonii,0,1,1
jin,1,1,2
jinak,1,0,1
jing,1,0,1
jingyi,1,0,1
jinky,0,1,1
jinn,1,0,1
jinx,2,2,4
jinxed,1,4,5
jinxers,0,1,1
jinxing,2,1,3
jipped,0,1,1
jira,0,1,1
jiska,1,0,1
jist,1,1,2
jitb,0,1,1
jitter,0,1,1
jittery,1,1,2
jittle,0,1,1
jive,4,1,5
jizz,5,0,5
jizzed,2,1,3
jizzersforlife,3,1,4
jizzin,1,0,1
jizzing,1,0,1
jizztastic,3,1,4
jj,2,5,7
jjj,0,2,2
jjohnson,1,0,1
jjust,0,1,1
jk,37,58,95
jkdbfljhksfnld,0,1,1
jkemp,1,0,1
jkgjhfdsaf,1,0,1
jkhl,0,1,1
jking,1,0,1
jkjk,0,2,2
jkk,1,0,1
jkkk,0,1,1
jkkkkk,0,1,1
jkkkkkkkkkkkkkkkkkkkkkkkk,0,1,1
jks,3,1,4
jkt,0,1,1
jl,0,1,1
jlc,2,0,2
jlew,1,0,1
jlm,0,1,1
jlsoffical,1,0,1
jm,2,2,4
jmac,1,1,2
jml,1,1,2
jmo,1,0,1
jmosley,1,0,1
jmu,0,1,1
jnn,1,0,1
jnr,0,1,1
jo,14,8,22
joahann,1,0,1
joan,1,3,4
joanne,1,0,1
joans,1,0,1
joaquin,1,1,2
job,218,270,488
jobbie,0,1,1
jobi,0,1,1
jobless,3,3,6
jobo,1,0,1
jobreqs,1,0,1
jobro,1,0,1
jobros,5,1,6
jobs,19,25,44
jobsite,1,0,1
jocat,0,1,1
jock,0,1,1
jockeys,0,1,1
jocking,0,1,1
jocobo,0,1,1
jodeci,1,0,1
jodi,1,0,1
jodie,4,1,5
jodieeeeeeee,1,0,1
jody,0,2,2
joe,42,32,74
joeduenwald,1,0,1
joel,5,3,8
joellen,1,0,1
joelm,0,1,1
joes,1,2,3
joesars,0,1,1
joeseph,0,1,1
joey,10,6,16
joeys,1,0,1
jog,5,0,5
joged,0,1,1
jogged,0,2,2
jogger,1,0,1
jogging,1,3,4
jogja,1,0,1
jogl,0,1,1
jogs,1,0,1
johalonos,1,0,1
johansson,1,0,1
john,42,36,78
johnathan,1,1,2
johnno,0,1,1
johnny,5,8,13
johnnyboyca,1,0,1
johno,1,0,1
johns,3,7,10
johnson,3,6,9
johorean,0,1,1
joie,0,1,1
joiking,0,1,1
join,78,110,188
joind,0,1,1
joined,16,31,47
joing,1,0,1
joinin,0,1,1
joining,11,22,33
joins,3,1,4
joint,8,5,13
joints,1,1,2
jojo,1,1,2
joke,46,56,102
joked,0,1,1
jokein,0,1,1
joker,2,0,2
jokes,19,39,58
jokessss,0,1,1
jokig,1,0,1
jokin,0,2,2
joking,16,20,36
jokinng,0,1,1
jolene,1,0,1
jolibees,0,1,1
jolie,4,2,6
joliet,1,1,2
jolin,1,0,1
jolly,2,5,7
jollybee,0,1,1
jolts,0,1,1
jomsocial,1,0,1
jon,36,25,61
jona,1,0,1
jonah,1,3,4
jonandkate,1,0,1
jonas,73,33,106
jonasbrothers,1,0,1
jonasbrothersworldtour,0,1,1
jonasfriends,1,0,1
jonashq,0,1,1
jonaskevin,11,1,12
jonaskevini,1,0,1
jonasliveonfb,1,0,1
jonasnewsongs,2,0,2
jonasparanoid,6,0,6
jonasss,0,1,1
jonaswebcast,4,0,4
jonathan,9,1,10
jonathanrknight,1,0,1
jonathon,1,0,1
jone,0,1,1
jones,9,11,20
jonesin,1,2,3
joness,1,0,1
jong,1,0,1
joni,1,1,2
jonne,0,1,1
jonny,0,6,6
jonnyzavant,1,0,1
jonowev,0,1,1
jonverseallstar,1,0,1
joo,0,2,2
joogle,1,0,1
joolz,0,1,1
joomla,2,6,8
jooob,0,1,1
jooooordan,0,1,1
joose,1,0,1
jordan,4,15,19
jordans,2,1,3
jorders,1,0,1
jordin,5,0,5
jordsta,0,1,1
jordyn,0,1,1
joren,1,0,1
joro,0,1,1
jors,0,1,1
jos,2,0,2
jose,4,3,7
joseph,8,2,10
josey,1,0,1
josh,11,8,19
joshb,0,1,1
joshh,0,1,1
joshie,0,1,1
joshua,2,0,2
joshyy,1,0,1
josie,2,1,3
joss,0,1,1
jostling,1,0,1
joszeff,1,0,1
jotted,1,0,1
jottonia,2,0,2
journal,4,4,8
journaling,0,1,1
journalism,5,3,8
journalist,1,5,6
journalists,4,0,4
journalous,0,1,1
journaloust,0,1,1
journals,0,3,3
journchat,0,1,1
journey,20,10,30
journeys,1,0,1
journo,1,2,3
joust,0,1,1
joven,1,0,1
jovi,1,1,2
joy,35,20,55
joyce,1,0,1
joyelli,1,0,1
joyful,2,2,4
joyfull,0,1,1
joyous,1,0,1
joys,7,6,13
jozi,0,1,1
jp,3,4,7
jpeg,0,1,1
jpg,1,0,1
jplopen,1,0,1
jpn,0,2,2
jpop,1,0,1
jppppp,1,0,1
jquery,7,3,10
jqueryui,1,0,1
jr,4,11,15
jrd,1,0,1
jrk,1,0,1
jrm,1,0,1
jrock,1,0,1
js,3,0,3
jscott,1,0,1
jsdeuioslkdjfh,1,0,1
jsem,1,0,1
jsf,1,0,1
jsizzle,1,0,1
json,1,0,1
jst,18,13,31
jsut,1,0,1
jswift,1,0,1
jsyk,0,1,1
jt,3,6,9
jta,0,1,1
jte,1,0,1
jtree,0,1,1
jtv,3,2,5
ju,2,1,3
jua,0,2,2
juaa,1,0,1
juan,3,5,8
juana,0,1,1
juanita,0,1,1
juanito,0,1,1
juba,1,0,1
jubbliesssss,1,0,1
jubii,1,0,1
jubilee,0,2,2
jubu,0,2,2
jucator,0,1,1
judas,0,1,1
judd,0,1,1
jude,2,2,4
judge,17,11,28
judged,1,1,2
judgee,1,0,1
judgement,4,2,6
judgemental,0,1,1
judges,1,3,4
judging,3,7,10
judgmental,1,2,3
judgments,0,1,1
judgy,1,0,1
judicial,0,1,1
judiciary,1,1,2
judith,1,1,2
judy,0,1,1
jueves,1,0,1
jug,2,1,3
juga,2,3,5
juggernaut,2,1,3
juggernauts,1,0,1
juggle,0,1,1
jugglecon,1,0,1
juggler,0,1,1
juggling,3,2,5
jugs,0,1,1
juho,1,0,1
jui,1,0,1
juice,18,17,35
juiced,1,0,1
juiceless,0,1,1
juicepak,0,1,1
juices,3,3,6
juicin,0,1,1
juicy,4,1,5
juise,1,0,1
juju,1,1,2
jule,0,1,1
juleps,0,1,1
jules,2,2,4
juli,0,1,1
julia,4,8,12
julian,12,5,17
juliana,1,0,1
julianne,1,1,2
julias,0,1,1
julie,5,4,9
julien,0,1,1
juliet,1,2,3
juliette,1,0,1
julio,0,1,1
julius,0,1,1
jullian,1,0,1
july,70,100,170
julz,0,1,1
jum,0,1,1
jumate,1,0,1
jumbled,0,1,1
jumbo,1,0,1
jumbotron,1,0,1
jump,25,27,52
jumpa,2,0,2
jumpdrive,2,0,2
jumped,12,6,18
jumper,0,1,1
jumpers,1,1,2
jumpin,0,2,2
jumping,8,10,18
jumpnow,0,2,2
jumps,4,1,5
jumpy,2,0,2
jun,1,4,5
juncity,1,0,1
june,101,125,226
jungian,1,1,2
jungle,4,6,10
juni,1,0,1
junina,0,1,1
junior,7,4,11
juniors,0,1,1
junk,7,10,17
junkbox,0,1,1
junkie,1,2,3
junkies,1,0,1
junkiez,0,1,1
junkmail,0,1,1
junky,1,0,1
juno,3,2,5
junpei,0,1,1
junt,1,0,1
junu,0,1,1
junxion,1,0,1
jupiler,0,1,1
jupiter,2,4,6
juppy,1,0,1
jurassic,0,2,2
juries,1,1,2
jurnalisti,1,0,1
jurnalistica,0,1,1
jurong,0,3,3
juror,0,1,1
jury,5,1,6
jus,57,51,108
jush,0,1,1
juss,6,4,10
jussssst,0,1,1
jusst,1,0,1
just,2962,3903,6865
justcause,1,0,1
juste,0,1,1
justed,1,0,1
justement,0,1,1
justhad,1,0,1
justice,6,4,10
justices,0,1,1
justie,1,0,1
justifiable,0,1,1
justification,1,0,1
justified,1,2,3
justify,2,3,5
justifying,0,1,1
justin,13,10,23
justine,1,0,1
justins,1,0,1
justjaredjunior,1,0,1
justnow,0,1,1
justsaw,1,0,1
justsayin,1,1,2
justsignal,0,1,1
justsouknow,1,0,1
justwhy,1,0,1
justy,0,1,1
justyn,1,0,1
jusus,1,0,1
jusy,1,1,2
jut,0,2,2
juts,1,0,1
juuu,1,0,1
juuuust,1,0,1
juuuusttttt,0,1,1
juuuuuuuust,0,1,1
juuuuuuuuuuudeeee,0,1,1
juve,1,0,1
juvenile,1,0,1
juvenstus,1,0,1
juventude,0,1,1
juventus,1,1,2
juwon,1,0,1
jux,1,0,1
juz,4,4,8
jv,0,1,1
jw,1,1,2
jwalker,1,0,1
jwz,1,0,1
jynx,1,0,1
jz,1,2,3
ka,10,22,32
kaaaaa,0,1,1
kaaay,1,0,1
kaam,1,0,1
kaau,0,1,1
kaayy,0,1,1
kabab,1,0,1
kabar,0,1,1
kabarin,0,1,1
kabarkada,1,0,1
kabelbw,1,0,1
kablam,1,0,1
kabob,1,1,2
kachat,2,0,2
kaci,1,0,1
kadalundy,0,1,1
kaddy,0,1,1
kade,1,0,1
kado,2,0,2
kafooo,0,1,1
kafu,1,0,1
kagak,0,1,1
kagaling,0,1,1
kaggle,2,0,2
kahit,0,3,3
kahli,1,0,1
kahne,2,0,2
kai,2,1,3
kailan,0,1,1
kailangan,0,1,1
kailee,1,0,1
kailey,0,1,1
kailynn,0,1,1
kainan,0,1,1
kainis,0,1,1
kaip,0,1,1
kaise,1,0,1
kaiser,2,1,3
kaiserslautern,0,1,1
kait,1,0,1
kaiten,0,1,1
kaitlyn,1,0,1
kajol,0,1,1
kak,1,2,3
kaka,1,0,1
kakak,0,1,1
kakapalit,1,0,1
kaki,0,1,1
kal,1,0,1
kalau,0,1,1
kale,0,2,2
kaleidoscope,1,0,1
kalhua,0,1,1
kali,1,2,3
kalian,2,0,2
kalled,1,0,1
kallis,1,0,1
kallsz,1,0,1
kalo,1,2,3
kalua,1,0,1
kalyas,0,1,1
kam,1,1,2
kama,2,0,2
kamar,0,1,1
kami,2,3,5
kaming,1,0,1
kamis,0,1,1
kamnet,1,0,1
kampung,1,0,1
kamu,1,0,1
kamukha,0,1,1
kamusta,1,1,2
kan,3,7,10
kanaan,1,0,1
kanckered,0,1,1
kandi,2,1,3
kandie,1,0,1
kane,4,4,8
kang,1,0,1
kangaroo,1,1,2
kangaroor,1,0,1
kangkung,1,0,1
kani,0,1,1
kanina,1,4,5
kanishka,0,1,1
kanji,0,1,1
kanker,0,1,1
kanneganti,1,0,1
kannte,0,1,1
kannu,0,1,1
kanpur,1,0,1
kanpuriya,1,0,1
kansas,5,5,10
kant,0,3,3
kanye,7,5,12
kaon,0,1,1
kaos,1,0,1
kaoss,0,1,1
kaotic,0,1,1
kapag,0,1,1
kapatid,0,1,1
kapoor,1,0,1
kapotlachen,0,1,1
kapow,1,1,2
kapsel,0,1,1
kar,5,0,5
kara,1,1,2
karachi,2,0,2
karaoke,2,7,9
karat,1,0,1
karate,1,2,3
kardashian,0,4,4
kardashians,2,1,3
kare,0,1,1
kareem,1,0,1
kareena,0,1,1
karen,6,4,10
karenge,1,0,1
karenwild,1,0,1
kareoke,1,1,2
kareokee,0,1,1
karev,1,0,1
kari,0,2,2
karidosai,1,0,1
karim,0,1,1
karina,0,2,2
karine,1,0,1
karinne,1,0,1
karl,1,3,4
karla,1,1,2
karleys,0,1,1
karli,1,0,1
karly,1,1,2
karma,5,7,12
karmada,1,0,1
karna,1,0,1
karo,1,1,2
karol,1,0,1
karon,1,0,1
kart,1,1,2
kartikakasih,1,0,1
karting,0,2,2
kartini,1,1,2
kasabian,1,0,1
kasem,1,0,1
kasey,2,0,2
kashmir,1,0,1
kashrut,1,0,1
kashtam,0,1,1
kasi,6,9,15
kasia,0,1,1
kasian,0,1,1
kaso,1,0,1
kaspa,1,0,1
kasparov,0,1,1
kaspersky,1,0,1
kat,10,4,14
katamari,0,1,1
katanya,1,0,1
katarinaa,0,1,1
katchy,1,0,1
kate,36,24,60
katelyn,0,4,4
kates,0,1,1
katey,2,0,2
kateyy,0,1,1
kath,1,0,1
katharine,1,0,1
katherine,2,1,3
kathi,0,2,2
kathleen,4,0,4
kathryn,2,0,2
kathrynkinney,1,0,1
kathy,2,7,9
katie,19,8,27
katies,1,1,2
katis,1,0,1
katjrobertson,1,0,1
katrina,0,3,3
kats,1,0,1
katsu,0,1,1
katt,1,1,2
kattetweets,0,1,1
katy,9,4,13
katycat,0,1,1
katyperry,1,0,1
katysmiles,1,0,1
katyy,0,1,1
kauai,1,0,1
kav,1,0,1
kaw,0,2,2
kawasaki,0,1,1
kawawaface,1,0,1
kay,12,19,31
kaya,2,3,5
kayaaa,1,0,1
kayak,1,0,1
kayaking,1,1,2
kayakny,0,1,1
kayaks,1,0,1
kaye,1,0,1
kayla,3,5,8
kaylamtuttle,1,0,1
kaylee,1,1,2
kayleigh,1,0,1
kayley,1,1,2
kayo,0,2,2
kaysa,1,0,1
kaytie,1,0,1
kayveepee,1,0,1
kayyy,0,1,1
kazillionaire,0,1,1
kazmir,0,1,1
kb,4,4,8
kbal,1,0,1
kbez,1,0,1
kbps,3,2,5
kbye,1,0,1
kc,4,10,14
kca,1,1,2
kce,0,1,1
kcs,1,1,2
kd,0,2,2
kde,1,0,1
kdot,0,1,1
kdramas,0,1,1
ke,10,7,17
keahey,1,0,1
keane,0,2,2
keanu,0,1,1
keating,1,1,2
keaton,0,1,1
keave,0,1,1
kebab,1,1,2
kebabking,1,0,1
kebabs,1,0,1
kebaya,0,1,1
kebdg,1,0,1
keeeeep,1,0,1
keeep,0,1,1
keegan,0,1,1
keele,1,0,1
keeley,0,1,1
keely,1,0,1
keem,0,1,1
keemie,1,0,1
keen,3,7,10
keener,1,0,1
keenochan,1,0,1
keep,364,485,849
keepeing,0,1,1
keeper,3,4,7
keepers,1,1,2
keepign,0,1,1
keepin,3,6,9
keeping,47,36,83
keepn,0,1,1
keeps,61,54,115
keer,1,0,1
keerstin,1,0,1
keg,1,1,2
kegels,1,0,1
keh,0,1,1
keibler,0,1,1
keiki,0,1,1
keila,0,1,1
kein,3,1,4
keine,0,1,1
keith,2,4,6
kejang,0,1,1
kekai,1,0,1
keke,1,1,2
keknya,0,2,2
kel,1,1,2
kela,0,1,1
kelamaan,1,0,1
kelan,0,1,1
kelar,1,0,1
kelby,0,1,1
kelkheim,0,1,1
kellan,2,1,3
keller,1,0,1
kelleys,1,0,1
kelli,2,0,2
kellie,1,2,3
kellis,1,0,1
kellly,1,0,1
kells,0,2,2
kelly,13,13,26
kellyg,1,0,1
kellyofficial,0,1,1
kellys,0,2,2
kellz,0,1,1
kelsey,4,5,9
kelso,1,1,2
keluar,0,1,1
kelz,0,2,2
kema,1,0,1
kemalasan,0,1,1
kemnay,1,0,1
kemp,1,0,1
kempton,0,1,1
ken,5,3,8
kena,1,1,2
kenan,1,0,1
kendal,0,1,1
kendall,1,0,1
kendra,2,2,4
kendrick,1,0,1
kendrickkkk,0,1,1
kendricks,1,0,1
kenduri,0,1,1
kenin,0,1,1
kenjhons,1,0,1
kennedy,3,1,4
kennel,0,1,1
kennels,1,0,1
kenneth,2,0,2
kenney,1,0,1
kenny,3,3,6
kennywood,0,2,2
keno,0,1,1
kenseth,2,0,2
kenshin,1,0,1
kent,1,2,3
kentucky,2,2,4
kenyang,0,1,1
kenz,1,0,1
kenzie,1,0,1
keough,1,0,1
kepp,0,1,1
kept,32,52,84
kepto,0,1,1
ker,1,0,1
kerala,0,1,1
kerap,0,1,1
keren,1,0,1
keri,3,3,6
kering,0,1,1
kerman,0,1,1
kernal,0,1,1
kerosene,1,0,1
kerr,0,1,1
kerrang,2,1,3
kerrie,3,0,3
kerry,1,2,3
kers,0,1,1
kes,1,0,1
kesel,1,1,2
kesfeh,0,1,1
kesini,0,3,3
kestra,1,0,1
keswick,1,2,3
ketchup,4,3,7
ketei,0,1,1
kethryvis,1,0,1
ketinggalantah,0,1,1
kettle,3,2,5
kettlebell,0,1,1
keturunan,0,1,1
keurig,0,2,2
kev,2,4,6
kevin,22,19,41
kevinjonas,12,1,13
kevinlove,1,0,1
kevinpm,1,0,1
kevlar,0,1,1
kevy,1,0,1
kew,1,0,1
kewajiban,1,0,1
kewl,3,6,9
key,34,29,63
keybindings,1,0,1
keyboard,14,25,39
keyboards,1,3,4
keykaa,0,1,1
keyko,1,0,1
keynes,0,1,1
keynote,4,2,6
keynotes,1,0,1
keypad,1,0,1
keys,16,17,33
keysinmahcar,1,0,1
keystrokes,0,1,1
keyword,2,2,4
keywords,2,4,6
kf,0,1,1
kfc,5,4,9
kfcphilippines,1,0,1
kfff,0,1,1
kfjhds,1,0,1
kfm,0,1,1
kg,5,1,6
kgs,1,1,2
kh,2,4,6
khabar,0,1,1
khaled,1,0,1
khalisha,1,0,1
khamenei,5,0,5
khan,3,0,3
kharab,1,1,2
kharach,1,0,1
khareedna,1,0,1
khateebs,1,0,1
khatz,1,0,1
khayal,0,1,1
khedra,1,0,1
khemu,0,1,1
khen,1,0,1
khi,0,1,1
khmer,1,0,1
khmm,0,1,1
kho,1,0,1
khoan,0,1,1
khong,1,0,1
khonnor,1,0,1
khorovats,0,1,1
khris,1,0,1
kht,0,2,2
khushi,0,1,1
khusus,0,1,1
khuuuuuuub,1,0,1
ki,5,4,9
kian,0,1,1
kiana,0,2,2
kiang,0,1,1
kiara,2,0,2
kibler,1,0,1
kibum,1,0,1
kichen,0,1,1
kick,51,56,107
kickarse,0,1,1
kickass,1,2,3
kickball,2,1,3
kickboxing,0,1,1
kicked,16,18,34
kickiiinnnnn,0,1,1
kickin,0,4,4
kicking,10,19,29
kickingandscreaming,0,1,1
kickoff,3,2,5
kicks,10,9,19
kickstart,1,1,2
kid,84,74,158
kida,1,0,1
kidd,2,1,3
kidded,0,1,1
kidden,0,1,1
kiddie,0,1,1
kiddies,1,2,3
kiddin,1,6,7
kidding,46,75,121
kiddman,0,1,1
kiddo,4,5,9
kiddos,2,7,9
kiddy,1,0,1
kidless,1,1,2
kidlet,2,0,2
kidlets,0,1,1
kidnap,2,5,7
kidnapped,3,3,6
kidnapping,1,0,1
kidney,5,2,7
kidneys,1,0,1
kidneythieves,1,0,1
kidoooo,1,0,1
kids,130,183,313
kidssssssss,1,0,1
kidtokid,1,0,1
kieran,1,0,1
kiersten,1,0,1
kies,1,0,1
kii,0,3,3
kiidding,1,0,1
kiiiiiit,1,0,1
kiiiiim,0,1,1
kiiiiinda,1,0,1
kiis,2,1,3
kikcked,1,0,1
kike,1,0,1
kiki,1,1,2
kikiam,1,0,1
kikies,0,1,1
kilburn,1,0,1
kildare,1,0,1
kileen,1,0,1
kilimanjaro,1,0,1
kilkenny,1,1,2
kill,72,71,143
killa,1,1,2
killah,1,0,1
killarney,1,0,1
killaz,1,0,1
killd,1,0,1
killed,30,32,62
killer,16,22,38
killers,5,9,14
killhouse,1,0,1
killied,1,0,1
killin,3,2,5
killing,45,30,75
killings,1,0,1
killlla,0,1,1
killlllll,1,0,1
kills,9,10,19
killyourself,2,0,2
killzone,0,2,2
kilo,1,0,1
kilometer,1,0,1
kilos,1,0,1
kilt,2,1,3
kilter,0,1,1
kilts,0,2,2
kim,14,10,24
kimball,0,1,1
kimberley,1,0,1
kimberly,1,1,2
kimi,4,2,6
kimikee,0,1,1
kimk,0,1,1
kimmel,3,4,7
kimmell,0,1,1
kimmii,1,0,1
kimmoinsanity,1,0,1
kimmy,2,1,3
kimono,0,1,1
kimora,0,4,4
kimya,1,0,1
kin,2,3,5
kina,1,1,2
kinalaman,0,1,1
kind,143,240,383
kinda,156,198,354
kinddaa,0,1,1
kinddda,1,0,1
kinder,0,2,2
kindergarden,3,0,3
kindergarten,2,2,4
kindest,0,1,1
kindle,5,11,16
kindly,5,6,11
kindness,10,1,11
kindof,2,0,2
kindred,1,1,2
kinds,8,8,16
kindy,1,0,1
kinf,0,1,1
king,29,34,63
kingaussie,1,0,1
kingdom,7,3,10
kingdomhearts,1,0,1
kingfishers,1,0,1
kingpen,1,0,1
kings,13,19,32
kingsofleah,1,0,1
kingston,2,2,4
kinked,0,1,1
kinkier,0,1,1
kinks,0,2,2
kinky,5,1,6
kinna,0,1,1
kinnda,1,0,1
kino,0,1,1
kinsale,0,1,1
kinsella,0,2,2
kiosk,2,0,2
kip,1,2,3
kipro,1,0,1
kirby,1,1,2
kirin,0,1,1
kirk,1,5,6
kirkman,0,1,1
kirks,0,1,1
kiro,0,1,1
kirsha,0,1,1
kirst,1,0,1
kirsten,0,1,1
kirstenamber,1,0,1
kirstie,1,3,4
kirstiealley,1,0,1
kishimoto,1,0,1
kiss,49,43,92
kissed,7,6,13
kisser,1,0,1
kisses,27,41,68
kissimmee,1,1,2
kissing,7,2,9
kisskass,1,0,1
kissy,3,0,3
kit,5,14,19
kita,4,7,11
kitchen,23,32,55
kitchens,1,0,1
kite,3,1,4
kites,1,0,1
kiteshi,0,1,1
kitkat,0,1,1
kitkats,1,0,1
kits,1,1,2
kitteh,1,2,3
kittehs,2,2,4
kitten,10,12,22
kittens,6,9,15
kittie,1,0,1
kitties,6,8,14
kittle,0,1,1
kittu,1,0,1
kitty,29,41,70
kittycat,0,1,1
kittykat,1,0,1
kittyrant,1,0,1
kittys,0,1,1
kiwi,2,1,3
kiwis,3,2,5
kix,2,1,3
kiya,0,3,3
kiyyah,1,0,1
kj,3,0,3
kjhaj,0,1,1
kjs,1,0,1
kk,6,10,16
kkk,1,0,1
kkkk,1,0,1
kkkkkkkkkkkkk,0,1,1
kkob,1,0,1
kkr,2,0,2
kku,1,0,1
kl,3,8,11
klang,0,1,1
klappt,1,0,1
klara,0,1,1
klas,1,0,1
klatch,1,0,1
klausur,0,1,1
klbk,0,1,1
klcc,1,0,1
klccc,1,0,1
kleenex,0,1,1
kleigh,1,0,1
klejsjfksjf,1,0,1
klenger,1,0,1
klepto,0,1,1
klfjhadsklfhk,1,0,1
kliens,1,0,1
kline,0,2,2
klinkt,0,1,1
klint,0,1,1
klk,1,0,1
klo,0,3,3
kloee,1,0,1
klondike,1,0,1
kls,0,1,1
kluka,1,0,1
km,4,4,8
kmarin,0,1,1
kmart,1,1,2
kmn,0,1,1
kmrn,0,2,2
kms,0,2,2
kmu,0,1,1
kmymoney,0,1,1
kn,2,0,2
knack,1,1,2
knackerd,1,0,1
knackered,3,6,9
knal,0,2,2
knead,1,1,2
knee,19,24,43
kneed,1,0,1
kneeling,1,1,2
kneepads,0,1,1
knees,6,3,9
knew,100,155,255
knewww,0,1,1
kng,1,0,1
knick,1,0,1
knickers,0,1,1
knicks,0,1,1
knife,3,6,9
knight,7,14,21
knightpkf,1,0,1
knights,2,2,4
knighty,0,1,1
knina,1,0,1
knit,2,3,5
knitta,0,1,1
knitted,1,1,2
knitterati,0,1,1
knitting,1,8,9
knittings,0,1,1
knives,0,2,2
kno,40,89,129
knob,1,0,1
knobduddy,1,0,1
knocauseeee,1,0,1
knock,13,15,28
knocked,9,10,19
knockin,1,0,1
knocking,1,6,7
knockoff,1,0,1
knockonwood,0,1,1
knockout,0,1,1
knockouts,1,0,1
knocks,2,1,3
knoe,1,2,3
knok,0,1,1
knokk,1,0,1
knoo,0,2,2
knooo,1,1,2
knoooo,1,2,3
knooooo,0,2,2
knoooooow,0,1,1
knooooow,0,5,5
knoooow,1,4,5
knooow,3,5,8
knoow,3,2,5
knooww,0,2,2
knoppers,0,1,1
knoright,0,1,1
knos,1,0,1
knots,2,0,2
knotted,1,0,1
know,1766,2845,4611
knowin,1,0,1
knowing,24,32,56
knowingly,0,1,1
knowle,1,0,1
knowledgable,1,1,2
knowledge,11,15,26
knowledgeable,1,1,2
known,29,48,77
knows,66,76,142
knoww,6,8,14
knowww,2,7,9
knowwww,1,4,5
knowwwww,0,1,1
knox,1,1,2
knp,0,1,1
knsee,1,0,1
knt,0,1,1
knuckle,0,1,1
knurl,1,0,1
knw,13,18,31
knwldge,0,1,1
knwo,1,1,2
knwwww,0,1,1
ko,18,20,38
koala,1,3,4
koalas,1,0,1
kobbeee,0,1,1
kobe,10,12,22
kobes,1,0,1
kobi,0,1,1
kobr,0,1,1
kodak,1,1,2
kodakkkan,0,1,1
kodakoda,1,0,1
kodanad,0,1,1
kodiak,0,2,2
kodithe,0,1,1
kodo,1,0,1
kodocha,1,0,1
kodumai,0,1,1
koeken,0,1,1
koffiekoeken,1,0,1
kofta,0,1,1
kohl,0,1,1
kohls,1,0,1
koi,1,1,2
koji,0,1,1
kojima,0,1,1
kok,2,3,5
kokomo,1,0,1
kol,1,3,4
kola,0,1,1
koli,1,0,1
kolkata,2,1,3
kollene,0,1,1
kolors,1,0,1
kom,1,0,1
komen,0,1,1
kommt,1,0,1
komodo,1,0,1
komp,0,1,1
kompis,1,0,1
komplain,0,1,1
komputer,1,0,1
kona,1,1,2
konar,1,0,1
kong,4,6,10
konser,0,1,1
konsuy,1,0,1
konw,0,1,1
koo,1,1,2
kooda,1,0,1
koogle,1,0,1
kooks,5,1,6
kooky,0,1,1
kool,10,18,28
koolaid,0,1,1
koolcatandwakey,0,1,1
koolin,1,0,1
koool,0,1,1
kooooool,0,1,1
kooza,0,1,1
kop,1,0,1
kopplookk,1,0,1
korar,0,1,1
korbe,0,1,1
kord,0,1,1
korea,4,6,10
korean,8,3,11
koreans,1,0,1
korg,0,1,1
korgath,0,1,1
korn,3,3,6
kors,0,1,1
kortnee,0,1,1
kose,0,1,1
kosher,4,0,4
kosherfail,1,0,1
kosme,1,0,1
kosovo,0,1,1
kot,1,2,3
kota,0,2,2
kotaku,0,2,2
kotek,0,1,1
koto,0,2,2
kotor,1,1,2
kotym,0,1,1
kouldnt,1,0,1
kousagi,1,0,1
kovu,0,1,1
kow,0,1,1
koxp,2,0,2
koz,1,0,1
kp,3,0,3
kpc,1,0,1
kph,1,0,1
kpn,1,0,1
kqs,1,0,1
kr,1,2,3
krakow,1,1,2
krall,0,1,1
krambles,0,1,1
krank,1,0,1
krasinski,0,1,1
kraut,1,1,2
krazy,2,0,2
kreactive,0,1,1
kream,0,2,2
kreme,5,4,9
kremes,1,0,1
kreyol,0,1,1
krijg,0,1,1
kripsy,0,1,1
kris,13,17,30
kriscut,0,1,1
kriselle,0,1,1
krisflyer,3,0,3
krishna,0,1,1
krisis,0,1,1
krispie,1,0,1
krispies,0,1,1
krisprolls,0,1,1
krispy,6,3,9
krista,0,1,1
kristel,1,0,1
kristen,8,7,15
kristi,1,2,3
kristian,2,1,3
kristie,1,1,2
kristin,4,2,6
kristina,1,0,1
kristine,0,1,1
kristis,1,0,1
kristofferson,1,0,1
kristy,2,1,3
krisy,0,1,1
krn,1,0,1
kroger,1,0,1
kroner,1,0,1
kroq,0,1,1
krub,2,0,2
krucial,1,0,1
krudd,1,0,1
krugman,0,1,1
krush,1,0,1
krwci,0,1,1
kryptik,1,0,1
krys,1,1,2
kryss,1,0,1
krystal,0,2,2
krystuhl,1,0,1
kryten,0,1,1
krzykee,1,0,1
ks,2,0,2
ksa,0,2,2
ksaying,0,1,1
ksc,1,0,1
kse,0,1,1
ksi,0,1,1
kstew,3,1,4
kstewart,0,1,1
kswizzle,1,0,1
kt,0,2,2
ktbpa,0,1,1
ktbsbpa,0,1,1
ktbspa,1,5,6
ktemu,0,1,1
kthanksbai,1,0,1
kthnx,1,1,2
kthnxbai,1,0,1
kthx,0,1,1
kthxbai,1,0,1
ktulu,0,1,1
ktv,1,0,1
ktymtrfngt,0,1,1
ku,3,1,4
kuai,0,1,1
kuala,0,2,2
kuan,1,0,1
kubotan,0,1,1
kuby,1,0,1
kuch,2,2,4
kud,1,0,1
kudasai,1,0,1
kudi,0,1,1
kudos,6,7,13
kudu,0,1,1
kugis,1,0,1
kuiken,0,1,1
kujhvc,1,0,1
kuliah,1,0,1
kult,1,0,1
kumar,1,1,2
kumbaya,1,0,1
kumble,2,0,2
kumo,1,0,1
kumon,1,1,2
kunal,0,1,1
kundero,1,0,1
kung,4,7,11
kuningan,0,1,1
kuntah,1,0,1
kupoley,0,1,1
kupono,0,2,2
kurang,0,3,3
kuri,1,0,1
kurt,1,0,1
kurtis,1,0,1
kus,0,2,2
kush,0,1,1
kuta,0,1,1
kutcher,0,4,4
kutcherized,0,1,1
kute,0,1,1
kutie,2,0,2
kutner,0,1,1
kuwaiti,1,0,1
kuya,1,5,6
kuyper,0,1,1
kuz,2,0,2
kv,0,1,1
kvetch,0,1,1
kwa,1,0,1
kwan,1,1,2
kwau,0,1,1
kwaz,1,0,1
kwek,2,0,2
kwento,2,2,4
kwentuhan,0,1,1
kwlio,0,1,1
kwod,1,3,4
kwokwokwo,0,1,1
kwon,2,0,2
kworth,1,0,1
kxi,0,1,1
ky,7,5,12
kya,1,5,6
kyknya,0,1,1
kyla,2,0,2
kyle,3,9,12
kylee,1,0,1
kyles,1,1,2
kylester,0,1,1
kylie,3,3,6
kyliebt,1,0,1
kyokyo,1,0,1
kyoot,1,0,1
kyra,1,0,1
kyras,1,0,1
kyte,7,1,8
kytemovies,1,0,1
kyuhyun,1,0,1
kz,0,1,1
kzoo,0,1,1
la,104,121,225
laa,0,3,3
laaaaaane,0,1,1
laaaaaave,1,0,1
laaaame,0,2,2
laaaate,0,1,1
laaaater,1,0,1
laaah,1,0,1
laaameee,1,0,1
laaammmeeee,1,0,1
laaater,1,0,1
laaavee,1,0,1
laan,1,0,1
laat,1,0,1
lab,11,10,21
labahin,1,0,1
label,7,2,9
labeled,1,2,3
labeling,1,0,1
labels,3,1,4
labelwriter,1,0,1
labeouf,3,0,3
labi,1,0,1
labor,3,4,7
laboratories,0,1,1
labour,6,2,8
labourers,0,2,2
labours,0,1,1
labradors,0,1,1
labron,1,1,2
labs,0,2,2
labyrinth,1,0,1
lac,0,1,1
lace,2,2,4
lacey,2,1,3
laceylynnwilliams,1,0,1
lach,0,1,1
lachen,1,0,1
lachey,1,0,1
lack,34,31,65
lacked,1,0,1
lackey,0,1,1
lacking,3,3,6
lackluster,1,0,1
lacks,2,2,4
laconica,1,0,1
lacroix,0,1,1
lacrosse,1,1,2
lactaid,1,1,2
lactation,1,0,1
lacto,1,0,1
lactose,0,2,2
lad,5,1,6
ladages,1,0,1
ladakh,0,1,1
ladder,0,2,2
ladders,1,0,1
ladeh,0,1,1
lades,1,0,1
ladie,0,1,1
ladies,39,56,95
ladiez,0,1,1
lads,2,1,3
lady,79,112,191
ladybirds,1,0,1
ladybug,1,0,1
ladygaga,2,0,2
ladygame,0,1,1
ladypoo,0,1,1
ladys,1,0,1
ladywood,1,0,1
laemelle,0,1,1
laertesgirl,1,0,1
lafd,1,0,1
laff,2,1,3
lafferty,0,1,1
laffing,1,0,1
lafilmfest,0,1,1
lafjlafndalkdsjagl,1,0,1
lag,3,5,8
lagann,1,0,1
lager,0,1,1
lagerfeld,2,0,2
lagged,2,0,2
lagging,0,1,1
laggy,1,0,1
laggyyy,0,1,1
lagi,1,1,2
lagias,0,1,1
lagniappe,1,0,1
lagos,1,0,1
lags,1,0,1
lagu,0,1,1
laguardia,1,0,1
laguna,0,2,2
lah,7,10,17
lahat,4,3,7
lahh,0,2,2
lahha,1,0,1
lahore,5,0,5
lai,0,1,1
laica,0,1,1
laicaaaa,0,1,1
laid,12,5,17
laida,1,0,1
laidley,1,0,1
lain,3,2,5
laina,1,0,1
laiter,0,1,1
laka,0,1,1
lake,19,19,38
lakefront,0,1,1
laker,9,6,15
lakerita,1,0,1
lakers,34,39,73
lakerz,1,0,1
lakes,1,2,3
lakeshow,1,0,1
lakewood,0,1,1
lakh,0,1,1
lakhs,0,2,2
laking,0,1,1
lakini,1,0,1
laksa,1,0,1
lal,1,1,2
lala,6,3,9
lalala,3,2,5
lalalaaaaa,1,0,1
lalalala,1,1,2
lalalalala,1,0,1
lalalauren,1,0,1
lalalove,0,1,1
lalas,0,3,3
laleewan,1,0,1
lalloo,1,0,1
lalo,1,0,1
lalung,0,1,1
lam,2,1,3
lama,4,1,5
lamahh,1,0,1
lamb,10,9,19
lambert,9,3,12
lamberts,0,1,1
lambeth,0,1,1
lambo,1,0,1
lambrini,0,1,1
lambrusco,0,1,1
lambs,1,2,3
lamby,1,0,1
lame,66,94,160
lameeee,0,1,1
lameness,1,0,1
lamenta,0,1,1
lamenting,3,2,5
lameover,1,0,1
lamer,1,1,2
lamesauce,1,1,2
lameskis,0,1,1
lamest,0,1,1
lamey,0,1,1
lammmeeee,1,0,1
lammmmee,0,1,1
lammmmeee,1,0,1
lamo,1,0,1
lamontagne,0,1,1
lamp,1,2,3
lampard,1,0,1
lampoons,1,0,1
lampss,1,0,1
lampwork,0,1,1
lamu,1,0,1
lan,4,2,6
lana,0,1,1
lancaster,4,2,6
lance,1,3,4
lancearmstrong,1,0,1
lancer,1,0,1
land,24,28,52
landed,6,7,13
landi,1,0,1
landin,1,0,1
landing,3,5,8
landings,1,1,2
landlocked,1,1,2
landlord,2,3,5
landmark,1,0,1
lando,1,0,1
lands,2,0,2
landscape,3,1,4
landscapes,0,1,1
landslide,0,2,2
lane,3,4,7
lanes,2,1,3
laney,3,0,3
lang,12,23,35
lange,1,0,1
language,8,25,33
languages,6,2,8
languish,0,1,1
langweilig,1,0,1
lanka,2,2,4
lankford,1,0,1
lanky,0,1,1
lanna,0,1,1
lanni,0,1,1
lansing,0,2,2
lante,0,1,1
lantern,2,0,2
lanterns,0,3,3
lao,0,1,1
laos,1,0,1
lap,7,6,13
lapar,0,1,1
lape,1,0,1
lapels,0,1,1
lapey,0,1,1
laphroig,0,1,1
laporte,1,0,1
lapped,0,1,1
lappie,2,0,2
lapping,1,0,1
lappy,5,5,10
laps,5,3,8
lapsang,1,0,1
lapse,2,1,3
lapsed,0,1,1
lapses,1,0,1
laptop,76,70,146
laptopper,0,1,1
laptops,4,6,10
lar,3,1,4
lara,1,1,2
lareine,1,0,1
larf,0,1,1
large,17,20,37
largely,2,0,2
larger,1,8,9
largest,1,0,1
largs,0,1,1
lariitran,0,1,1
lark,1,2,3
larnie,1,0,1
larose,1,0,1
larping,0,1,1
larry,3,10,13
lars,2,0,2
larter,0,1,1
larussa,1,0,1
las,12,4,16
lasagna,3,4,7
lasagne,1,1,2
laser,2,2,4
lasers,1,0,1
lashed,0,1,1
lashes,6,6,12
lashing,0,2,2
lashings,0,1,1
lasik,0,1,1
lass,0,1,1
lasses,0,1,1
lassi,2,0,2
lasso,0,1,1
last,769,903,1672
lastday,1,0,1
lasted,11,6,17
lastfm,6,2,8
lastima,0,2,2
lastime,0,1,1
lastly,1,0,1
lastnight,3,4,7
lastnite,1,0,1
lasts,5,9,14
lat,1,0,1
lata,3,4,7
latadidi,1,0,1
latah,0,1,1
latch,1,1,2
latching,0,1,1
late,213,256,469
latee,0,1,1
lateef,1,0,1
lately,57,79,136
lateness,1,0,1
latenightcereal,0,1,1
later,243,307,550
laterr,1,0,1
laterrr,0,1,1
laterrrr,1,0,1
laters,3,7,10
laterss,1,0,1
latersss,0,1,1
laterssssss,0,1,1
laterz,2,0,2
lates,3,0,3
lateser,1,0,1
latest,25,31,56
latetly,0,1,1
latex,2,2,4
latey,0,1,1
lathering,0,1,1
latian,0,1,1
latin,7,6,13
latina,1,0,1
latinamerica,1,0,1
latino,0,3,3
latinoamerica,1,0,1
latitude,1,2,3
latlon,1,0,1
latly,2,0,2
latte,3,5,8
latter,6,5,11
lattes,0,1,1
lattttttttttte,1,0,1
latvia,1,0,1
lau,0,1,1
lauderdale,1,1,2
laudry,0,1,1
lauggghh,1,0,1
laugh,82,106,188
laughable,1,0,1
laughd,1,0,1
laughed,13,21,34
laughin,1,3,4
laughing,34,37,71
laughs,13,10,23
laught,0,3,3
laughter,4,7,11
lauhing,0,1,1
launch,18,27,45
launched,2,3,5
launching,3,2,5
laundromat,1,1,2
laundry,31,27,58
laundy,0,1,1
lauper,1,0,1
laur,1,0,1
laura,11,6,17
lauras,1,1,2
laureen,0,2,2
laurel,1,2,3
lauren,20,9,29
laurence,0,1,1
laurens,1,0,1
laurent,2,2,4
laurenwampole,1,0,1
laurie,5,1,6
laurina,1,0,1
lauriol,1,0,1
lauryn,1,1,2
lausanne,1,0,1
lautner,8,1,9
lautnerrrr,1,0,1
lauxx,0,1,1
lav,1,1,2
lava,1,1,2
lavalanche,1,0,1
lavalu,0,1,1
lavatory,0,1,1
lavender,2,0,2
lavigne,2,0,2
lavingne,0,1,1
lavish,1,0,1
lavo,1,0,1
lavonda,0,1,1
law,37,28,65
lawaaaaaaaaaaaaaaaaa,0,1,1
lawan,0,1,1
lawd,0,3,3
lawgurl,1,0,1
lawks,0,1,1
lawl,4,2,6
lawlllllle,1,0,1
lawlz,1,0,1
lawn,9,9,18
lawnmower,0,1,1
lawnmowing,0,1,1
lawns,0,2,2
lawrence,2,3,5
laws,4,9,13
lawsuit,0,1,1
lawwy,0,1,1
lawyer,4,3,7
lawyers,1,1,2
lawys,0,1,1
lax,4,2,6
laxed,1,0,1
laxing,1,0,1
laxpaperboys,1,0,1
lay,19,20,39
laybuy,1,0,1
layby,1,0,1
layday,1,0,1
laydown,0,1,1
laydying,0,1,1
layed,2,1,3
layer,5,3,8
layers,3,1,4
layin,1,1,2
laying,14,9,23
layingg,1,0,1
laylael,2,0,2
layne,0,1,1
layoff,2,1,3
layoffs,0,1,1
layout,14,18,32
layouts,1,0,1
lays,3,2,5
laytta,0,1,1
laz,2,0,2
lazara,0,1,1
lazeeeeeeeeeee,1,0,1
lazily,1,0,1
laziness,1,3,4
lazy,35,67,102
lazybum,0,1,1
lazyness,1,1,2
lazyweb,3,0,3
lazzara,2,0,2
lazzzy,1,0,1
lazzzzyyyy,1,0,1
lb,4,11,15
lbc,1,1,2
lbj,0,1,1
lbs,16,9,25
lbt,0,1,1
lc,3,1,4
lcd,0,4,4
lcds,0,1,1
lcrew,2,0,2
lcwiabd,0,1,1
ld,0,2,2
ldb,1,0,1
ldkgkjgldjfgdg,0,1,1
ldn,3,1,4
le,16,21,37
lea,2,4,6
lead,20,14,34
leader,6,8,14
leaders,1,0,1
leadership,7,3,10
leading,5,9,14
leads,3,8,11
leaf,2,3,5
leaflet,1,0,1
leafs,1,4,5
leafy,1,0,1
league,9,11,20
leagues,0,1,1
leah,5,3,8
leahs,0,1,1
leak,10,6,16
leaked,4,6,10
leakin,1,0,1
leaking,3,3,6
leaks,2,1,3
leaky,1,1,2
lean,2,8,10
leanin,0,1,1
leaning,4,3,7
leann,1,0,1
leap,2,1,3
leapfrog,1,0,1
lear,2,0,2
learing,0,1,1
learn,79,67,146
learned,22,41,63
learnedon,1,0,1
learner,1,1,2
learnin,1,0,1
learning,28,47,75
learnjapanesepod,1,0,1
learns,1,0,1
learnt,6,10,16
learntagalognow,1,0,1
lease,4,8,12
leash,1,2,3
least,219,382,601
leathal,1,0,1
leather,6,8,14
leatherette,0,1,1
leats,0,1,1
leauge,1,1,2
leav,1,0,1
leave,212,220,432
leavee,1,0,1
leaveeeee,0,1,1
leavein,1,0,1
leavel,0,1,1
leaves,22,16,38
leavin,5,1,6
leaving,114,81,195
leavinqq,0,1,1
leavitt,0,1,1
leavn,1,1,2
leawood,1,0,1
lebanese,1,2,3
lebih,2,2,4
lebouf,1,0,1
lebowski,0,2,2
lebron,14,8,22
lebs,0,1,1
leche,0,1,1
leciester,0,1,1
lectors,1,0,1
lecture,3,2,5
lecturers,1,0,1
lectures,3,4,7
led,3,6,9
leddy,1,0,1
ledge,4,0,4
ledger,1,0,1
ledges,0,1,1
ledi,0,1,1
lee,7,23,30
leeanna,1,0,1
leechee,1,0,1
leeches,1,0,1
leeds,7,6,13
leeee,1,0,1
leeeeaaaave,0,1,1
leeenta,0,1,1
leeks,2,0,2
leela,2,0,2
leemur,0,1,1
leens,0,1,1
leepunx,1,0,1
leesan,1,0,1
leesh,3,0,3
leesha,1,0,1
leevi,1,0,1
leezle,1,0,1
leff,1,0,1
leffe,1,1,2
left,268,301,569
lefthanded,0,1,1
lefties,1,0,1
leftists,1,1,2
leftover,1,2,3
leftovers,3,2,5
leftrightleft,0,1,1
leftt,1,0,1
lefty,3,1,4
leg,37,19,56
legaal,1,0,1
legacy,0,5,5
legal,15,13,28
legalese,0,1,1
legality,0,1,1
legalize,0,1,1
legalized,0,1,1
legally,6,7,13
legend,11,9,20
legendary,4,5,9
legends,1,1,2
legged,2,0,2
leggings,0,1,1
legio,1,0,1
legislation,1,0,1
legit,11,8,19
legitimate,0,1,1
legitimately,1,0,1
legitimized,1,0,1
leglis,0,1,1
legnth,1,0,1
lego,5,3,8
legoland,0,1,1
legos,3,2,5
legs,33,27,60
legumes,1,0,1
legwear,1,0,1
leh,3,1,4
lehz,0,2,2
lei,2,2,4
leia,1,1,2
leiann,0,1,1
leicester,0,3,3
leider,1,0,1
leif,1,0,1
leigh,0,3,3
leighton,3,1,4
leila,3,1,4
leinster,3,0,3
leis,1,0,1
leisure,0,4,4
leisurely,0,3,3
leite,0,1,1
lek,0,1,1
leland,1,0,1
lelong,0,1,1
lem,0,2,2
lembrar,1,0,1
leme,0,1,1
lemme,12,23,35
lemmings,0,1,1
lemon,10,15,25
lemonade,6,5,11
lemonheads,0,1,1
lemons,1,3,4
lemony,1,0,1
lemurs,1,0,1
len,0,2,2
lena,3,1,4
lenchen,1,0,1
lend,5,5,10
lending,2,1,3
lendo,1,0,1
lenght,0,1,1
lenghth,1,0,1
length,8,7,15
lengthen,1,0,1
lengths,0,1,1
lengthy,2,0,2
lennon,2,1,3
lenny,0,3,3
leno,8,3,11
lenovo,1,0,1
lenox,0,1,1
lens,9,7,16
lensbaby,0,1,1
lenses,1,3,4
lent,2,0,2
lentils,0,1,1
leo,4,4,8
leon,6,8,14
leonard,1,2,3
leonardo,1,0,1
leonas,1,0,1
leonidas,1,0,1
leonnard,1,0,1
leons,1,0,1
leopard,4,1,5
leoplurodon,0,1,1
leos,0,3,3
leotard,2,0,2
lepaking,1,0,1
leppard,2,2,4
leprechaun,2,0,2
ler,2,0,2
lermas,1,0,1
lervz,0,1,1
les,2,4,6
lesbian,11,5,16
lesbians,4,2,6
lesbo,0,2,2
lesbos,0,1,1
leslerrrs,0,1,1
lesley,0,2,2
leslie,5,4,9
lespresso,0,1,1
less,116,103,219
lesse,0,1,1
lessen,1,0,1
lesser,4,1,5
lesson,27,28,55
lessons,19,11,30
lest,1,1,2
let,493,670,1163
letang,0,1,1
letdown,3,3,6
lethal,1,1,2
lethargic,1,0,1
lethes,1,0,1
lethtweetup,1,0,1
leti,0,1,1
leting,1,0,1
lets,93,86,179
letsgetthis,0,1,1
letsgetthisorg,1,0,1
letsmakeamess,1,0,1
letsmakeastartupbycopyinsomeyanks,0,1,1
letta,1,0,1
letter,13,19,32
lettergirl,1,0,1
lettering,0,1,1
letterman,0,4,4
letters,5,6,11
lettersnshit,0,1,1
lettin,2,2,4
letting,32,47,79
lettuce,0,1,1
letwellshavespotifybackonhercomputer,1,0,1
leuk,0,1,1
leuke,1,1,2
leukemia,0,1,1
leusden,1,0,1
level,23,28,51
leveled,1,0,1
leveling,1,0,1
levels,10,15,25
lever,0,1,1
leverage,2,1,3
levi,2,2,4
leviathan,1,0,1
levitt,1,0,1
levy,1,0,1
levywedding,1,1,2
lewd,0,1,1
lewdy,0,1,1
lewe,1,0,1
lewin,1,0,1
lewis,7,0,7
lex,7,2,9
lexi,0,3,3
lexie,0,2,2
lexington,2,0,2
leysh,1,0,1
leze,0,1,1
lezzies,0,1,1
lfc,0,1,1
lfg,1,0,1
lfh,0,1,1
lfie,0,1,1
lfkm,1,0,1
lfylady,1,0,1
lg,6,12,18
lghtwt,1,0,1
lgv,0,1,1
lh,1,1,2
lhen,1,0,1
lho,1,1,2
li,4,6,10
liam,3,5,8
lian,1,0,1
liang,0,1,1
lianglin,1,0,1
liao,2,0,2
liaoz,0,2,2
liar,3,8,11
liars,5,3,8
liason,0,1,1
liat,2,2,4
lib,1,4,5
libans,0,1,1
libby,1,0,1
liberal,4,2,6
liberalism,1,0,1
liberals,0,1,1
liberate,0,1,1
liberating,0,1,1
liberation,0,2,2
libertarian,1,1,2
liberties,0,1,1
libertines,2,0,2
liberty,4,3,7
libido,0,1,1
libra,1,0,1
librarian,0,3,3
librarians,1,1,2
library,29,21,50
libras,0,1,1
libre,1,1,2
librorum,0,1,1
libs,0,1,1
liburan,0,1,1
libya,0,1,1
licd,1,0,1
licence,2,2,4
license,12,16,28
licensed,1,1,2
licenses,1,1,2
licensing,1,0,1
licesence,1,0,1
liciouz,0,1,1
licitations,1,0,1
lick,7,4,11
licked,0,1,1
licker,1,0,1
licking,2,3,5
licks,1,2,3
licuria,0,1,1
lid,1,2,3
liddow,0,2,2
lidell,0,1,1
lidge,1,0,1
lids,1,1,2
lie,32,30,62
liebe,1,2,3
liechtenstein,1,0,1
lied,5,8,13
lief,0,1,1
liege,0,1,1
liek,3,3,6
lies,9,16,25
liesboystell,4,0,4
liesgirlstell,7,0,7
liesrapperstell,1,0,1
liesssss,1,0,1
lieu,1,0,1
lieutenant,0,1,1
liezje,1,0,1
lif,1,0,1
life,435,368,803
lifeboar,0,1,1
lifee,1,1,2
lifeeee,2,0,2
lifegaurd,1,0,1
lifehacker,1,0,1
lifehouse,1,2,3
lifeisgood,0,1,1
lifeline,0,1,1
lifelong,0,2,2
lifes,5,6,11
lifesaclimb,1,0,1
lifesaver,0,2,2
lifespan,1,0,1
lifestory,0,1,1
lifestyle,0,7,7
lifestyles,1,0,1
lifeteen,1,0,1
lifetime,8,6,14
lifey,1,0,1
lift,10,5,15
lifted,5,1,6
liftime,1,0,1
lifting,2,4,6
lifts,1,1,2
lig,0,1,1
ligging,1,0,1
light,50,46,96
lightbulb,0,1,1
lightbulbs,0,1,1
lighten,1,3,4
lightening,1,6,7
lighter,6,9,15
lighters,1,1,2
lighthouse,1,0,1
lighting,5,5,10
lightings,0,1,1
lightning,14,16,30
lightroom,1,1,2
lights,14,21,35
lightsaber,0,1,1
lightsabers,0,1,1
lightskin,0,1,1
lightweight,1,2,3
lightweights,1,0,1
lightword,1,0,1
liiifffeee,1,0,1
liiiife,0,1,1
liiiiiiiife,1,0,1
liike,0,1,1
liikod,0,1,1
liitle,1,0,1
liiz,1,0,1
lija,0,1,1
lije,1,0,1
lik,2,2,4
lika,1,0,1
like,2375,3163,5538
likeable,0,1,1
liked,78,138,216
likee,0,2,2
likejuly,0,1,1
likely,27,39,66
likemind,1,0,1
likeminded,0,1,1
likened,0,1,1
liker,0,1,1
likes,45,52,97
likewise,2,9,11
likey,4,8,12
likin,3,2,5
liking,10,24,34
likke,1,0,1
likkkkkee,0,1,1
likkle,0,1,1
lil,77,87,164
lilac,1,1,2
lilblu,0,1,1
lild,1,0,1
lile,1,0,1
lili,0,1,1
lilies,1,0,1
lill,5,0,5
lillies,0,2,2
lillooet,0,1,1
lilly,7,1,8
lillywhite,1,0,1
lilnew,1,0,1
lilo,1,0,1
lily,10,10,20
lilyalicex,1,0,1
lilys,0,1,1
lilywhite,1,0,1
lim,3,0,3
limaaaaa,0,1,1
limb,2,0,2
limboob,0,1,1
lime,6,5,11
limeade,0,1,1
limelight,1,0,1
limewire,1,0,1
limewiree,0,1,1
limey,0,1,1
limeys,0,1,1
limit,33,33,66
limitation,0,1,1
limitaw,0,1,1
limited,7,13,20
limiting,0,3,3
limitless,1,0,1
limits,5,5,10
limmited,1,0,1
limo,0,4,4
limonade,0,1,1
limp,3,1,4
limping,1,3,4
lin,1,3,4
lina,2,0,2
lincoln,4,2,6
lincon,1,0,1
linda,4,7,11
lindarh,1,0,1
linden,0,1,1
linderbug,0,1,1
lindo,0,2,2
lindos,0,1,1
lindsay,7,3,10
lindsays,1,0,1
lindsea,0,1,1
lindsey,0,2,2
lindsley,1,0,1
lindze,0,1,1
line,89,101,190
linea,0,1,1
linebackers,0,1,1
lined,3,1,4
linely,2,0,2
liner,2,3,5
liners,0,1,1
lines,26,25,51
linesvines,1,0,1
linesvinesandtryingtimes,1,0,1
linesvinestryingtimes,1,0,1
lineup,2,2,4
ling,0,3,3
lingaw,0,1,1
lingerie,1,0,1
lingo,1,4,5
lingonberry,1,0,1
lingual,1,0,1
linguini,0,1,1
linguistics,2,0,2
linguists,0,1,1
lining,2,6,8
link,152,235,387
linkages,1,0,1
linked,6,9,15
linkedin,3,4,7
linkies,0,1,1
linkin,2,1,3
linking,2,4,6
links,24,41,65
linky,1,1,2
linnes,0,1,1
linproducts,1,0,1
lint,2,1,3
linus,2,1,3
linux,12,14,26
linuxoutlaws,2,1,3
lion,4,9,13
lioncub,1,0,1
lionel,1,1,2
lioness,3,0,3
lions,7,4,11
lip,11,9,20
lipgloss,0,1,1
lipo,0,1,1
lips,14,13,27
lipstick,3,4,7
lipsticks,0,1,1
liqueur,1,1,2
liquid,7,6,13
liquidated,1,1,2
liquids,1,1,2
liquidwings,1,0,1
liquor,5,4,9
lirterally,1,0,1
lisa,8,12,20
lisaaaaaa,0,1,1
lisbon,0,1,1
liscence,0,1,1
liscene,1,0,1
lise,0,2,2
lisence,0,1,1
lisetening,0,1,1
lisetning,1,0,1
lish,1,1,2
lishas,0,1,1
lisitening,1,0,1
lissssssssssssey,1,0,1
list,104,157,261
listed,7,11,18
listen,112,134,246
listened,24,24,48
listener,1,3,4
listeners,1,6,7
listenin,8,3,11
listening,137,98,235
listeningggg,0,1,1
listeningto,5,0,5
listeninq,0,1,1
listenint,1,0,1
listeninto,1,0,1
listens,3,2,5
lister,0,4,4
listing,4,2,6
listings,3,2,5
listning,1,0,1
lists,8,4,12
lit,7,11,18
lite,3,2,5
literacy,0,4,4
literal,3,1,4
literally,18,22,40
literary,2,1,3
literature,4,1,5
literotica,1,0,1
lithgow,0,1,1
lithuania,0,1,1
lititz,0,1,1
litle,3,0,3
litlle,1,0,1
litres,0,1,1
litt,0,1,1
litte,2,0,2
litter,1,1,2
litterally,1,0,1
littered,0,1,1
little,386,517,903
littlebigplanet,1,0,1
littleboxofevil,1,0,1
littlekuribohygoassoundtrackalbum,1,0,1
littlemiss,1,0,1
littlest,1,1,2
litto,1,0,1
litttle,1,0,1
littttle,0,2,2
liv,3,1,4
liva,0,1,1
live,285,409,694
liveatleeds,1,0,1
liveblog,0,1,1
livechat,2,0,2
lived,35,41,76
liveee,1,0,1
livejournal,2,4,6
livelocal,0,2,2
lively,1,0,1
livemix,1,0,1
liver,4,1,5
liverpool,7,8,15
lives,37,39,76
livest,1,0,1
livetweeting,1,0,1
livevault,0,1,1
livin,3,5,8
living,63,66,129
livingrooms,0,1,1
livingsocial,1,0,1
livingston,1,1,2
livingthedream,1,0,1
livs,1,0,1
livvy,1,0,1
liz,10,8,18
lizano,0,1,1
lizard,0,2,2
lizz,1,0,1
lizzard,0,1,1
lizzie,3,2,5
lizzischerf,0,1,1
lizzy,4,0,4
lj,11,8,19
ljh,0,1,1
ljubim,1,0,1
lk,4,3,7
lke,1,0,1
lkfjd,1,0,1
lking,0,1,1
lkld,1,0,1
ll,1229,2028,3257
llama,6,1,7
llamas,1,1,2
lle,1,0,1
llego,1,0,1
llevo,1,0,1
lleyton,1,0,1
llive,0,1,1
lll,3,0,3
lllllllll,1,0,1
llo,0,1,1
llol,0,1,1
llorar,1,0,1
lloyd,1,1,2
lloyds,1,2,3
lloydyyyyyyyyyyy,0,1,1
lls,5,7,12
lm,2,1,3
lma,1,0,1
lmaaao,1,0,1
lmaaaooo,0,1,1
lmaaaooooo,1,0,1
lmao,164,241,405
lmaoi,0,1,1
lmaolmaolmao,0,1,1
lmaoo,12,8,20
lmaooo,1,5,6
lmaoooo,1,2,3
lmaooooo,0,1,1
lmaoooooo,1,1,2
lmaooooooo,1,1,2
lmaoooooooo,0,1,1
lmaoooooooooo,0,1,1
lmbao,0,1,1
lmbo,2,1,3
lmfao,45,39,84
lmfaoo,3,3,6
lmfaooo,0,2,2
lmfaoooo,0,3,3
lmfaooooooo,0,1,1
lmfaoooooooooooooooo,0,1,1
lmhr,0,1,1
lmk,0,6,6
lml,1,1,2
lmqdat,1,0,1
lmt,1,0,1
ln,1,1,2
lnd,0,1,1
lndnsky,1,0,1
lng,0,7,7
lngkp,0,1,1
lnp,0,1,1
lnt,1,0,1
lo,13,16,29
loa,2,2,4
load,34,41,75
loadddd,0,1,1
loaded,4,8,12
loader,0,1,1
loading,9,10,19
loads,38,60,98
loadsa,0,1,1
loadshedding,1,0,1
loaf,3,1,4
loafin,1,0,1
loan,4,2,6
loaned,1,0,1
loaning,1,0,1
loans,5,2,7
loansome,1,0,1
loathe,0,2,2
loathing,1,0,1
lob,1,0,1
lobbbbbesss,0,1,1
lobby,1,6,7
lobbyist,0,1,1
lobe,0,1,1
lobes,1,0,1
lobotomy,0,1,1
lobster,8,9,17
lobsters,1,1,2
lobstery,0,1,1
loca,0,1,1
local,35,47,82
localgovcamp,0,1,1
localise,1,0,1
locally,1,5,6
locals,7,2,9
locas,0,1,1
locate,1,1,2
located,1,4,5
location,17,10,27
locations,5,2,7
locator,0,1,1
loch,1,0,1
loci,2,0,2
locify,1,0,1
lock,7,14,21
lockdown,2,1,3
locke,2,0,2
locked,10,14,24
locker,5,0,5
lockey,0,1,1
lockin,1,0,1
lockinfo,0,1,1
locking,2,2,4
locks,3,3,6
locksmith,2,1,3
locky,1,0,1
loco,1,2,3
locofest,0,1,1
locum,0,1,1
locuses,1,0,1
lodge,1,1,2
lodged,1,0,1
lodgers,0,1,1
lodges,1,0,1
lodgings,1,0,1
lodo,0,1,1
loea,0,1,1
loev,1,1,2
lof,1,0,1
lofnotc,6,8,14
log,17,17,34
logan,1,0,1
logans,0,1,1
logged,1,10,11
logging,2,7,9
loggins,0,1,1
logi,0,1,1
logic,1,6,7
logical,2,4,6
logically,0,1,1
logie,2,0,2
logies,1,1,2
login,4,7,11
loging,0,1,1
logistics,0,1,1
logitech,2,1,3
logo,10,16,26
logoff,1,0,1
logon,2,1,3
logos,1,0,1
logout,0,1,1
logs,1,2,3
loh,1,1,2
lohan,0,1,1
lohh,0,1,1
lohhhh,1,0,1
loin,1,0,1
loincloth,0,1,1
lois,1,0,1
loitering,0,1,1
lok,1,1,2
loking,1,0,1
lokkdown,1,0,1
lokks,1,0,1
lol,1975,3424,5399
lola,6,3,9
lolage,0,3,3
lolas,0,1,1
lolcat,1,0,1
lolcats,2,0,2
lolforever,1,0,1
loling,0,1,1
lolitas,1,0,1
lolk,0,1,1
loll,6,11,17
lolla,0,2,2
lollapalooza,0,2,2
lollerscoots,0,1,1
lollies,3,1,4
lolliipops,1,0,1
lolling,1,0,1
lollipop,0,1,1
lollipops,1,2,3
lolll,1,11,12
lollll,4,7,11
lolllll,0,4,4
lollllll,0,1,1
lolllllll,0,2,2
lollol,1,1,2
lolls,1,0,1
lolly,1,3,4
lollypop,1,1,2
lolo,1,2,3
lolol,9,9,18
lololol,4,3,7
lolololol,2,0,2
lolololololol,0,1,1
lols,7,5,12
lolx,2,2,4
lolz,26,29,55
lolzlzolzol,0,1,1
lomantic,0,1,1
lombardy,0,1,1
lomo,1,2,3
lomobook,1,0,1
lomography,1,0,1
lomond,1,0,1
lon,1,0,1
londain,0,1,1
london,79,100,179
londoon,1,0,1
lone,4,2,6
loneliest,1,0,1
loneliness,1,0,1
lonely,54,34,88
lonelycheesebunny,1,0,1
lonelyi,0,1,1
loner,2,5,7
lonesome,2,1,3
lonestar,1,0,1
long,379,501,880
longbeach,0,1,1
longdistance,0,1,1
longed,0,1,1
longer,69,79,148
longest,12,24,36
longgg,1,1,2
longggg,1,0,1
longggggg,1,0,1
longhorn,0,1,1
longhorns,1,0,1
longines,0,1,1
longing,2,0,2
longingly,1,0,1
longjumeau,1,0,1
longleat,0,2,2
longlelong,1,0,1
longo,1,0,1
longoria,0,1,1
longshot,1,0,1
longstocking,1,0,1
longtemps,1,0,1
longterm,1,0,1
longtime,1,0,1
longweekend,1,0,1
longwinded,0,1,1
lonley,2,0,2
lonly,1,0,1
lonne,0,1,1
lonnngg,0,1,1
lonws,1,0,1
loo,1,3,4
loobs,1,0,1
loody,0,1,1
looh,0,1,1
look,396,614,1010
lookalike,0,1,1
lookalikes,0,1,1
lookd,1,2,3
looke,1,0,1
looked,72,113,185
looker,1,0,1
lookie,0,1,1
lookin,31,31,62
looking,290,410,700
lookit,1,2,3
lookn,2,3,5
lookout,1,4,5
looks,290,391,681
lookse,1,0,1
looktohire,1,0,1
looky,0,3,3
lool,4,9,13
looming,2,1,3
loompa,0,1,1
looms,2,1,3
loon,1,1,2
looney,0,1,1
loong,1,1,2
loony,0,2,2
loook,1,0,1
loooked,0,1,1
loooking,1,1,2
loool,5,6,11
loools,0,1,1
looong,5,3,8
looonnng,1,0,1
looool,4,3,7
loooong,3,5,8
loooonnnnggg,1,0,1
loooool,3,2,5
looooong,1,1,2
looooooe,0,1,1
loooooong,0,1,1
loooooool,0,1,1
looooooong,0,1,1
loooooooonnnnnggggg,1,0,1
loooooooool,0,1,1
loooooooooooool,0,1,1
loooooooooooooooool,1,0,1
looooooooooooooooove,1,0,1
looooooooooove,0,1,1
loooooooooove,0,1,1
looooooooove,1,0,1
loooooooove,1,2,3
looooooossseeerr,1,0,1
looooooove,1,0,1
loooooove,3,1,4
looooove,1,4,5
loooooves,0,1,1
loooove,7,7,14
loooover,1,0,1
looooveyyy,0,1,1
loooovvee,0,1,1
loooovvveee,1,0,1
loooser,0,1,1
looot,2,0,2
looove,14,10,24
loooveee,1,0,1
loooveeee,1,0,1
loooves,0,2,2
looovvvee,1,0,1
looovvvvee,0,1,1
looowkey,1,0,1
loop,11,11,22
loophole,1,0,1
loopholes,0,1,1
loopiness,0,1,1
looping,0,2,2
loops,2,1,3
loopt,1,1,2
loopy,1,1,2
loosa,0,1,1
loose,18,19,37
loosely,0,2,2
loosen,2,0,2
looser,1,1,2
loosien,0,1,1
loosing,9,2,11
loot,0,2,2
loots,0,1,1
loove,6,3,9
looveee,1,0,1
lopez,0,1,1
lor,1,6,7
loranger,0,1,1
lorax,0,1,1
lord,29,21,50
lorddd,1,0,1
lordie,0,1,1
lordobeer,0,1,1
lordofbeer,0,1,1
lordy,1,1,2
lore,2,1,3
loreal,0,1,1
loreena,1,0,1
loren,1,0,1
lorena,0,1,1
lorenzo,1,1,2
loreto,0,1,1
loretta,0,1,1
lorh,1,0,1
lori,4,5,9
loris,0,1,1
lorr,1,0,1
lorrie,0,1,1
lorrrrrrxsz,1,0,1
los,8,10,18
losaaa,0,1,1
lose,62,58,120
losee,1,0,1
loser,18,22,40
loserrr,1,1,2
loserrrr,0,1,1
losers,3,7,10
loses,5,5,10
losin,1,2,3
losing,24,36,60
losinng,1,0,1
loss,31,43,74
losses,3,2,5
lossie,0,1,1
lost,297,309,606
lostivewatched,2,0,2
lostor,0,1,1
lostprophets,0,1,1
lostt,0,1,1
losttt,0,1,1
losug,0,1,1
lot,303,403,706
lotion,5,2,7
lotr,0,3,3
lotro,1,0,1
lotronight,1,0,1
lots,125,204,329
lotsa,3,9,12
lotsacampus,0,1,1
lotta,6,3,9
lottery,6,1,7
lottie,0,2,2
lotto,5,1,6
lottt,1,1,2
lottto,0,1,1
lotttt,1,1,2
lotus,1,5,6
lou,4,2,6
loubee,0,1,1
loud,25,27,52
louder,1,2,3
loudest,0,1,1
loudly,2,0,2
loudonville,1,0,1
loues,1,0,1
loughborough,0,1,1
louie,2,1,3
louis,5,9,14
louise,1,4,5
louisiana,2,3,5
louisville,1,1,2
louky,1,0,1
lounge,11,8,19
loungeroom,1,0,1
lounges,1,2,3
lounging,3,1,4
loura,0,1,1
lousy,3,3,6
louts,1,0,1
louvre,0,3,3
lov,2,6,8
lova,0,2,2
lovable,4,0,4
lovato,8,3,11
love,2022,2493,4515
loveable,0,1,1
loveavle,0,1,1
lovebug,1,1,2
lovebuggsss,1,0,1
loved,122,191,313
lovedd,1,1,2
loveddddd,0,1,1
lovee,12,6,18
loveed,0,1,1
loveee,6,6,12
loveeee,0,11,11
loveeeee,1,2,3
loveeeeeee,0,3,3
loveeeeeeee,0,1,1
loveeeeeeeee,0,1,1
loveeeeeeeeeeee,1,0,1
loveeeeeeeeeeeeeeeeeeeeeeeeeeeeeeeeeeeeee,1,0,1
loveeeers,0,1,1
lovees,1,0,1
loveeupeople,1,0,1
loveeya,0,1,1
loveeyouu,0,1,1
lovefilm,0,1,1
lovegood,0,1,1
lovejoy,1,0,1
loveland,0,1,1
loveless,2,0,2
lovelies,2,0,2
loveline,1,0,1
loveliness,0,1,1
lovelovelove,2,1,3
lovely,151,197,348
lovelylenne,1,0,1
lovelytrinkets,1,0,1
lovelyyy,2,0,2
lovemaking,1,0,1
lovepink,1,0,1
lover,19,13,32
loverly,1,4,5
loverrr,0,1,1
lovers,7,9,16
loves,79,83,162
lovestories,0,1,1
lovestruck,0,1,1
loveu,1,0,1
lovexo,1,0,1
lovey,4,2,6
loveya,1,1,2
loveyou,2,6,8
loveyousomuchhhbabeee,1,0,1
loveyouu,0,1,1
loveyouuuuu,0,1,1
lovez,0,1,1
lovies,1,0,1
loviie,1,0,1
lovin,10,16,26
loving,52,75,127
lovles,0,1,1
lovly,0,1,1
lovs,1,0,1
lovveee,0,1,1
lovvvee,0,1,1
lovvveeee,0,1,1
lovvvvvvvvveeee,0,1,1
low,46,45,91
lowd,0,1,1
lowder,0,1,1
lowdown,1,0,1
lowe,4,0,4
lower,9,8,17
lowered,0,2,2
lowering,3,0,3
lowerrr,1,0,1
lowest,2,1,3
lowfat,0,1,1
lowkey,0,1,1
lowlands,1,0,1
lowpitch,0,1,1
lowri,0,1,1
lowry,1,0,1
lows,1,1,2
loya,0,1,1
loyal,2,6,8
loyalty,0,2,2
loz,0,2,2
lozz,1,0,1
lp,1,3,4
lpc,0,1,1
lpu,0,1,1
lpw,0,1,1
lr,6,3,9
lreiz,1,0,1
lrlr,0,1,1
lrlrl,0,1,1
lrnchat,1,0,1
lrt,0,1,1
ls,1,3,4
lsat,1,0,1
lsn,0,2,2
lso,0,1,1
lss,1,0,1
lsso,1,0,1
lst,1,0,1
lsu,1,0,1
lt,2,0,2
ltbp,1,0,1
ltd,2,1,3
ltiitle,0,1,1
ltim,0,1,1
ltns,0,1,1
ltp,0,1,1
ltr,0,2,2
lttc,0,1,1
lttle,0,1,1
lu,7,1,8
luau,1,0,1
lub,3,1,4
lubas,0,1,1
lubb,0,1,1
lubba,0,1,1
lubbbb,1,0,1
lubbock,1,1,2
lubbs,1,0,1
lube,1,2,3
lucado,1,0,1
lucas,4,5,9
lucban,0,1,1
lucci,0,1,1
lucckky,0,1,1
lucene,1,0,1
lucerne,1,0,1
luciana,0,1,1
lucianne,1,0,1
lucid,1,1,2
lucie,1,1,2
lucifer,0,1,1
lucille,0,1,1
lucious,1,0,1
luck,226,450,676
lucked,0,2,2
luckier,1,1,2
luckiest,2,1,3
luckily,12,24,36
luckkkkk,0,1,1
luckkky,0,1,1
luckkyy,0,1,1
lucky,145,246,391
luckywheel,0,1,1
luckyy,4,1,5
luckyyy,1,2,3
luckyyyyyyy,0,1,1
lucozade,0,1,1
lucrative,0,1,1
lucretia,1,0,1
lucrezia,3,0,3
lucu,1,0,1
lucy,7,8,15
luda,1,0,1
ludicrous,1,0,1
ludwig,1,0,1
luf,1,0,1
luff,1,1,2
lufflies,1,0,1
luffluff,0,1,1
luffs,1,0,1
lugano,0,1,1
luggage,4,9,13
lugos,1,0,1
luh,0,1,1
luhh,1,0,1
luhhh,0,1,1
luhrman,0,1,1
lui,1,0,1
luigi,0,1,1
luis,2,0,2
luiz,0,1,1
luk,0,2,2
luke,7,8,15
lukes,0,1,1
lukewarm,0,1,1
lul,1,0,1
lula,1,0,1
lull,1,1,2
lullabies,1,1,2
lullaby,5,0,5
lullabye,2,0,2
lullby,1,0,1
lully,1,0,1
lulu,0,2,2
lulus,0,1,1
lulz,0,3,3
lumen,1,0,1
luminaria,1,0,1
lumineria,0,1,1
lumix,0,2,2
lump,1,1,2
lumpa,0,1,1
lumpia,0,1,1
lumps,1,1,2
lumpur,0,1,1
lumpy,1,0,1
lums,0,1,1
luna,1,1,2
lunacy,1,0,1
lunasa,0,1,1
lunascape,0,1,1
lunch,117,149,266
lunchbreak,1,0,1
lunchbreaks,0,1,1
lunches,0,1,1
lunchfriday,0,1,1
lunchies,1,0,1
lunchtime,5,2,7
lunchtimes,0,1,1
lunctime,0,1,1
lundberg,1,0,1
lunes,1,0,1
lunesta,0,1,1
lung,3,3,6
lunges,1,0,1
lungs,5,5,10
luongo,2,0,2
lupe,1,0,1
lupins,1,0,1
lupus,0,1,1
lure,0,1,1
lurg,0,1,1
lurgy,0,1,1
lurk,2,1,3
lurker,0,1,1
lurkers,0,2,2
lurking,3,2,5
luroo,1,0,1
lurrrrve,0,1,1
lurrrve,0,1,1
lurve,2,2,4
lurvely,0,1,1
lurvin,0,1,1
lus,0,1,1
lusa,0,1,1
lush,11,10,21
lushhh,1,0,1
lushy,0,1,1
lust,4,1,5
luster,0,1,1
lusting,1,1,2
lusture,1,0,1
luthe,1,0,1
luther,1,0,1
lutonsk,1,0,1
lutz,2,0,2
luuki,1,0,1
luuuuuh,0,1,1
luv,88,116,204
luva,1,0,1
luvd,0,2,2
luved,0,1,1
luvies,0,1,1
luvin,1,4,5
luving,1,0,1
luvly,1,1,2
luvs,3,2,5
luvthe,1,0,1
luvy,1,0,1
luweh,1,0,1
lux,0,2,2
luxor,0,1,1
luxuries,1,1,2
luxurious,1,0,1
luxury,1,5,6
luzon,1,0,1
lv,2,5,7
lvatt,15,8,23
lvie,0,1,1
lving,0,1,1
lviv,1,0,1
lvl,4,3,7
lvoe,1,1,2
lw,1,0,1
lwt,0,1,1
lx,0,1,1
lxlight,1,0,1
ly,12,12,24
lyc,1,0,1
lycan,1,0,1
lychriss,0,1,1
lycos,0,1,1
lycra,1,1,2
lydd,0,1,1
lydia,1,2,3
lye,0,1,1
lyf,1,2,3
lying,16,17,33
lyk,5,5,10
lyke,0,1,1
lykez,1,0,1
lylas,0,1,1
lymz,1,0,1
lyn,2,1,3
lynch,1,0,1
lynda,0,1,1
lyndsee,0,1,1
lyndsey,1,0,1
lyndsie,1,0,1
lynn,1,3,4
lynne,1,1,2
lynnette,1,0,1
lynny,0,1,1
lynx,1,0,1
lynyrd,0,1,1
lyons,1,1,2
lyric,3,1,4
lyrical,0,2,2
lyrically,1,1,2
lyrics,24,15,39
lyring,1,0,1
lyrix,0,1,1
lyshhhh,1,0,1
lysol,1,0,1
lyss,2,1,3
lyter,1,0,1
lyyyyyyyyyyyyyysssssssssssssss,2,1,3
ma,53,70,123
maaaaaaaaahhhhhhh,1,0,1
maaaaaaannnn,0,1,1
maaaaan,0,1,1
maaaan,2,2,4
maaaann,1,0,1
maaadd,0,1,1
maaan,2,5,7
maad,1,0,1
maaf,1,1,2
maag,0,1,1
maaga,0,1,1
maah,0,1,1
maal,0,1,1
maam,1,2,3
maan,1,3,4
maar,1,1,2
mabagal,1,0,1
mabey,1,0,1
mabuhay,1,0,1
mabuo,0,1,1
mac,69,91,160
macam,1,0,1
macar,1,0,1
macaramber,0,1,1
macarena,3,2,5
macaroni,1,2,3
macbook,15,22,37
macbooking,0,1,1
macbookpro,1,1,2
macbooks,0,2,2
macca,1,0,1
maccas,0,5,5
macchiato,1,1,2
macdeonia,1,0,1
macdonalds,0,2,2
mace,0,1,1
macedonia,1,0,1
macey,1,0,1
maceyyy,1,0,1
mach,1,0,1
machala,1,0,1
machamp,1,0,1
machan,0,1,1
mache,1,0,1
machine,27,42,69
machines,4,5,9
macho,0,1,1
machse,0,1,1
macken,1,0,1
mackenzie,1,0,1
mackeral,1,0,1
mackin,1,1,2
macmillans,0,1,1
macmini,1,0,1
macomber,0,1,1
macon,0,1,1
macr,1,0,1
macro,0,1,1
macs,5,9,14
macstore,0,1,1
mactheripper,0,1,1
macy,1,0,1
macyyy,1,0,1
maczombierawr,1,0,1
mad,106,114,220
madadapa,1,0,1
madagascar,1,0,1
madam,2,2,4
madame,2,0,2
madami,1,0,1
madapusi,0,1,1
madaya,0,1,1
madcap,1,0,1
madd,3,1,4
maddd,0,3,3
madddd,0,2,2
madddddddd,0,1,1
madden,2,0,2
maddie,3,4,7
maddies,0,1,1
maddison,1,0,1
maddy,0,2,2
made,351,460,811
madea,1,0,1
madee,1,0,1
madeinitaly,0,1,1
madeleine,2,0,2
mademe,0,1,1
mademoiselle,0,1,1
mades,0,1,1
madi,1,0,1
madila,0,1,1
madison,2,2,4
madly,2,2,4
madmex,1,0,1
madness,8,9,17
madnessness,1,0,1
madonna,4,1,5
madras,0,1,1
madrasi,0,1,1
madre,3,0,3
madres,1,0,1
madrid,1,2,3
madson,1,0,1
maduk,1,0,1
madurai,1,0,1
madventures,1,0,1
madwoman,0,1,1
mady,2,1,3
mae,4,2,6
maemo,0,1,1
maen,0,1,1
maeve,1,0,1
maezell,0,1,1
mafia,4,6,10
mafiawars,1,0,1
mag,10,21,31
maga,2,0,2
maganda,1,0,1
magari,0,1,1
magawa,0,1,1
magazine,15,18,33
magazines,3,3,6
magdeburg,0,1,1
mage,0,1,1
magens,1,0,1
magento,0,1,1
mageparty,1,0,1
mages,0,1,1
maggi,1,0,1
maggie,6,5,11
maggiee,0,1,1
maghanap,0,1,1
magic,42,48,90
magical,6,7,13
magically,2,0,2
magichat,0,1,1
magics,1,0,1
magictwackle,1,0,1
magique,1,0,1
magizine,0,1,1
magka,0,1,1
magluto,0,1,1
magnanimous,0,1,1
magnesium,0,1,1
magnet,4,4,8
magnetic,0,1,1
magnetism,1,0,1
magnets,0,1,1
magnific,0,1,1
magnificent,3,2,5
magnificentize,0,1,1
magnifying,1,0,1
magnolia,0,1,1
magnum,1,1,2
magnump,1,0,1
magnums,1,0,1
magnus,3,0,3
magpie,1,1,2
magrelos,0,1,1
mags,2,2,4
magtulog,0,1,1
magtwitter,0,1,1
magugustuhan,0,1,1
magz,1,1,2
mah,10,10,20
maha,0,1,1
mahalo,4,1,5
maher,1,1,2
mahh,2,0,2
mahjong,0,1,1
mahkani,0,1,1
mahmud,0,1,1
mahn,2,2,4
mahnaz,0,1,1
mahola,1,0,1
mahoning,1,0,1
mahtweets,1,0,1
mai,6,3,9
maibe,0,1,1
maid,4,0,4
maiden,3,2,5
maika,1,0,1
mail,54,99,153
mailbox,1,4,5
mailchimp,1,0,1
maile,0,1,1
mailed,2,2,4
mailers,1,0,1
mailgram,0,1,1
mailing,6,6,12
mailman,2,1,3
mails,8,1,9
main,26,25,51
maincourse,1,0,1
maine,7,12,19
maing,1,0,1
mainit,1,1,2
mainland,1,0,1
mainlander,0,1,1
mainly,9,10,19
mains,1,0,1
mainsite,1,0,1
mainstream,2,0,2
maintain,4,7,11
maintainance,0,1,1
maintaince,0,1,1
maintained,1,0,1
maintainer,1,0,1
maintainers,1,0,1
maintaining,0,3,3
maintenace,0,1,1
maintenance,11,9,20
maintenant,0,1,1
maintenence,1,0,1
maintinence,1,0,1
maintnance,0,1,1
mainu,1,0,1
mainz,1,0,1
mair,1,0,1
mais,2,0,2
maison,1,1,2
maixn,1,0,1
maizie,1,0,1
maizy,1,0,1
maj,0,1,1
majestic,0,1,1
majesty,1,2,3
majic,1,0,1
majk,0,1,1
major,31,45,76
majored,0,1,1
majority,3,8,11
majorly,2,2,4
majornelson,1,0,1
majorr,0,1,1
majors,1,0,1
mak,3,1,4
maka,1,0,1
makaaaan,0,1,1
makan,1,2,3
makannya,1,0,1
makasi,1,0,1
makasih,0,1,1
makati,1,2,3
makayla,2,0,2
make,718,961,1679
makee,1,0,1
makeitstopnowkthxbye,1,0,1
makemovesmonday,2,0,2
maken,1,0,1
makeoutweek,1,0,1
makeover,1,3,4
maker,8,5,13
makerfaire,1,0,1
makers,2,2,4
makes,307,353,660
makesmesmile,0,1,1
makesnosense,1,0,1
maketradefair,0,1,1
makeup,12,14,26
maki,0,1,1
makilala,1,0,1
makin,10,13,23
making,188,201,389
makingof,0,1,1
makings,1,0,1
makinq,1,0,1
makn,1,1,2
maknae,0,1,1
mako,0,1,1
maks,0,1,1
maksudnya,2,1,3
mal,1,1,2
mala,1,1,2
malabon,0,1,1
malachi,0,1,1
malah,0,1,1
malai,0,1,1
malaise,1,0,1
malakas,0,1,1
malaki,0,1,1
malam,1,0,1
malamang,0,1,1
malambri,1,0,1
malamute,1,0,1
malang,1,1,2
malaria,2,1,3
malarianomore,0,1,1
malarky,1,0,1
malas,1,0,1
malawi,0,1,1
malay,1,1,2
malaysia,5,3,8
malaysian,0,2,2
malbank,0,1,1
malbec,0,1,1
malcolm,1,0,1
male,16,17,33
malenne,1,0,1
males,1,1,2
malformed,0,1,1
malfunction,1,2,3
malfunctioning,0,1,1
malina,0,1,1
maliq,0,1,1
malkin,0,1,1
malkovich,0,1,1
mall,33,27,60
malletjie,0,1,1
malloc,1,0,1
mallory,0,1,1
mallorys,1,0,1
malls,0,1,1
mallum,0,1,1
malm,0,1,1
malone,1,0,1
maloney,0,1,1
maloufs,1,0,1
mals,0,1,1
malt,1,0,1
malta,1,2,3
maltese,0,1,1
maltoban,0,1,1
malts,0,1,1
malware,0,1,1
malwarebytes,0,1,1
malz,0,1,1
mam,3,7,10
mama,30,57,87
mamak,1,1,2
mamaku,1,0,1
mamam,1,0,1
mamas,0,4,4
mamatay,0,1,1
mamayang,0,1,1
mamaz,0,2,2
mamba,1,2,3
mamen,0,1,1
mami,6,7,13
mamie,1,0,1
mamiiiiii,1,0,1
mamita,0,1,1
mamiya,1,1,2
mamma,7,0,7
mammal,1,1,2
mammory,0,1,1
mammoth,1,0,1
mammy,0,1,1
mamzelle,1,0,1
man,393,523,916
mana,1,2,3
manage,22,23,45
manageable,1,3,4
managed,25,33,58
management,10,9,19
manager,11,15,26
managers,1,2,3
manages,2,0,2
managing,2,3,5
managingonlineforums,1,0,1
manama,1,0,1
manana,1,2,3
manapua,0,1,1
manassas,0,1,1
manaum,0,1,1
manbabies,0,1,1
manc,2,2,4
manch,0,1,1
manchester,8,9,17
mancunian,1,0,1
manda,2,1,3
mandala,0,1,1
mandalay,0,1,1
mandarin,1,4,5
mandatory,2,4,6
manddy,0,1,1
mandelbrot,0,1,1
mandelson,0,1,1
mandeville,0,1,1
mandingo,1,0,1
mandinner,0,1,1
mandino,1,0,1
mandou,0,1,1
manduh,1,0,1
mandy,13,4,17
mane,3,1,4
manee,2,0,2
manele,1,0,1
manequin,2,0,2
manford,0,1,1
mang,0,3,3
manga,2,1,3
mangarap,1,0,1
mangelhaft,1,0,1
manger,0,1,1
mango,4,9,13
mangooo,0,1,1
mangoooo,0,1,1
mangos,0,1,1
mangshor,0,1,1
mangy,0,1,1
manhattan,4,5,9
manhood,0,1,1
manhunt,1,0,1
mani,3,2,5
mania,1,1,2
maniana,0,1,1
manic,1,1,2
manicure,1,3,4
manicures,1,0,1
manifestation,1,1,2
manifesto,2,0,2
manila,7,13,20
manillusion,1,0,1
manilow,0,1,1
manip,0,1,1
manips,0,1,1
manipulations,1,0,1
manitoba,1,0,1
manitou,0,1,1
maniulate,0,1,1
mankind,3,1,4
manky,0,1,1
manliness,1,1,2
manly,2,5,7
mann,4,8,12
mannequin,1,2,3
mannequins,1,1,2
manner,2,0,2
manners,3,2,5
mannheim,1,1,2
manning,2,0,2
mannn,2,1,3
mannnn,0,4,4
mannnnn,0,1,1
manno,1,0,1
manny,2,2,4
mannybluesmusic,0,1,1
mano,0,1,1
manohara,2,0,2
manolo,1,0,1
manoush,0,1,1
manouvre,0,1,1
manq,1,0,1
mans,5,2,7
mansari,1,0,1
mansell,0,1,1
mansfield,1,1,2
mansion,1,5,6
manson,4,2,6
mantep,1,0,1
mantids,0,1,1
mantis,3,0,3
mantra,0,1,1
manu,2,0,2
manual,7,3,10
manually,3,2,5
manuel,1,0,1
manufactured,0,1,1
manufacturers,0,1,1
manufactures,0,1,1
manufacturing,0,2,2
manuscripts,0,1,1
manwiches,0,1,1
many,245,329,574
manyh,1,0,1
manz,0,1,1
mao,1,0,1
maori,1,0,1
maotai,0,1,1
map,10,12,22
maple,3,2,5
maplestory,0,1,1
mapped,0,3,3
mapping,2,1,3
maps,6,6,12
mapvivo,1,0,1
mar,2,2,4
mara,1,0,1
marabu,0,1,1
maracaibo,1,1,2
maracas,1,0,1
maradona,1,0,1
maragrita,0,1,1
marah,1,0,1
marakan,0,1,1
maraschino,0,1,1
marathon,16,21,37
marathons,2,3,5
marble,0,3,3
marc,4,2,6
marcel,0,2,2
marcella,1,0,1
march,11,10,21
marchhhhhh,1,0,1
marching,1,1,2
marco,5,1,6
marcom,1,0,1
marcome,1,0,1
marcoooo,1,0,1
marcopollo,0,1,1
marcus,5,3,8
mardi,1,1,2
mare,1,2,3
mareen,0,1,1
marena,1,0,1
marengo,0,1,1
mares,2,0,2
mareware,0,1,1
margaret,6,2,8
margarita,3,6,9
margaritas,2,4,6
margate,1,0,1
margee,0,1,1
margera,0,1,1
margerita,0,1,1
margot,1,0,1
margs,1,0,1
margueritas,0,1,1
marhot,1,0,1
maria,3,13,16
mariah,6,5,11
mariahs,2,0,2
mariahslamby,1,0,1
mariana,0,1,1
marianastrench,1,0,1
maribeth,1,0,1
maribou,1,0,1
maribu,0,1,1
marie,6,6,12
mariel,0,1,1
marietta,0,1,1
marihuana,1,0,1
marijuana,2,0,2
marillac,1,0,1
marillion,0,1,1
marilyn,1,4,5
marilynmonroesuccess,1,0,1
marina,1,7,8
marinate,1,0,1
marinda,0,1,1
marine,1,2,3
mariner,1,0,1
mariners,2,2,4
marines,3,1,4
mario,8,5,13
mariokart,0,1,1
marion,1,0,1
marisa,0,1,1
marissa,3,0,3
marit,1,0,1
mariz,1,0,1
marjorie,1,0,1
mark,36,36,72
marked,1,3,4
marker,1,1,2
markerlove,0,1,1
markers,4,1,5
market,16,31,47
marketer,0,1,1
marketers,1,1,2
marketin,0,1,1
marketing,19,23,42
marketplace,3,2,5
markets,3,4,7
markham,0,1,1
markie,1,1,2
marking,1,1,2
marks,4,10,14
marlen,0,1,1
marlene,1,0,1
marley,3,10,13
marleys,0,1,1
marling,1,0,1
marlins,2,0,2
marlon,0,1,1
marmar,0,1,1
marmite,0,3,3
marmosets,1,0,1
marnier,0,1,1
marning,0,1,1
maroon,1,0,1
marquee,2,1,3
marquez,2,0,2
marriage,7,7,14
marriages,1,0,1
marriah,1,0,1
married,38,39,77
marrier,0,1,1
marriott,2,0,2
marrow,1,1,2
marry,14,9,23
marrying,3,4,7
mars,6,9,15
marsarmy,1,0,1
marsbelievers,1,0,1
marsguys,1,0,1
marsh,2,1,3
marsha,4,0,4
marshall,1,2,3
marshals,0,1,1
marshmallow,1,0,1
marshmallows,2,1,3
marsiscoming,61,4,65
mart,2,4,6
martabak,0,1,1
martel,1,0,1
martenreed,0,1,1
martens,1,1,2
martha,1,3,4
martian,1,0,1
martians,1,0,1
martin,9,5,14
martina,0,2,2
martine,0,1,1
martinez,3,0,3
martini,5,3,8
martinis,1,0,1
martins,0,2,2
marty,1,1,2
martyrs,1,0,1
maruti,1,0,1
marv,2,0,2
marva,0,1,1
marvel,3,1,4
marvellous,0,3,3
marvelous,3,6,9
marvin,1,3,4
marx,0,1,1
marxist,0,2,2
mary,13,16,29
maryland,6,3,9
maryna,1,0,1
marynabadenhors,1,0,1
marys,1,0,1
marzo,0,1,1
mas,11,8,19
masa,0,5,5
masage,1,0,1
masakit,0,1,1
masala,1,1,2
masarap,1,1,2
masashi,1,0,1
masaya,0,1,1
mascara,2,1,3
mascarpone,1,0,1
maseera,1,0,1
mash,1,4,5
masha,0,1,1
mashaallah,1,0,1
mashable,2,1,3
mashall,1,0,1
mashed,2,1,3
masheu,2,0,2
mashhad,1,0,1
mashing,2,0,2
mashlib,1,0,1
mashup,2,1,3
mashville,0,1,1
masi,1,1,2
masiam,1,0,1
masih,0,2,2
masiih,1,0,1
masikip,0,1,1
masipag,0,1,1
masisisi,1,0,1
mask,4,5,9
masked,1,0,1
masking,0,2,2
masks,0,1,1
masky,1,0,1
maslow,0,1,1
masochistic,1,0,1
mason,1,2,3
masoquist,1,0,1
masquerade,0,3,3
masquerading,1,0,1
mass,12,13,25
massa,1,1,2
massachusetts,1,1,2
massacred,1,0,1
massage,10,21,31
massaged,1,0,1
massages,1,3,4
massapequa,1,0,1
masscom,0,1,1
masseffect,1,0,1
masses,2,1,3
masseuse,0,1,1
massive,18,12,30
massiveb,0,1,1
massively,1,3,4
massivly,1,0,1
massuese,0,1,1
master,10,12,22
masterbate,1,0,1
masterbating,0,1,1
mastercard,0,1,1
masterchef,7,6,13
mastered,2,4,6
masteress,1,0,1
masterful,1,0,1
mastering,3,1,4
masterpiece,2,1,3
masterpieces,0,1,1
masterplan,1,0,1
masters,5,3,8
masti,1,0,1
mastic,0,1,1
masturbam,1,0,1
masturbate,1,0,1
masturbating,0,1,1
masturbation,1,2,3
masuk,0,2,2
mat,3,2,5
mataa,1,0,1
matanya,1,0,1
matata,1,0,1
match,29,21,50
matchbox,0,1,1
matched,0,1,1
matches,4,8,12
matching,2,5,7
matchup,2,0,2
matchups,0,1,1
mate,60,112,172
matela,0,1,1
material,10,7,17
materialised,0,1,1
materialistic,1,0,1
materials,1,2,3
maternal,1,0,1
maternalhealth,1,1,2
maternity,2,1,3
mates,6,10,16
matey,2,5,7
mateys,1,0,1
math,24,23,47
mathces,1,0,1
mathematician,1,0,1
mathematics,1,0,1
mathews,0,1,1
mathmatician,1,0,1
maths,26,20,46
matic,1,0,1
matiii,0,1,1
matilampu,0,1,1
matinees,0,1,1
matress,1,0,1
matrices,0,2,2
matrimony,0,1,1
matrix,2,3,5
matrot,0,1,1
matruska,0,1,1
matsu,1,0,1
matsui,1,0,1
matsujun,0,1,1
matt,14,21,35
matta,0,1,1
matted,0,1,1
matter,55,77,132
matters,12,20,32
matthew,5,2,7
matthews,1,0,1
matti,1,0,1
mattias,0,1,1
mattress,2,1,3
matts,2,2,4
matty,1,3,4
mattz,1,0,1
matulog,0,1,1
mature,4,3,7
maturity,1,0,1
matweeps,1,0,1
matyila,1,0,1
mau,1,5,6
mauerandmore,1,0,1
mauhhhhh,0,1,1
mauhhhhhhhhhhhhhhhhhhhhh,0,2,2
maui,4,3,7
mauifilmfest,1,0,1
maul,0,1,1
mauls,0,1,1
maureen,1,0,1
maureens,0,1,1
mauricio,1,0,1
mausi,0,1,1
maven,1,0,1
mavericks,1,0,1
maviss,1,0,1
mawee,1,0,1
max,17,24,41
maxed,1,2,3
maxi,1,3,4
maxim,1,1,2
maxima,1,0,1
maximize,1,0,1
maximum,2,3,5
maximus,1,0,1
maxoam,0,1,1
maxout,2,2,4
maxpayne,1,0,1
maxthon,0,1,1
maxwell,2,1,3
maxx,1,0,1
may,220,337,557
maya,3,1,4
mayb,9,4,13
maybe,398,535,933
maybeeee,0,2,2
maybeh,1,0,1
mayberry,1,0,1
maybes,0,1,1
mayblowyourmind,1,0,1
mayday,2,0,2
maydeee,0,1,1
mayer,5,3,8
mayercraft,1,0,1
mayfair,1,0,1
mayfield,1,0,1
mayghad,1,0,1
mayhem,1,2,3
maymester,1,1,2
mayn,0,1,1
mayne,0,1,1
mayo,4,1,5
mayor,2,4,6
mayors,0,1,1
maypole,1,0,1
mays,1,1,2
maystahelsh,1,0,1
mayweather,1,0,1
mayyybe,0,1,1
mayyyybe,1,0,1
maz,1,0,1
mazda,1,0,1
maze,0,2,2
mazie,1,0,1
mazing,2,2,4
mazzeltov,1,0,1
mb,11,9,20
mba,2,4,6
mbah,1,1,2
mbak,0,1,1
mbit,1,1,2
mboring,1,0,1
mboyz,1,0,1
mbp,3,5,8
mbps,0,3,3
mbs,0,1,1
mbti,1,0,1
mby,1,0,1
mc,8,9,17
mcarthur,0,1,1
mcartney,1,0,1
mcat,1,0,1
mcbain,0,1,1
mcbeal,0,1,1
mcc,1,0,1
mccafe,1,0,1
mccaffery,0,1,1
mccarley,1,0,1
mccarthyism,1,0,1
mccartney,5,0,5
mccaskill,0,1,1
mcckelly,1,0,1
mcclaren,0,1,1
mcconaughey,1,0,1
mccoy,3,0,3
mccrossin,0,1,1
mccurdy,1,0,1
mcd,2,7,9
mcdermott,1,0,1
mcdo,0,1,1
mcdonald,5,1,6
mcdonalds,6,8,14
mcdonds,1,0,1
mcdonolds,1,0,1
mcdoodle,1,0,1
mcdreamy,0,1,1
mcds,0,1,1
mcfaddens,0,1,1
mcfans,0,1,1
mcfearless,0,1,1
mcflurry,1,1,2
mcfly,37,34,71
mcflyforgermany,22,0,22
mcflymedia,0,1,1
mcflys,0,1,1
mcfresh,1,0,1
mcfriends,0,1,1
mcfuzz,1,0,1
mcg,0,1,1
mcgill,1,0,1
mcgraw,1,0,1
mcgregor,0,1,1
mcgriddle,0,1,1
mcgurk,0,1,1
mch,1,0,1
mchale,1,0,1
mchenwears,0,1,1
mcintyre,1,2,3
mcintyres,0,1,1
mciver,0,1,1
mckay,0,1,1
mckennitt,1,0,1
mckenzie,1,1,2
mclachlan,0,1,1
mclamerson,0,1,1
mclaren,2,0,2
mclaughlin,1,0,1
mclean,2,0,2
mcleod,0,1,1
mclovin,2,0,2
mcm,1,0,1
mcmahon,5,1,6
mcmanus,0,1,1
mcnasty,0,1,1
mcnugget,0,5,5
mcnuggets,1,1,2
mcoop,1,0,1
mcps,1,0,1
mcqueen,0,1,1
mcr,3,6,9
mcrchat,6,2,8
mcriot,0,1,1
mcrmy,0,1,1
mcrrecordsalbum,1,0,1
mcs,0,1,1
mcsa,0,1,1
mcsmoothies,1,0,1
mcsonador,0,1,1
mcstinkface,1,0,1
mctwit,0,1,1
mcuch,0,1,1
mcuh,2,0,2
mcvities,0,1,1
mcwane,0,1,1
md,5,9,14
mdc,0,1,1
mds,1,0,1
me,4951,6244,11195
mea,0,1,1
meaaaaaaaaaan,0,1,1
meaan,0,1,1
mead,0,2,2
meadd,1,0,1
meadow,2,1,3
meadowhall,1,1,2
meadows,0,1,1
meag,0,1,1
meagan,1,0,1
meal,12,16,28
meals,4,1,5
mean,263,397,660
meandering,0,1,1
meanie,7,4,11
meanieee,0,1,1
meaning,20,19,39
meaningful,3,3,6
meaningless,0,1,1
meanings,1,2,3
meanly,0,1,1
meanness,1,0,1
meannn,0,1,1
meannnnn,1,0,1
meannnssss,0,1,1
means,114,164,278
meant,76,149,225
meantime,3,8,11
meanwhile,3,2,5
meany,0,6,6
mears,2,0,2
measure,0,2,2
measured,1,2,3
measurement,0,1,1
measurements,1,1,2
measures,0,2,2
measuring,1,1,2
meat,9,22,31
meatball,1,1,2
meatballs,2,0,2
meatfreemonday,1,0,1
meatloaf,0,1,1
meats,1,0,1
meatworks,0,1,1
mebe,0,1,1
mecca,0,1,1
meccho,0,1,1
mech,2,0,2
mechanic,2,3,5
mechanical,2,0,2
mechanics,1,0,1
mechanism,0,1,1
mechanisms,1,0,1
mecure,1,0,1
med,5,7,12
medal,1,2,3
medan,1,0,1
medford,1,1,2
medhun,1,0,1
medhurst,0,1,1
medi,1,0,1
media,37,44,81
mediacoder,0,2,2
medias,1,0,1
mediator,0,1,1
medical,5,2,7
medically,1,0,1
medicated,0,1,1
medication,1,2,3
medications,1,0,1
medicen,0,1,1
medicinal,2,1,3
medicine,15,9,24
medieval,1,1,2
medill,0,1,1
meditate,4,1,5
meditated,1,0,1
meditatemonday,0,1,1
meditating,1,2,3
meditation,5,2,7
mediterranean,2,1,3
medium,4,8,12
medley,1,3,4
medo,1,0,1
meds,8,17,25
medschool,1,0,1
medyo,1,0,1
mee,15,23,38
meebo,4,1,5
meedjatart,0,1,1
meee,13,12,25
meeee,9,9,18
meeeee,1,7,8
meeeeee,3,3,6
meeeeeee,1,5,6
meeeeeeee,2,0,2
meeeeeeeee,0,1,1
meeeeeeeeee,1,0,1
meeeeeeeeeee,1,0,1
meeeeeeeeeeeeeeeeeee,1,0,1
meeeeen,0,1,1
meeeh,0,1,1
meeemories,1,0,1
meek,0,1,1
meeks,1,0,1
meen,1,1,2
meena,1,0,1
meep,0,4,4
meepzz,1,0,1
meer,2,0,2
meese,0,1,1
meester,2,1,3
meet,160,217,377
meetdraw,1,0,1
meetin,0,2,2
meeting,64,87,151
meetingnya,1,0,1
meetings,8,8,16
meetme,1,0,1
meets,1,3,4
meetup,6,4,10
meetups,1,2,3
meez,1,0,1
meezer,1,0,1
mefail,1,0,1
meg,2,5,7
mega,12,8,20
megadeth,1,1,2
megalomaniacmonday,1,0,1
megaman,0,1,1
megan,13,2,15
megann,1,0,1
megapixel,1,0,1
megaredpacket,1,0,1
megastars,1,0,1
megaton,0,1,1
megatron,0,1,1
megax,1,0,1
megga,0,1,1
meghan,2,0,2
meglovesyew,1,0,1
megs,0,2,2
meguro,1,0,1
meh,21,29,50
mehhh,2,0,2
mehhhh,1,0,1
mehlizza,1,0,1
mehmets,1,0,1
mei,1,0,1
meijer,0,1,1
meike,0,1,1
meiko,1,0,1
meilleur,0,1,1
mein,4,3,7
meine,0,1,1
meis,0,1,1
mek,1,1,2
mel,11,10,21
mela,0,1,1
melamachinko,1,0,1
melancholic,0,1,1
melancholy,1,1,2
melandry,1,0,1
melanie,2,2,4
melanin,1,0,1
melanoma,1,0,1
melati,0,1,1
melatonin,2,0,2
melawan,0,1,1
melb,3,3,6
melbourne,14,18,32
melbourneee,0,1,1
melbun,0,1,1
melchizedek,1,0,1
melding,1,1,2
meli,1,0,1
melie,1,0,1
melinda,1,0,1
melissa,3,6,9
mellie,1,0,1
mello,0,1,1
mellow,3,5,8
melly,0,2,2
melmilletics,1,0,1
melo,3,1,4
melodica,0,1,1
melodies,0,1,1
melodiile,1,0,1
melodramatic,1,0,1
melody,9,1,10
melon,1,1,2
melons,0,1,1
melos,0,1,1
melrose,0,1,1
mels,0,2,2
melt,6,6,12
meltdown,2,5,7
meltdowns,1,0,1
melted,3,12,15
melting,2,2,4
melty,1,0,1
meluluuuu,0,1,1
melvin,2,0,2
melvinaure,1,0,1
mely,1,0,1
melza,0,1,1
mem,1,1,2
memang,0,1,1
memba,0,1,1
member,15,22,37
members,16,10,26
membership,1,10,11
memberships,0,1,1
membrane,1,0,1
meme,4,4,8
mememememememememememe,1,0,1
memento,1,0,1
memers,1,0,1
memmer,0,1,1
memo,1,8,9
memoir,0,3,3
memoirs,2,2,4
memorable,1,2,3
memorial,10,7,17
memoribillia,0,1,1
memories,27,23,50
memoriessss,1,0,1
memorium,0,1,1
memorize,2,0,2
memorized,1,0,1
memorizing,0,1,1
memory,22,29,51
memphis,3,5,8
men,50,58,108
mena,0,1,1
menace,2,1,3
menaced,1,0,1
menacing,1,0,1
menahmenah,0,1,1
mencari,1,0,1
menchies,0,2,2
mencoder,0,1,1
mend,1,3,4
mendahului,0,1,1
mendalam,1,0,1
mendes,1,0,1
mending,0,2,2
mendingg,0,1,1
mendocino,1,0,1
mendte,0,1,1
menefees,1,0,1
mengerti,1,0,1
menikmati,0,1,1
meninaa,0,1,1
meninos,0,1,1
menirukan,1,0,1
menn,1,0,1
menno,1,0,1
menorcatechtalk,1,0,1
mens,1,1,2
mensa,1,1,2
menswear,1,0,1
ment,3,4,7
mental,13,21,34
mentalist,1,0,1
mentalists,0,1,1
mentality,3,2,5
mentally,5,3,8
menteng,0,1,1
menthol,1,0,1
mention,58,77,135
mentioned,15,33,48
mentioning,1,2,3
mentions,5,4,9
mentor,1,1,2
mentos,2,0,2
menu,2,11,13
menudo,0,1,1
menus,2,0,2
menvsboys,1,0,1
meny,0,1,1
meow,4,8,12
meowmonday,3,1,4
meows,2,1,3
meoww,1,0,1
mep,0,1,1
meps,1,0,1
mer,0,1,1
merc,0,3,3
mercato,1,0,1
mercedes,0,1,1
merch,0,5,5
merchandise,1,0,1
merchant,0,1,1
merchants,1,1,2
merchh,1,0,1
merci,0,1,1
mercies,1,0,1
merciful,1,0,1
merciless,1,0,1
mercilessly,2,0,2
mercurial,2,1,3
mercurialmusic,1,0,1
mercury,2,1,3
mercy,1,2,3
merda,0,1,1
merde,1,0,1
merder,2,1,3
mere,3,4,7
merecem,0,1,1
meredith,0,1,1
mereka,0,1,1
merg,0,1,1
merge,2,1,3
merged,0,1,1
mergesorted,1,0,1
merging,2,0,2
meridian,0,1,1
merino,0,2,2
merions,1,0,1
merisha,1,0,1
meriti,0,1,1
merits,2,1,3
merlin,1,1,2
merlot,0,2,2
mermaid,4,3,7
mermaide,0,1,1
meron,1,2,3
merriemonarch,1,0,1
merrier,1,2,3
merrily,0,1,1
merriweather,2,0,2
merriweathers,1,0,1
merrrrrrrr,0,1,1
merry,0,2,2
merrygold,1,0,1
mersi,1,0,1
mertz,0,1,1
meruhermanto,1,0,1
meruu,1,0,1
meryl,1,0,1
mes,0,1,1
mesa,1,2,3
mesage,0,2,2
mesages,0,1,1
mesajul,0,1,1
mesg,1,0,1
mesh,1,2,3
meshichist,1,0,1
mesmerising,0,2,2
mesmo,0,1,1
mesmooo,0,1,1
meso,0,1,1
mess,37,60,97
message,77,157,234
messaged,1,7,8
messages,33,39,72
messaging,2,5,7
messanger,1,0,1
messaris,0,1,1
messd,1,0,1
messed,18,22,40
messenger,3,6,9
messengers,1,0,1
messer,1,0,1
messes,1,4,5
messi,0,1,1
messin,2,6,8
messing,11,14,25
messs,1,0,1
messy,6,5,11
mest,0,1,1
met,69,90,159
meta,1,1,2
metabolism,2,3,5
metal,16,11,27
metaldetector,1,0,1
metalic,1,0,1
metality,0,1,1
metallic,1,1,2
metallica,5,1,6
metallicar,0,1,1
metamorphosis,1,0,1
metaphor,2,1,3
metaphors,1,0,1
metaphys,1,0,1
meteor,1,1,2
meteoric,1,0,1
meteorologists,1,0,1
meter,0,4,4
meters,1,1,2
metformin,0,1,1
meth,0,2,2
methane,1,0,1
metheny,0,1,1
methes,1,0,1
methinks,3,6,9
method,3,6,9
methodically,1,0,1
methodist,0,1,1
methodists,1,0,1
methods,2,1,3
methuen,1,0,1
meti,0,2,2
meticulous,0,2,2
metioned,0,1,1
metoo,0,1,1
metres,1,0,1
metric,1,2,3
metrics,1,1,2
metro,12,13,25
metroid,0,1,1
metrolink,0,1,1
metromix,0,1,1
metropcs,0,1,1
metropolis,0,2,2
metropolitan,1,1,2
metrostation,1,1,2
metrox,1,0,1
mets,3,2,5
metz,0,1,1
meu,2,2,4
mew,2,2,4
mewithoutyou,1,1,2
mex,2,2,4
mexer,0,1,1
mexican,17,18,35
mexicana,1,0,1
mexicans,0,1,1
mexico,13,16,29
meyer,3,3,6
meze,0,1,1
mezu,0,1,1
mezzo,1,0,1
mf,1,1,2
mfaa,0,1,1
mfbtj,1,0,1
mff,0,1,1
mffl,1,0,1
mfg,2,0,2
mfm,0,1,1
mfts,0,1,1
mfzarmonday,1,0,1
mg,1,4,5
mga,2,3,5
mgd,0,1,1
mgg,0,1,1
mgiraudofficial,1,0,1
mgl,1,0,1
mgm,1,1,2
mgmt,4,1,5
mgnt,0,1,1
mgonewild,1,0,1
mgr,1,0,1
mgs,2,5,7
mh,1,1,2
mhbigcatch,1,0,1
mhc,0,1,1
mhehehe,0,1,1
mhelp,0,1,1
mhelping,1,0,1
mhenggay,1,0,1
mhh,0,1,1
mhhhh,1,0,1
mhhhhhm,1,0,1
mhhhm,0,1,1
mhm,1,1,2
mhmm,2,2,4
mhmmm,1,0,1
mhn,0,1,1
mhsmc,0,1,1
mhz,1,1,2
mi,24,17,41
mia,17,14,31
miaa,0,1,1
miah,2,0,2
miam,3,0,3
miami,20,16,36
miamiii,1,0,1
miaow,0,1,1
mic,2,9,11
mica,2,0,2
micah,2,0,2
micallef,1,0,1
mice,4,7,11
micelli,1,0,1
mich,0,4,4
micha,1,0,1
michael,22,24,46
michaela,0,1,1
michaeljackson,1,0,1
michaeljameelah,1,0,1
michaels,2,2,4
michaelseater,1,0,1
michala,1,0,1
michalkaalyson,1,0,1
micheal,4,0,4
michele,0,2,2
michelle,6,11,17
michi,1,0,1
michie,0,1,1
michigan,6,8,14
mick,1,3,4
mickelson,2,0,2
mickey,1,3,4
micky,0,4,4
micro,4,1,5
microbes,0,1,1
microbiology,1,0,1
microblogging,1,0,1
microchips,1,0,1
microecon,0,1,1
microkorg,0,1,1
microphone,2,1,3
microphones,1,0,1
micros,1,0,1
microscopic,1,0,1
microsoft,20,10,30
microsoftshouldchange,0,1,1
microsyntax,1,0,1
microwave,6,5,11
microwaved,1,0,1
microwaving,1,0,1
mics,0,2,2
micsha,0,1,1
mid,12,17,29
midday,1,4,5
middle,38,49,87
middlesbrough,2,0,2
midget,3,0,3
midgeting,1,0,1
midgets,1,1,2
midland,1,1,2
midlands,1,1,2
midlife,1,0,1
midlo,1,0,1
midmorn,0,1,1
midna,0,1,1
midnight,34,29,63
midnightromeo,1,0,1
midnights,0,1,1
midnite,2,2,4
midol,0,1,1
midst,1,1,2
midsummer,2,0,2
midterm,3,1,4
midterms,0,3,3
midway,1,3,4
midweek,0,2,2
midweekcrisis,0,1,1
midwest,4,6,10
midwestern,2,0,2
miedo,0,1,1
mielavs,1,0,1
miffed,0,2,2
might,289,409,698
mighta,0,1,1
mightstick,1,0,1
mighty,7,8,15
mightymorph,1,0,1
mignon,0,3,3
migraine,10,6,16
migraines,2,4,6
migrane,1,1,2
migrant,0,1,1
migrated,2,0,2
migration,2,0,2
migs,0,1,1
miguel,1,1,2
mihiii,1,0,1
mii,4,1,5
miiiight,0,1,1
miis,0,1,1
miiss,2,0,2
miisssss,0,1,1
miji,1,0,1
mik,1,0,1
mika,2,2,4
mikado,0,1,1
mikas,1,0,1
mikasounds,0,1,1
mike,22,21,43
mikeandmals,0,1,1
mikeey,0,1,1
mikel,1,0,1
mikey,6,7,13
mikeys,0,1,1
mikeywayday,1,0,1
miki,1,0,1
mikifpher,0,1,1
mikkola,1,0,1
miko,1,0,1
mil,1,2,3
mila,0,1,1
milady,0,2,2
milan,6,5,11
milano,2,1,3
milanos,0,1,1
mild,4,4,8
mildly,2,0,2
mildy,0,1,1
mile,15,11,26
mileage,0,3,3
milegi,0,1,1
milehighbrowncoats,1,0,1
miler,0,3,3
milers,1,0,1
miles,39,33,72
milestone,1,3,4
milestones,0,1,1
miletraining,1,0,1
miley,60,46,106
mileycyrus,4,0,4
mileymonday,12,0,12
mileys,0,1,1
mileyworld,1,1,2
mileyy,0,1,1
milf,1,2,3
milh,1,0,1
milhouse,1,1,2
milicevic,0,1,1
milind,0,1,1
milioane,1,0,1
milions,1,0,1
military,2,8,10
militarymon,4,2,6
militarymonday,1,0,1
militia,1,0,1
milk,41,36,77
milkandbeans,1,0,1
milkshake,4,4,8
milkshakes,4,3,7
milky,2,1,3
mill,4,3,7
milla,0,1,1
millage,0,1,1
mille,0,1,1
milledgeville,1,0,1
miller,5,3,8
milli,0,1,1
millie,0,3,3
millier,1,0,1
millies,1,0,1
milliiiiiiiiiiiiiii,0,1,1
milling,0,1,1
million,28,37,65
millionair,0,1,1
millionaire,2,4,6
millionaires,1,0,1
millions,3,5,8
millionth,1,0,1
millivanilli,1,0,1
millon,1,0,1
millport,0,1,1
mills,5,3,8
millsthemusical,1,0,1
milly,1,0,1
millyxx,0,1,1
milo,8,3,11
milord,0,1,1
milow,2,0,2
mils,0,1,1
milta,1,0,1
miltmafia,0,1,1
milton,0,2,2
milwaukee,2,6,8
mimi,5,5,10
mimies,0,1,1
mimis,1,0,1
mimms,1,0,1
mimmy,1,0,1
mimo,1,0,1
mimpi,1,1,2
min,41,58,99
minaj,3,0,3
minatures,1,0,1
mince,0,1,1
minced,1,0,1
mind,160,192,352
minday,1,0,1
mindbendersupreme,0,1,1
mindd,1,0,1
minded,3,3,6
mindedly,1,0,1
minder,1,1,2
mindfreaks,0,1,1
mindful,0,1,1
mindin,0,1,1
mindless,2,1,3
mindliving,0,1,1
mindmaps,0,1,1
mindreader,0,1,1
minds,14,15,29
mindset,1,2,3
mindy,1,0,1
mine,197,399,596
minee,0,1,1
mineee,0,1,1
mineral,0,1,1
mines,10,13,23
minethatbird,1,0,1
ming,1,3,4
mingling,0,1,1
minha,1,1,2
mini,19,25,44
miniant,0,1,1
miniature,0,1,1
miniatures,0,1,1
minibar,0,1,1
minicamp,0,1,1
minigame,1,0,1
minimal,5,3,8
minimalistic,1,0,1
minimix,1,0,1
minimize,1,1,2
minimized,1,0,1
minimizes,1,0,1
minimizing,0,2,2
minimum,1,2,3
minion,1,0,1
minions,2,0,2
miniscule,1,0,1
minister,3,3,6
ministry,0,1,1
minitor,1,0,1
minits,1,0,1
minivan,1,1,2
minjolt,0,1,1
minl,0,1,1
minmeditation,1,0,1
minnd,0,1,1
minnesota,2,3,5
minni,1,0,1
minnie,1,2,3
minnn,1,0,1
minolta,0,1,1
minor,9,7,16
minored,1,0,1
minorities,1,0,1
minority,1,0,1
minorityx,0,1,1
minors,0,1,1
minpin,1,0,1
mins,57,46,103
minskeys,0,1,1
minstrels,0,1,1
mint,3,7,10
mints,1,2,3
mintue,0,1,1
mintues,1,0,1
mintz,0,1,1
minuet,0,1,1
minus,9,25,34
minute,50,64,114
minuter,1,0,1
minutes,105,96,201
minuts,1,0,1
minzzz,0,1,1
mir,2,4,6
mira,1,1,2
miracelous,0,1,1
miracle,6,4,10
miracles,1,2,3
miraculously,1,0,1
mirage,1,3,4
mirah,2,0,2
miramar,0,1,1
miranda,4,4,8
mirena,1,0,1
miri,0,1,1
mirip,1,0,1
mirra,0,1,1
mirren,0,1,1
mirror,6,11,17
mirrored,2,1,3
mirroring,0,2,2
mirrormask,1,0,1
mirrors,3,0,3
mis,6,4,10
misanthrope,0,1,1
misbehave,1,0,1
misbehaving,0,2,2
misc,0,1,1
miscarriages,0,1,1
miscarried,1,1,2
mischeif,0,1,1
mischevious,1,0,1
mischief,2,2,4
mischievous,0,1,1
misconception,0,1,1
misconstrued,1,0,1
miscreants,0,1,1
misdemeanor,0,1,1
mise,0,1,1
miserable,20,16,36
miserably,1,3,4
misery,3,5,8
misfits,0,1,1
misfortune,3,1,4
mish,1,2,3
misha,7,1,8
mishas,0,1,1
mishti,0,1,1
misidentify,0,2,2
misinformation,0,1,1
mising,0,1,1
misinterpretation,0,1,1
misinterpreted,1,0,1
miskeetoes,1,0,1
misleading,1,1,2
misled,0,1,1
mismo,1,0,1
miso,0,2,2
misogynistic,1,0,1
mispelled,1,0,1
mispelling,1,1,2
misplaced,0,2,2
misread,0,2,2
misreads,0,1,1
misrouted,0,1,1
miss,917,1147,2064
missataari,1,0,1
missbianca,1,0,1
misscha,0,1,1
missed,285,415,700
missedconnections,2,0,2
missedd,1,0,1
missedddd,0,1,1
missedyoumoree,0,1,1
misses,22,19,41
missher,1,0,1
misshim,1,0,1
missiles,1,0,1
missin,12,12,24
missing,166,139,305
missinggoodearbuds,1,0,1
mission,16,9,25
missions,3,1,4
missis,1,0,1
mississauga,0,1,1
mississippi,1,2,3
missive,1,0,1
missn,1,0,1
missninab,1,0,1
missouri,0,4,4
misspelled,2,0,2
misspelling,1,2,3
misspellings,1,0,1
missread,0,1,1
misss,6,9,15
misssed,1,0,1
misssin,1,0,1
missss,3,1,4
misssss,1,2,3
misssssssss,1,0,1
misssyouuu,0,1,1
missunderstanding,1,0,1
missus,4,0,4
missy,8,12,20
missyew,0,1,1
missylou,0,1,1
missymissymissy,1,0,1
missyoooou,0,1,1
missyouuuuuu,1,0,1
mist,1,2,3
mistake,22,18,40
mistaken,4,2,6
mistakenly,0,1,1
mistakes,7,11,18
mister,8,12,20
mistery,0,2,2
misting,1,0,1
misto,0,1,1
mistook,0,2,2
mistreated,0,1,1
mistress,1,2,3
misty,1,2,3
mistylameface,1,0,1
mistyxlameface,1,0,1
misundastood,1,0,1
misunderstand,2,3,5
misunderstanding,1,5,6
misunderstood,3,1,4
mit,4,2,6
mitch,3,3,6
mitchel,10,2,12
mitchell,4,4,8
mitchelmusso,4,0,4
mitches,0,1,1
mitchmusso,1,0,1
mite,4,1,5
miteee,0,1,1
mithra,0,1,1
mitigating,0,1,1
mitm,0,1,1
mitsu,1,0,1
mitsy,0,1,1
mittal,0,1,1
mitten,0,2,2
mitzee,1,0,1
mitzvah,0,1,1
mix,21,39,60
mixd,1,0,1
mixed,14,11,25
mixer,1,3,4
mixero,0,2,2
mixes,0,1,1
mixing,7,10,17
mixpod,0,1,1
mixtape,3,5,8
mixtapes,1,0,1
mixture,3,1,4
mixup,0,1,1
miyazaki,1,1,2
miz,0,1,1
mizen,0,1,1
mizpee,0,1,1
mizu,0,1,1
mizuguchi,1,0,1
mizzoo,1,0,1
mizzou,1,0,1
mj,6,7,13
mjackson,1,0,1
mjhang,1,0,1
mjor,1,0,1
mk,3,7,10
mkasabay,0,1,1
mkay,2,1,3
mke,1,0,1
mkhang,1,0,1
mkn,1,0,1
mks,1,1,2
mksdnya,0,1,1
mkt,2,0,2
mktg,0,1,1
ml,0,5,5
mla,1,0,1
mlady,1,0,1
mlam,0,1,1
mlaysians,1,0,1
mlb,2,0,2
mlbo,1,0,1
mlbtv,1,0,1
mleh,1,0,1
mleody,1,0,1
mlia,1,1,2
mlk,0,1,1
mlove,1,0,1
mm,9,21,30
mma,3,5,8
mmail,1,0,1
mmaking,0,1,1
mmb,0,1,1
mmediately,1,0,1
mmel,0,1,1
mmelbbourne,0,1,1
mmg,1,0,1
mmh,1,0,1
mmhm,0,1,1
mmhmm,2,2,4
mmhmmm,0,1,1
mmhmnnn,0,1,1
mmk,0,1,1
mmkay,0,1,1
mmm,31,47,78
mmmaybe,1,0,1
mmmb,1,0,1
mmmhmm,0,1,1
mmmm,18,19,37
mmmmm,8,12,20
mmmmmm,5,8,13
mmmmmmm,1,1,2
mmmmmmmm,0,2,2
mmmmmmmmm,0,1,1
mmmyeahh,1,0,1
mmo,0,2,2
mmoey,1,0,1
mmom,0,1,1
mmorpg,0,1,1
mmos,0,1,1
mmph,1,1,2
mmps,0,2,2
mmr,0,1,1
mmrs,0,1,1
mms,10,15,25
mmuk,2,0,2
mmva,2,0,2
mmvas,2,0,2
mmwanted,0,5,5
mmwine,1,0,1
mn,3,6,9
mnd,1,0,1
mnet,2,0,2
mng,1,0,1
mnogo,1,0,1
mnot,1,0,1
mns,0,1,1
mnt,1,1,2
mnth,1,2,3
mnths,3,2,5
mo,44,54,98
moa,2,2,4
moan,3,3,6
moaning,1,4,5
moanmoday,0,1,1
moanmonday,0,3,3
moar,2,6,8
moasting,0,1,1
moats,1,1,2
mob,3,4,7
mobbed,0,1,1
mobbing,1,0,1
mobil,1,0,1
mobile,33,33,66
mobilechat,0,1,1
mobileme,4,0,4
mobiles,1,5,6
mobiletv,1,0,1
mobility,2,0,2
mobilly,1,0,1
mobitv,1,0,1
moble,1,0,1
mobs,0,1,1
moby,0,1,1
moc,1,0,1
mocca,2,0,2
mocha,3,3,6
mochi,1,1,2
mock,3,2,5
mockba,1,0,1
mockery,0,1,1
mocking,0,4,4
mockingbird,1,0,1
mocks,3,1,4
mod,0,7,7
moday,1,0,1
modbook,1,0,1
modbury,1,0,1
modded,0,1,1
mode,16,29,45
model,22,35,57
modeled,0,1,1
modeling,0,1,1
modelo,1,0,1
models,8,7,15
modelz,0,1,1
modem,2,5,7
moderated,1,1,2
moderation,2,0,2
moderator,0,2,2
modern,7,6,13
modernwarfare,1,0,1
modest,0,2,2
modesty,0,1,1
modhood,1,0,1
modified,1,1,2
modify,2,2,4
modifying,0,2,2
modlife,1,0,1
mods,2,1,3
modular,0,1,1
module,4,5,9
modules,0,1,1
moe,3,2,5
moenig,0,1,1
moennig,1,0,1
moes,0,1,1
moesha,1,0,1
moet,1,0,1
mofo,1,5,6
mofucka,1,0,1
mog,1,0,1
mogwai,2,1,3
moh,1,0,1
mohawk,0,3,3
mohegan,0,1,1
mohit,0,1,1
mohler,1,0,1
moho,0,1,1
moi,7,3,10
moii,1,0,1
moin,0,1,1
moines,0,2,2
moiself,0,1,1
moises,4,0,4
moist,0,2,2
moisture,0,1,1
moisturiser,0,2,2
moisturising,0,2,2
moives,1,0,1
mojito,2,0,2
mojitos,0,1,1
mojo,4,4,8
mojojojo,0,1,1
mojoquiz,1,0,1
mojotip,1,0,1
molar,0,1,1
molasses,1,0,1
mold,3,0,3
molded,0,1,1
moldova,0,1,1
moldy,0,1,1
mole,2,3,5
moleskine,4,1,5
moley,0,1,1
molko,0,1,1
mollee,0,1,1
mollie,2,0,2
molly,5,6,11
molson,1,0,1
molt,0,1,1
molten,0,1,1
moly,2,0,2
mom,250,217,467
moma,1,0,1
momacita,1,0,1
momberger,1,0,1
moment,96,93,189
momentarily,0,1,1
momentary,1,1,2
momento,1,0,1
momentofweakness,0,1,1
moments,16,12,28
momentum,3,1,4
momm,1,0,1
momma,15,9,24
mommas,2,3,5
mommie,1,0,1
mommies,0,1,1
mommm,0,1,1
mommmaaa,1,0,1
mommmm,1,0,1
mommmy,2,1,3
mommy,40,33,73
mommyness,1,0,1
mommys,2,0,2
momo,3,2,5
momoams,1,1,2
moms,28,16,44
momsy,1,0,1
momz,0,1,1
mon,22,27,49
mona,1,1,2
monaco,2,2,4
monay,1,1,2
moncky,1,0,1
moncton,1,1,2
mondaaay,1,0,1
monday,162,148,310
mondayeyes,1,0,1
mondays,13,15,28
monde,2,0,2
mondrian,1,0,1
moneee,0,1,1
monetize,0,1,1
monetized,0,1,1
money,192,184,376
moneys,3,3,6
moneyyy,0,2,2
moneyyyyyyyyyyyy,1,0,1
moneyz,1,0,1
monfashionistar,0,1,1
monfils,0,1,1
monga,0,1,1
mongolian,0,2,2
mongolie,0,1,1
mongoose,1,0,1
mongrel,0,1,1
monica,8,7,15
monico,1,0,1
monies,3,4,7
monigin,0,1,1
monika,1,0,1
monikaaah,0,1,1
monique,1,1,2
monitizing,0,1,1
monitor,11,9,20
monitored,0,1,1
monitoring,0,3,3
monitors,4,3,7
monk,0,2,2
monkees,0,1,1
monkey,13,10,23
monkeyballs,1,0,1
monkeynuts,0,1,1
monkeys,6,7,13
monkeysnuggles,0,1,1
monkeyy,1,0,1
monks,1,1,2
monkseaton,1,0,1
monkss,1,0,1
monnnnn,0,1,1
mono,3,1,4
monochrome,1,0,1
monome,1,0,1
monopolistic,0,1,1
monopoly,0,3,3
monotonous,0,1,1
monroe,1,2,3
mons,2,0,2
monsoon,4,1,5
monster,10,14,24
monsternom,0,1,1
monsters,2,4,6
monstervegastweetup,1,1,2
mont,0,1,1
montados,0,1,1
montage,1,3,4
montaigne,1,0,1
montana,11,10,21
montando,0,1,1
montanna,1,1,2
montannie,1,0,1
monte,0,1,1
montell,0,1,1
monteray,0,1,1
monterey,1,3,4
monterrey,0,1,1
montgomery,0,3,3
month,108,144,252
monthly,4,6,10
months,84,107,191
montmorency,0,1,1
montreal,7,16,23
montrealer,0,1,1
montrose,1,0,1
monts,0,1,1
monty,1,5,6
monument,0,1,1
monumental,2,0,2
monumento,0,1,1
monzon,0,1,1
moo,4,3,7
moobs,2,1,3
moocher,1,1,2
moocows,0,1,1
mood,73,45,118
moodle,1,0,1
moods,5,6,11
moodswings,2,0,2
moodswitcher,1,0,1
moody,7,4,11
moodys,1,0,1
moola,0,1,1
moon,59,38,97
moonbat,1,0,1
moonlight,2,1,3
moonlightflight,1,0,1
moons,0,2,2
moonshine,0,2,2
moonwalk,0,1,1
moonying,1,0,1
mooo,0,1,1
mooomoo,1,0,1
mooooarning,1,0,1
mooookaaayyyyyyy,1,0,1
mooooon,0,1,1
moooooo,1,0,1
moooooood,1,0,1
moooooore,0,1,1
moooovie,0,1,1
mooor,0,1,1
mooore,2,0,2
mooorning,2,0,2
moor,0,2,2
moore,10,2,12
moores,0,1,1
moorlands,0,1,1
moorniiing,0,1,1
moosa,0,1,1
moose,1,3,4
moot,0,2,2
mop,4,3,7
moped,0,1,1
mor,4,2,6
mora,1,1,2
moral,4,4,8
morale,0,1,1
moralistic,1,0,1
morbid,0,1,1
morcheeba,1,0,1
more,1033,1186,2219
morebonding,0,1,1
moree,1,1,2
moreee,3,2,5
moreeeeee,1,0,1
morello,1,0,1
morena,1,0,1
moreover,1,0,1
morepaychecks,0,1,1
mores,3,0,3
morethan,1,0,1
morez,1,0,1
morgahontis,1,0,1
morgan,6,2,8
morgana,1,0,1
morganbffs,0,1,1
morgantown,0,1,1
morgen,2,4,6
morgue,1,0,1
moring,1,2,3
morinn,1,0,1
morissette,1,0,1
mork,1,0,1
morley,0,1,1
mormon,1,1,2
morn,7,15,22
morneeeennnn,1,0,1
mornennnnnnnnnnnnnnnnnlove,0,1,1
morng,0,1,1
mornigh,1,0,1
mornign,0,1,1
mornin,22,31,53
mornincrew,1,0,1
morning,578,757,1335
morningedith,0,1,1
morningggggg,0,1,1
morningo,1,0,1
mornings,15,14,29
morningside,0,1,1
morningstar,0,1,1
mornining,0,1,1
mornnnnin,1,0,1
mornong,1,0,1
mornting,1,1,2
moro,5,16,21
morocco,1,0,1
moron,1,3,4
moronic,1,0,1
moronmonday,1,0,1
morons,3,2,5
morow,3,1,4
morphone,1,0,1
morra,0,1,1
morre,0,1,1
morrea,1,0,1
morri,1,0,1
morris,2,2,4
morrisey,0,1,1
morriseys,1,0,1
morrison,1,0,1
morrisons,0,2,2
morrissey,1,1,2
morrning,0,1,1
morro,2,1,3
morroc,2,0,2
morrow,24,22,46
morrowind,1,0,1
morrrning,0,1,1
morsche,0,1,1
mortal,0,2,2
mortally,0,1,1
mortals,1,0,1
mortgage,2,4,6
morthorpe,0,1,1
mortification,1,0,1
mortified,1,1,2
morty,0,1,1
morumbi,1,0,1
mos,6,6,12
moscado,1,0,1
moscoto,0,1,1
moscow,1,4,5
mosdef,1,0,1
moseley,0,1,1
mosh,3,2,5
moshcam,0,1,1
moshing,1,0,1
moshtix,0,1,1
mosley,0,1,1
mosque,1,1,2
mosquite,1,0,1
mosquito,6,0,6
mosquitoes,1,3,4
mosquitos,4,4,8
moss,0,3,3
mossie,0,1,1
mossy,0,1,1
most,243,309,552
mostboringtweets,1,0,1
mostely,0,1,1
mostly,23,53,76
mot,3,1,4
motel,0,1,1
moth,1,1,2
mothafucka,0,1,1
mothafuckin,1,0,1
mothafucking,1,0,1
mother,80,84,164
motherboard,0,1,1
motherfucker,4,0,4
motherfuckers,1,0,1
motherfuckin,3,0,3
motherhood,1,1,2
mothering,1,0,1
motherjane,0,1,1
motherland,1,1,2
motherlode,1,0,1
mothers,29,22,51
mothersday,1,0,1
moths,3,4,7
motion,6,7,13
motions,1,0,1
motionx,4,0,4
motivate,0,5,5
motivated,4,9,13
motivates,2,0,2
motivating,1,1,2
motivation,17,8,25
motivational,1,1,2
motivations,0,1,1
motive,1,0,1
motley,1,0,1
moto,1,2,3
motogp,3,0,3
motomania,0,1,1
motor,0,4,4
motorbike,2,4,6
motorbikes,1,0,1
motorcycle,3,5,8
motorhead,1,0,1
motorola,1,3,4
motors,2,2,4
motorsport,0,1,1
motorstorms,1,0,1
motorway,2,1,3
motown,0,2,2
motrin,3,1,4
motte,1,0,1
motto,3,4,7
mouahhhh,0,1,1
mould,0,1,1
mound,2,0,2
mount,1,3,4
mountain,26,8,34
mountains,7,11,18
mounted,1,1,2
mountian,1,0,1
mounts,2,0,2
mourn,1,0,1
mourning,3,2,5
mourns,0,1,1
mours,1,0,1
mousavi,4,1,5
mouse,15,10,25
mouses,1,1,2
mousetrap,2,0,2
mousey,1,0,1
mousing,0,2,2
moussa,1,0,1
moussavi,2,0,2
mousse,0,2,2
moustachio,1,0,1
moutain,0,1,1
mouth,36,28,64
mouthed,0,1,1
mouthing,0,1,1
mouths,3,0,3
mouthwash,1,1,2
mouvement,1,0,1
mov,1,0,1
movage,1,0,1
moval,1,0,1
move,97,131,228
moved,24,47,71
movee,1,0,1
movement,4,5,9
movements,2,0,2
movemnts,0,1,1
moveon,1,0,1
movers,0,2,2
moves,11,14,25
movexx,1,0,1
movie,272,321,593
movieawards,2,0,2
moviee,1,2,3
movieee,1,0,1
movieing,1,0,1
moviemaker,0,1,1
moviemisquotes,5,0,5
movies,96,83,179
movin,3,0,3
moving,60,93,153
mow,4,3,7
mowed,1,1,2
mower,1,2,3
mowin,1,0,1
mowing,4,8,12
mownin,1,0,1
moyesy,0,1,1
moyles,1,3,4
moyo,0,1,1
moz,4,5,9
mozarella,0,1,1
mozart,1,2,3
mozilla,0,2,2
mozmemories,1,0,1
mozy,0,2,2
mozz,2,1,3
mozzarella,3,1,4
mozzies,0,1,1
mp,14,12,26
mpaa,0,1,1
mpb,0,1,1
mpc,2,0,2
mpeg,1,1,2
mph,1,4,5
mpls,0,2,2
mps,3,0,3
mqay,1,0,1
mqm,1,0,1
mr,94,107,201
mraz,3,2,5
mrazzzzzz,1,0,1
mrbigz,4,0,4
mrc,0,1,1
mre,1,2,3
mreka,0,3,3
mres,1,0,1
mri,1,2,3
mrjuly,0,1,1
mrkt,0,1,1
mrn,0,1,1
mrning,0,1,1
mrow,0,2,2
mrpolarbearguy,1,0,1
mrrat,1,0,1
mrrr,1,0,1
mrrw,0,1,1
mrs,22,17,39
mrsa,0,1,1
mrsept,0,1,1
mrsjdubs,1,0,1
mrsjohn,1,0,1
mrtribble,0,1,1
mrtweet,12,0,12
mrw,3,8,11
mrz,1,0,1
ms,33,27,60
msalimie,0,1,1
msbj,1,0,1
msc,1,0,1
mscantalk,1,0,1
mscoscon,1,0,1
mscosconf,1,0,1
msdn,0,1,1
msft,2,0,2
msg,16,23,39
msgd,0,2,2
msged,0,1,1
msgs,0,5,5
msh,1,0,1
msharae,1,0,1
msia,1,0,1
msk,1,0,1
msm,0,1,1
msn,37,49,86
msnbc,1,1,2
msnbcfail,1,0,1
msnnn,1,0,1
msnnya,1,0,1
msoft,1,0,1
msonline,1,0,1
msp,0,2,2
mspec,1,0,1
msps,0,1,1
mss,2,2,4
mssed,0,1,1
mssg,0,2,2
mssgs,1,0,1
mst,1,0,1
mstest,0,1,1
mstrkrft,1,0,1
msu,1,1,2
msw,0,1,1
msword,1,0,1
mt,8,4,12
mtalbert,1,0,1
mtb,2,1,3
mtc,1,0,1
mtg,3,1,4
mth,0,2,2
mths,3,1,4
mtivs,1,0,1
mtl,0,1,1
mtn,0,4,4
mto,1,0,1
mtp,1,0,1
mts,1,3,4
mtv,34,24,58
mtvma,0,1,1
mtvmovieawards,3,0,3
mtxx,0,1,1
mu,8,4,12
mua,0,2,2
muack,0,7,7
muah,10,15,25
muahaha,2,2,4
muahahah,1,0,1
muahahaha,1,1,2
muahahahaha,1,0,1
muahahahahahahaha,0,1,1
muahahahhahaha,1,1,2
muahahhaaar,0,1,1
muahhh,0,1,1
muahz,0,2,2
muahzzz,0,1,1
muar,0,1,1
muay,1,1,2
mubarak,1,0,1
muc,0,3,3
much,912,1341,2253
muchas,1,1,2
muchbetter,3,0,3
muchh,1,3,4
muchhhh,0,1,1
muchkin,1,0,1
muchlove,0,1,1
muchly,8,1,9
muchlyy,1,0,1
muchmusic,0,1,1
mucho,9,9,18
muchos,1,0,1
muchozz,0,1,1
mucinex,0,3,3
muck,1,3,4
mucked,1,0,1
mucking,0,2,2
mucosal,0,1,1
mucus,0,1,1
mud,3,1,4
muddled,0,2,2
muddy,1,2,3
mudeideassunto,1,0,1
mudhut,2,0,2
mudshake,1,0,1
mudvayne,1,0,1
muepace,1,0,1
muesli,0,1,1
muffin,4,8,12
muffins,7,6,13
muffled,0,1,1
mufid,1,0,1
mufuckassssss,1,0,1
mug,3,8,11
mugged,1,2,3
muggier,0,1,1
muggin,2,0,2
mugging,0,2,2
muggle,1,0,1
mugglenet,0,1,1
muggy,1,6,7
mugs,1,1,2
mugshot,1,0,1
mugshots,0,1,1
muh,5,1,6
muhaha,0,1,1
muhahaha,0,1,1
muhahahaha,1,0,1
muhahahahahahahaha,0,1,1
muis,0,1,1
muitas,1,0,1
muito,1,3,4
mujhe,1,0,1
muji,0,2,2
mukham,0,1,1
mul,1,0,1
mula,1,0,1
mulai,1,0,1
mulan,0,1,1
mulder,0,1,1
mule,0,1,1
mullahs,1,0,1
mulled,0,1,1
mullet,1,4,5
mullets,1,0,1
mulligan,1,0,1
mulling,0,1,1
mullingar,0,1,1
mult,0,1,1
multi,6,15,21
multiclutch,0,1,1
multicoloured,0,1,1
multicultural,1,0,1
multilanguage,1,0,1
multilingual,0,1,1
multimap,0,1,1
multimedia,3,1,4
multinational,0,1,1
multiplayer,2,2,4
multiple,7,12,19
multiply,3,3,6
multipurpose,1,0,1
multitalented,1,0,1
multitask,2,1,3
multitasking,1,1,2
multitude,0,1,1
multo,0,1,1
multumesc,0,1,1
mulu,1,0,1
mulyasari,0,1,1
mum,76,74,150
mumba,0,1,1
mumbai,3,2,5
mumble,0,1,1
mumbles,1,0,1
mumbling,0,1,1
mumborg,0,1,1
mumma,2,0,2
mummies,0,1,1
mummmmmmmmmmm,1,0,1
mummy,11,2,13
mummyyy,1,1,2
mums,9,8,17
mumuhhhhh,0,1,1
mumumumu,0,1,1
mun,0,1,1
muna,2,1,3
munch,1,2,3
munchak,1,0,1
munchies,1,0,1
munching,1,0,1
munchkin,1,1,2
munchkins,1,0,1
mundane,1,0,1
mundi,1,0,1
muneca,1,0,1
munggah,1,0,1
mungo,1,0,1
munich,2,4,6
munin,1,1,2
munny,0,2,2
munshi,0,1,1
munster,1,1,2
munsters,1,0,1
munths,1,0,1
muo,0,1,1
muppet,1,4,5
muppets,0,1,1
mura,1,0,1
murakami,0,1,1
mural,1,1,2
murder,2,8,10
murdered,4,1,5
murderer,1,1,2
murdering,0,1,1
murderous,0,1,1
murders,1,2,3
murfreesboro,0,1,1
muri,1,0,1
murky,0,1,1
murmur,1,0,1
murnin,1,0,1
murphy,3,4,7
murr,0,1,1
murray,2,3,5
mus,2,0,2
muscati,0,1,1
muscle,8,8,16
muscles,6,3,9
muscley,0,1,1
muscular,0,1,1
musculature,1,0,1
muse,5,7,12
musee,0,1,1
muses,0,1,1
museum,16,14,30
museums,1,2,3
museumsatnight,1,0,1
mush,4,5,9
mushaboom,1,0,1
mushroom,0,4,4
mushrooms,2,1,3
mushy,0,1,1
musialem,0,1,1
music,283,242,525
musica,1,0,1
musical,14,18,32
musicalawakening,1,0,1
musicalhit,1,0,1
musically,0,1,1
musicals,1,3,4
musician,1,2,3
musicians,1,1,2
musicislife,0,2,2
musicmonday,193,2,195
musicmondays,6,0,6
musiconline,1,0,1
musics,1,0,1
musik,0,1,1
musiks,0,1,1
musiq,1,0,1
musiqtone,1,1,2
musismonday,1,0,1
muskoka,1,0,1
muslim,2,1,3
muslims,1,0,1
muss,2,0,2
mussed,0,1,1
mussels,0,2,2
musso,7,1,8
must,259,336,595
musta,2,4,6
mustache,3,3,6
mustachioed,0,1,1
mustang,1,1,2
mustangs,0,1,1
mustard,1,3,4
muster,0,1,1
mustfollowfriday,1,0,1
mustin,1,0,1
musts,1,0,1
mustve,0,1,1
musuem,1,0,1
mutakka,1,0,1
mutant,1,2,3
mutants,1,0,1
mutations,0,1,1
mute,2,0,2
muted,1,0,1
muter,2,0,2
muthafucka,0,1,1
muthafuckas,1,0,1
muthafuckn,1,0,1
mutilated,1,0,1
mutt,2,0,2
muttered,1,0,1
muttering,1,1,2
mutual,5,5,10
mutually,1,0,1
mutumiri,0,1,1
mutya,2,1,3
muuccch,1,0,1
muuch,2,0,2
muuhaha,1,0,1
muurkrant,1,0,1
muust,1,0,1
muuuch,0,1,1
muuucha,1,0,1
muuuchhh,0,1,1
muuuuaaah,0,1,1
muwahahahahahaahahaha,1,0,1
muwhahaha,1,0,1
muxo,0,1,1
muy,2,3,5
muzac,1,0,1
muzak,1,0,1
muzik,0,1,1
muzzels,0,1,1
mv,1,0,1
mving,1,0,1
mvis,1,0,1
mvp,1,3,4
mw,28,6,34
mwa,0,4,4
mwaah,1,0,1
mwah,7,15,22
mwahah,0,1,1
mwahahaaa,1,0,1
mwahahah,1,0,1
mwahahaha,1,0,1
mwahahahaha,0,1,1
mwahahahahaha,0,1,1
mwahh,0,1,1
mwahs,1,0,1
mwahz,0,1,1
mwas,0,1,1
mweh,0,1,1
mwhaha,0,1,1
mwhahaha,0,2,2
mwl,0,1,1
mwn,1,0,1
mwuah,1,1,2
mwuaha,1,0,1
mwuhaha,1,0,1
mx,2,1,3
mxit,3,0,3
mxpx,0,1,1
my,7010,6861,13871
myabe,0,1,1
mybdayforthefamily,0,1,1
mybed,1,0,1
myblackbird,2,0,2
myblock,0,1,1
mybreakfast,1,0,1
mycardsdirect,0,1,1
mycoplama,1,0,1
mycrack,1,0,1
mydadpwns,1,0,1
mydiligent,1,0,1
mydl,1,0,1
myers,1,1,2
myfather,1,0,1
myfax,1,0,1
mygarage,1,0,1
mygen,1,0,1
mygyver,0,1,1
myhouse,0,1,1
myhrr,1,0,1
myki,0,1,1
mykryptonite,1,0,1
mylar,0,1,1
mylo,1,0,1
myo,1,0,1
myopics,0,1,1
myparkingfine,1,0,1
myportalspace,0,1,1
mypradol,0,1,1
myr,0,1,1
myrphy,1,0,1
mys,0,1,1
mysapce,1,0,1
myself,249,281,530
myselff,1,0,1
myselfff,0,1,1
myselfffff,0,1,1
mysexis,1,0,1
myside,1,0,1
myslef,0,2,2
mysms,0,1,1
mysoju,0,1,1
mysongfortoday,1,0,1
mysore,0,1,1
myspace,70,83,153
myspaced,0,1,1
myspaceee,1,0,1
myspaceeeeee,0,1,1
myspazz,1,0,1
myspazzz,0,1,1
myspizzle,0,1,1
mysql,3,1,4
mysqlcamp,1,0,1
mysteries,1,0,1
mysterious,3,3,6
mysteriously,2,0,2
mystery,6,9,15
mystic,0,1,1
mysty,1,0,1
myt,1,2,3
myth,0,4,4
mythbusters,1,2,3
mythic,1,1,2
myweakness,182,0,182
myweawkness,1,0,1
myweekness,1,0,1
myx,1,1,2
myy,3,2,5
myyy,2,1,3
myyyy,0,1,1
myyyyy,0,1,1
mz,0,1,1
mzfreeproductcode,0,1,1
na,48,85,133
naa,4,5,9
naaa,1,2,3
naaaaaaa,0,1,1
naaaaaaaaaao,0,1,1
naaaaaaaaw,1,0,1
naaaaw,0,2,2
naaah,1,1,2
naaasty,0,1,1
naaaw,2,0,2
naah,2,4,6
naahi,1,0,1
naar,1,0,1
naartjies,0,1,1
naaw,0,3,3
nab,1,0,1
naband,1,0,1
nabung,0,1,1
nach,1,0,1
nacho,0,1,1
nachos,2,1,3
nachsitzen,0,1,1
nacht,2,0,2
naco,0,1,1
nad,2,0,2
nada,6,10,16
nadal,15,4,19
nadia,1,0,1
nadiapp,1,0,1
nadine,1,2,3
nadroj,1,0,1
nads,1,1,2
nae,1,0,1
naff,0,2,2
nafso,1,0,1
nag,1,2,3
nagbabasa,0,1,1
nagbanana,1,0,1
nage,0,1,1
naggin,1,0,1
naggy,0,1,1
naghihintay,1,0,1
naging,1,1,2
nagios,0,1,1
naglay,0,1,1
nagloload,1,0,1
nagpakita,0,1,1
nagrereview,0,1,1
nagtatagalog,0,1,1
nagulat,0,1,1
naguusap,0,1,1
nagyon,1,0,1
nah,49,98,147
naheen,1,0,1
nahh,4,6,10
nahhh,3,2,5
nahhhh,0,1,1
nahhhhh,0,1,1
nahhhhhh,1,0,1
nahi,2,0,2
nahiiiiiiiiiiii,0,1,1
nahin,0,4,4
nahj,0,1,1
nahohook,0,1,1
nahrain,0,1,1
nahulugan,1,0,1
nai,1,0,1
naice,2,0,2
naiinis,1,0,1
nail,12,8,20
nailed,0,2,2
nails,16,16,32
naim,1,0,1
nair,0,1,1
naisbitt,1,0,1
naive,0,1,1
naivite,1,0,1
naiya,0,1,1
naja,1,0,1
nak,2,1,3
naka,2,0,2
nakajima,1,0,1
nakaka,0,1,1
nakakahiya,0,1,1
nakakapanood,1,0,1
nakakatakot,0,1,1
naked,25,25,50
nakey,0,1,1
nako,0,3,3
naks,1,0,1
naku,1,1,2
nala,1,0,1
nalang,0,2,2
nallely,0,1,1
nam,2,1,3
nama,2,0,2
naman,9,18,27
namaste,0,2,2
nambah,0,1,1
nambu,6,1,7
name,203,282,485
named,17,29,46
nameless,1,0,1
namely,0,1,1
names,26,34,60
namin,1,0,1
naming,3,3,6
nan,4,2,6
nana,6,7,13
nanad,0,1,1
nanaimo,0,1,1
nanalo,1,0,1
nanamang,1,0,1
nanana,0,1,1
nanas,1,1,2
nanci,1,0,1
nancy,7,3,10
nando,3,2,5
nandos,0,1,1
nang,1,1,2
nangangasim,0,1,1
nangis,0,1,1
nangkep,1,0,1
nani,2,1,3
nanking,1,0,1
nanna,0,1,1
nannied,1,0,1
nanny,3,0,3
nano,2,2,4
nanowrimo,1,0,1
nans,1,0,1
nanti,0,2,2
nao,4,3,7
naoko,1,0,1
naomi,1,0,1
naooo,1,1,2
naoooo,0,1,1
naow,0,1,1
nap,57,40,97
napa,1,4,5
nape,0,2,2
napings,0,1,1
napkin,1,1,2
napkins,0,1,1
naples,1,1,2
napoleon,1,3,4
napp,1,1,2
napped,0,1,1
nappin,0,1,1
napping,3,2,5
nappy,2,1,3
naps,3,5,8
napster,0,1,1
naptime,4,2,6
nar,0,1,1
nara,0,1,1
narak,1,0,1
narcissus,1,0,1
narco,0,1,1
narcosis,1,0,1
narita,0,1,1
nark,0,1,1
narnia,3,1,4
narniaaaaaaaaa,0,1,1
narrating,0,1,1
narrative,2,0,2
narrator,0,1,1
narrow,4,0,4
narrowed,1,0,1
naruto,1,1,2
nas,2,2,4
nasa,6,5,11
nasal,1,0,1
nasalihan,1,0,1
nascar,6,2,8
naseau,1,0,1
nash,3,1,4
nasha,1,0,1
nashville,6,8,14
nasi,1,0,1
nasib,0,1,1
nasik,1,0,1
nass,1,0,1
nast,1,0,1
nastayy,0,1,1
nastierfilmtitles,1,0,1
nasty,29,21,50
naswh,1,0,1
nat,3,9,12
natal,4,4,8
natalia,2,1,3
natalie,3,3,6
natalielane,1,0,1
natasha,3,1,4
natashatakia,1,0,1
natch,1,2,3
nate,3,2,5
natgeo,1,0,1
nath,1,0,1
nathan,3,2,5
nathang,1,0,1
nathaniel,0,1,1
nathaton,0,1,1
natin,0,1,1
nation,8,9,17
national,20,14,34
nationalcancersurvivorday,1,0,1
nationalistic,0,1,1
nationality,0,1,1
nationalize,0,3,3
nationally,0,1,1
nationals,1,2,3
nations,0,3,3
nationwide,0,1,1
native,3,6,9
natively,0,1,1
natm,0,1,1
natomas,1,0,1
nats,2,0,2
natter,0,2,2
natty,0,1,1
natulog,0,1,1
natums,0,1,1
natura,1,0,1
natural,8,16,24
naturally,4,9,13
naturallyspeaking,0,1,1
nature,11,14,25
nau,0,2,2
naughties,0,1,1
naughtiness,0,1,1
naughty,7,16,23
naugthy,1,0,1
nausea,3,3,6
nauseating,1,0,1
nauseous,1,2,3
nausia,0,1,1
nautical,0,1,1
nav,1,0,1
naval,1,0,1
navarre,0,1,1
navarro,1,0,1
navbar,1,0,1
navigate,0,2,2
navigated,0,1,1
navigation,0,5,5
navigator,0,1,1
navijam,1,0,1
navy,2,4,6
naw,9,31,40
nawala,0,1,1
nawh,0,1,1
nawong,1,0,1
nawt,0,1,1
naww,4,6,10
nawww,2,1,3
nawwww,1,1,2
naxos,0,1,1
naxx,1,0,1
nay,2,1,3
naysayer,0,1,1
naysayers,1,0,1
nazgul,0,1,1
nazi,2,3,5
nazis,1,0,1
nazzy,0,1,1
nba,9,10,19
nbc,2,3,5
nbeem,1,0,1
nbh,0,1,1
nbree,0,1,1
nc,15,15,30
ncaa,2,0,2
ncavp,1,0,1
nce,2,0,2
ncea,1,0,1
ncis,6,3,9
ncs,0,1,1
nd,76,89,165
nda,0,3,3
nday,1,0,1
ndds,1,0,1
nde,0,1,1
nden,0,1,1
ndi,0,1,1
ndihluthi,0,1,1
ndinn,1,0,1
ne,15,14,29
neal,1,1,2
nealon,1,0,1
neals,0,1,1
neamicaela,1,0,1
neaopolotain,1,0,1
near,58,94,152
nearby,5,6,11
nearer,2,3,5
nearest,5,8,13
nearing,1,1,2
nearly,36,35,71
nearlyy,1,0,1
nears,0,1,1
neat,4,16,20
neatly,0,1,1
neato,0,2,2
nebbiolo,0,1,1
nebody,1,0,1
nebr,1,0,1
nebraska,1,2,3
nec,0,2,2
necessarily,2,2,4
necessary,6,9,15
necessities,1,1,2
necessity,0,2,2
nech,0,1,1
necio,1,0,1
neck,21,25,46
neckbones,0,1,1
necklace,6,9,15
neckline,1,0,1
necl,1,0,1
neclace,0,1,1
necolebitchie,0,1,1
necromancer,1,0,1
necrotizing,0,1,1
nectar,2,1,3
nectarine,0,1,1
ned,3,3,6
neda,7,1,8
nedi,1,0,1
nee,0,3,3
need,907,1158,2065
needa,7,5,12
needd,1,0,1
needddds,1,0,1
needed,64,85,149
needfolowers,1,0,1
needful,0,1,1
needin,1,0,1
needing,5,9,14
needle,7,6,13
needles,3,2,5
needless,0,2,2
needn,0,1,1
needs,101,117,218
needsss,0,1,1
needy,1,2,3
needz,0,1,1
neeed,0,3,3
neeeds,1,0,1
neeee,0,1,1
neeeed,1,3,4
neeeeds,1,0,1
neeeeeed,1,1,2
neeeeeeed,0,1,1
neeeeeeeed,0,1,1
neeeeein,0,1,1
neeeever,1,0,1
neeerd,1,0,1
neeha,0,1,1
neelix,0,2,2
neem,1,0,1
neena,1,0,1
neerd,0,1,1
neeson,2,0,2
neet,2,0,2
neethaane,1,0,1
neew,0,1,1
nef,1,0,1
nefing,1,0,1
nefollowuje,1,0,1
nefs,1,0,1
neg,0,2,2
negative,14,9,23
negatively,0,1,1
negatives,0,1,1
negativity,3,0,3
negihime,1,0,1
neglect,1,2,3
neglected,1,2,3
neglecting,0,5,5
neglig,1,0,1
negligence,0,1,1
negligible,0,1,1
negotiable,0,1,1
negotiate,0,1,1
negotiations,1,1,2
negra,1,0,1
neh,0,1,1
nehi,0,2,2
neice,1,2,3
neighbor,7,11,18
neighborhood,4,14,18
neighbors,6,12,18
neighbour,4,7,11
neighbourhood,0,2,2
neighbours,7,6,13
neil,3,7,10
neill,0,1,1
neilson,1,0,1
nein,0,1,1
neither,33,44,77
neitherr,1,0,1
neitherrrr,0,2,2
nej,1,0,1
nejad,1,0,1
nek,2,1,3
nekem,0,1,1
nekkid,0,2,2
neko,1,0,1
neleg,0,1,1
nelle,0,1,1
nelli,0,1,1
nelly,2,0,2
nellys,0,1,1
nelsinho,1,0,1
nelson,1,1,2
nelsons,1,0,1
nem,0,3,3
nemechek,1,0,1
nemo,6,2,8
nemore,1,1,2
nemri,1,0,1
nenachi,1,0,1
nene,0,1,1
nenem,1,0,1
neo,2,0,2
neocon,1,0,1
neogaf,2,0,2
neon,9,6,15
neone,1,0,1
neopets,0,1,1
neophos,1,0,1
neosolrkstr,1,0,1
neosporin,1,0,1
neotel,1,0,1
neotelsucks,1,0,1
nepa,2,0,2
nepal,1,0,1
nepalis,1,0,1
nephalim,1,0,1
nephew,5,15,20
nephews,1,3,4
nepomuze,1,0,1
nepotism,1,0,1
nerd,24,19,43
nerdfighter,1,0,1
nerdfighters,1,0,1
nerdmom,0,1,1
nerdom,1,0,1
nerdosaurus,0,1,1
nerdprom,1,0,1
nerds,6,7,13
nerdship,1,0,1
nerdy,5,3,8
nerf,0,3,3
nerfing,1,0,1
nerfs,0,1,1
neriesim,1,0,1
nero,1,1,2
nerv,1,0,1
nerve,2,10,12
nerves,5,4,9
nervous,24,35,59
nervousness,0,1,1
nervousss,0,1,1
nervs,0,1,1
nes,2,1,3
nesbu,1,0,1
nescafe,0,1,1
nesmemories,1,0,1
nespresso,1,0,1
nesquik,0,2,2
ness,10,12,22
nessa,4,0,4
nessie,1,1,2
nessss,1,0,1
nest,2,5,7
nested,0,1,1
nesting,0,4,4
nestle,0,1,1
net,34,30,64
netball,7,3,10
netbk,1,0,1
netbook,2,5,7
netbooks,1,1,2
netflix,4,7,11
nethack,0,1,1
netherlands,4,5,9
nething,2,1,3
netprophet,8,1,9
netregistry,1,0,1
nets,1,0,1
netsec,1,0,1
netstat,1,0,1
nettle,1,0,1
netvibes,1,1,2
network,22,12,34
networkin,0,1,1
networking,4,11,15
networks,1,3,4
neue,1,1,2
neuralgia,1,0,1
neuro,1,0,1
neuroanthropology,1,0,1
neurofen,0,1,1
neurosurgeon,1,0,1
neuter,1,0,1
neutral,1,1,2
neutron,1,0,1
nev,0,1,1
neva,7,9,16
nevada,0,4,4
never,572,756,1328
neverending,0,1,1
neverland,1,0,1
nevermind,13,12,25
neverr,0,1,1
neverrr,0,1,1
neverrrr,0,1,1
nevershoutnever,2,0,2
neverson,1,0,1
nevertheless,2,3,5
nevidela,0,1,1
nevim,1,0,1
nevr,4,1,5
new,876,948,1824
newark,1,0,1
neway,3,0,3
neways,0,1,1
newbee,1,0,1
newbie,5,3,8
newbies,1,2,3
newbluefx,0,1,1
newborn,2,0,2
newbornm,0,1,1
newbury,1,0,1
newby,0,1,1
newcaslte,0,1,1
newcastle,4,14,18
newcastles,0,1,1
newegg,0,1,1
newer,1,3,4
newest,12,4,16
newf,0,1,1
newfangled,1,0,1
newfie,0,1,1
newfollowers,1,0,1
newi,1,0,1
newlines,1,0,1
newly,1,2,3
newlywed,1,0,1
newman,1,0,1
newmoon,1,0,1
newo,5,0,5
newport,2,1,3
newquay,1,1,2
newry,1,0,1
news,143,198,341
newsblast,1,0,1
newschoolers,0,1,1
newsfeed,0,1,1
newsflash,1,0,1
newsgoups,0,1,1
newshowsforbbc,1,0,1
newskin,0,1,1
newsletter,5,5,10
newsletters,2,0,2
newsman,0,1,1
newsone,0,1,1
newspaper,4,4,8
newspapers,2,1,3
newsradio,1,0,1
newsreader,0,1,1
newsroom,0,2,2
newts,1,0,1
newy,1,0,1
newyork,0,3,3
newz,1,0,1
nex,3,0,3
nexon,0,1,1
next,461,701,1162
nextg,0,1,1
nextmedia,1,0,1
nextt,0,1,1
nextweek,2,0,2
nextworth,1,0,1
nexxt,1,0,1
nexxxt,1,0,1
nexy,0,1,1
neyo,2,1,3
nezaujima,1,0,1
nf,1,2,3
nfase,1,0,1
nfb,0,1,1
nfd,1,0,1
nfg,0,1,1
nfgt,0,1,1
nfl,1,0,1
nfr,1,1,2
nfy,0,1,1
ng,47,26,73
nga,4,20,24
ngaha,1,0,1
ngak,0,1,1
ngasih,1,0,1
ngatain,1,0,1
ngayon,2,0,2
ngdwnload,0,1,1
nge,1,1,2
ngegantung,0,1,1
ngeh,1,0,1
ngejelek,0,1,1
ngeliat,1,0,1
ngene,1,0,1
ngenyek,1,0,1
ngerokok,1,0,1
ngetop,0,1,1
ngetweet,0,1,1
ngga,0,1,1
nggak,1,2,3
nggie,1,0,1
nggu,0,1,1
ngh,2,0,2
nghe,1,1,2
nght,1,3,4
ngidam,0,1,1
ngidem,1,0,1
nginx,1,0,1
ngl,2,3,5
ngo,0,1,1
ngobrooool,0,1,1
ngomong,1,0,1
ngon,1,0,1
ngopi,1,0,1
ngpn,0,1,1
ngriffin,0,1,1
ngs,0,1,1
ngt,1,0,1
ngu,2,0,2
ngulii,1,0,1
ngumpul,0,1,1
nguoi,2,0,2
nguy,1,0,1
nguyen,1,0,1
nh,17,8,25
nhaaaiiiiiiiiiii,0,1,1
nhanh,1,0,1
nhi,2,0,2
nhl,6,0,6
nhlawards,1,0,1
nhltweetup,1,1,2
nhs,2,1,3
ni,5,14,19
nia,1,4,5
niaa,1,0,1
niagara,2,1,3
niagra,1,0,1
niahahahahaaa,1,0,1
nian,1,0,1
niang,1,0,1
nibble,1,1,2
nic,2,8,10
nicasio,1,0,1
nicca,1,0,1
nicccccce,1,0,1
nice,604,934,1538
niceday,1,0,1
nicee,2,0,2
niceee,1,3,4
niceeee,0,2,2
niceeeee,0,1,1
nicefirmtitties,1,0,1
nicely,17,17,34
niceness,1,0,1
nicer,11,14,25
nicerfilmtitles,1,0,1
nicest,5,4,9
nich,2,0,2
niche,0,1,1
nicholas,1,2,3
nicholson,1,0,1
nicht,2,1,3
nici,1,0,1
nicies,0,1,1
nick,36,47,83
nickasaur,1,0,1
nicked,0,1,1
nickel,3,0,3
nickelback,2,1,3
nickelodeon,1,0,1
nickels,1,0,1
nickerrs,1,0,1
nicki,4,0,4
nickname,7,8,15
nicknamee,1,0,1
nicknames,2,3,5
nicks,1,3,4
nicky,2,4,6
nico,1,2,3
nicola,3,2,5
nicole,13,13,26
nicoles,0,1,1
nicolette,0,2,2
nicotine,1,2,3
nicotinekauwgom,1,0,1
niddy,1,0,1
niece,6,14,20
nieces,0,3,3
niecey,0,1,1
niecy,0,1,1
nieghborhood,1,0,1
niemanden,0,1,1
niente,0,1,1
niet,0,1,1
niether,0,2,2
nieves,1,0,1
nifty,3,1,4
nigel,1,1,2
nigg,0,2,2
nigga,12,16,28
niggaaaa,0,1,1
niggahz,1,0,1
niggas,5,1,6
niggaz,1,0,1
niggers,0,1,1
nigggga,0,1,1
nigguhs,1,0,1
niggur,1,0,1
nigh,0,2,2
nigha,1,0,1
nighshift,1,0,1
night,867,928,1795
nightcard,1,0,1
nightclub,1,0,1
nighter,5,7,12
nighters,1,1,2
nightie,2,0,2
nightlife,1,0,1
nightlight,1,0,1
nightly,1,3,4
nightmare,20,19,39
nightmares,7,11,18
nightmr,1,0,1
nightnight,1,1,2
nightowl,1,0,1
nightrats,1,0,1
nights,35,44,79
nightshift,1,3,4
nightshit,1,0,1
nightsounds,0,1,1
nightstand,0,1,1
nightt,1,1,2
nighttime,1,0,1
nightttt,1,1,2
nightwatch,1,0,1
nightwing,1,0,1
nighty,10,7,17
nightypoo,0,1,1
nignt,0,1,1
nigt,1,0,1
nigth,1,0,1
nih,3,10,13
nihongo,0,1,1
niice,1,1,2
niight,0,1,1
niighttt,1,0,1
niiice,2,4,6
niiiice,2,0,2
niiiight,1,1,2
niiiiice,2,2,4
niiiiid,1,0,1
niiiiiiice,1,0,1
niiiiiiiice,1,0,1
niiiiiiiiice,0,1,1
niiiiiiiiiiiiice,0,1,1
niiiiiiiiiiiiiiiiiiiiiiiiiiiiiiiiiiiiiiiiiiiiiiiiiiiiiice,0,1,1
niin,1,0,1
nik,0,2,2
nikab,1,0,1
nikanika,1,0,1
nike,0,3,3
nikenando,2,0,2
nikka,1,1,2
nikki,5,2,7
nikkimouse,1,0,1
niko,1,0,1
nikole,0,1,1
nikon,6,4,10
niks,0,1,1
nil,0,1,1
nila,2,0,2
nilai,0,1,1
nilanjana,0,1,1
nilch,0,1,1
nile,1,0,1
niley,10,5,15
nilla,1,0,1
nils,0,1,1
nim,0,1,1
nimble,0,1,1
nimbuzz,0,1,1
nimic,1,0,1
nimitz,1,0,1
nimmy,0,1,1
nimo,0,1,1
nin,9,4,13
nina,8,2,10
ninang,0,2,2
ninas,0,1,1
ninde,0,1,1
nine,8,7,15
nineteen,0,1,1
ninety,1,0,1
ning,2,1,3
nini,0,1,1
ninja,8,7,15
ninjad,0,1,1
ninjas,0,2,2
nino,1,1,2
nintendo,11,1,12
nintendogs,1,0,1
nintendos,0,1,1
nintento,0,1,1
ninyo,0,1,1
nip,2,0,2
nipping,0,1,1
nipple,0,2,2
nipples,1,0,1
nippy,0,1,1
nips,1,1,2
niqa,1,0,1
niqht,1,0,1
niqqa,2,0,2
niraihifi,1,0,1
niro,0,1,1
nis,1,1,2
nisam,0,1,1
nisey,1,0,1
nissan,0,2,2
nissian,1,0,1
nit,2,0,2
nita,1,1,2
nite,93,102,195
nitee,2,0,2
nitelife,0,1,1
niterzzz,1,0,1
nites,3,3,6
nitey,2,1,3
nitez,1,0,1
nitin,1,0,1
nitlecamp,1,0,1
nitrogen,0,1,1
nitrous,0,1,1
nive,0,1,1
nivea,1,1,2
nivel,1,0,1
nixed,0,1,1
nizz,0,1,1
nj,4,13,17
njdfatrain,1,0,1
njoi,0,1,1
njoy,3,1,4
nk,7,5,12
nka,0,1,1
nko,0,1,1
nkotb,7,10,17
nks,0,1,1
nkta,0,1,1
nku,0,1,1
nky,1,0,1
nl,2,0,2
nlang,0,1,1
nlhe,1,0,1
nlng,3,1,4
nlp,0,2,2
nm,8,6,14
nman,1,0,1
nmc,1,0,1
nme,2,0,2
nmn,0,1,1
nn,0,2,2
nndun,1,0,1
nnoo,1,0,1
nnss,1,0,1
nnt,0,1,1
nntn,0,1,1
no,2287,3235,5522
noa,2,0,2
noagenda,1,0,1
noah,2,5,7
noassetol,1,0,1
nob,0,1,1
nobel,2,0,2
nobitchassnessfriday,1,0,1
noble,3,2,5
nobles,0,1,1
noboby,1,1,2
nobody,51,52,103
nobodys,2,0,2
noc,1,0,1
noch,0,1,1
noches,1,1,2
nockels,0,1,1
nocommentisacomment,1,0,1
nocturnal,3,1,4
nod,1,4,5
nodaji,1,0,1
nodding,1,0,1
node,1,1,2
nods,7,7,14
noe,7,5,12
noeee,0,1,1
noeeees,1,0,1
noein,0,1,1
noel,1,2,3
noelle,1,2,3
noes,9,13,22
noexcuse,1,0,1
noez,1,0,1
nofollow,1,0,1
nog,1,1,2
noggin,0,1,1
nogigernoalien,0,1,1
nogocookingshow,1,0,1
noh,0,3,3
noi,1,0,1
noice,2,3,5
noicee,1,0,1
noidea,1,0,1
noifam,1,0,1
noir,3,1,4
noire,0,1,1
noise,20,12,32
noises,3,0,3
noisettes,1,0,1
noisy,3,1,4
noite,1,1,2
noithing,1,0,1
nojossnobuffy,0,1,1
nokia,10,12,22
nokiae,0,1,1
nokie,1,0,1
nokor,0,1,1
nola,1,2,3
nolan,0,1,1
nole,1,1,2
noli,0,1,1
nolongin,0,1,1
nolove,0,1,1
nom,13,21,34
nomadic,0,2,2
nomaintance,1,0,1
nomaintenance,1,0,1
nome,1,0,1
nominal,1,1,2
nominate,0,1,1
nominated,4,3,7
nominations,1,1,2
nominee,1,0,1
nomintated,1,0,1
nomium,0,1,1
nommmm,0,1,1
nommy,0,2,2
nomnomnom,1,1,2
nomoe,0,1,1
nomore,3,2,5
noms,1,1,2
non,42,47,89
nona,0,1,1
none,49,43,92
nonetheless,3,7,10
nonexistent,0,1,1
nonizineatgmaildotcom,0,1,1
nono,1,1,2
nonononon,0,1,1
nonononononono,0,1,1
nononooooo,0,1,1
nonprofit,0,1,1
nonprofits,1,0,1
nonsense,4,5,9
nonstop,0,1,1
nonstopping,0,1,1
nonsurprising,1,0,1
nontheless,1,1,2
nonthreatening,0,1,1
nonvaxed,0,1,1
nonworking,1,0,1
noo,17,27,44
noob,3,4,7
noobcake,1,0,1
noobrs,1,0,1
noobs,1,1,2
noodle,4,4,8
noodles,9,8,17
noodlessss,1,0,1
nooes,0,1,1
noogle,0,1,1
nook,0,1,1
nookie,2,0,2
nooks,0,1,1
noon,12,5,17
noone,7,12,19
noones,0,1,1
noong,1,0,1
noongah,0,1,1
noonie,0,1,1
noontime,0,1,1
nooo,32,47,79
noooo,37,27,64
nooooo,15,24,39
noooooo,6,11,17
nooooooo,5,5,10
noooooooo,3,5,8
nooooooooo,5,8,13
nooooooooob,0,1,1
noooooooooo,2,8,10
nooooooooooo,1,1,2
nooooooooooooo,1,1,2
noooooooooooooo,0,1,1
nooooooooooooooo,0,2,2
noooooooooooooooo,0,1,1
noooooooooooooooooooooooooooooooooooo,0,1,1
nooooooooooooooooooooooooooooooooooooooooooo,0,1,1
nooooooooow,1,0,1
nooooooot,0,1,1
noooow,0,1,1
nooot,0,1,1
nooothing,1,0,1
nooowaaay,0,1,1
noope,0,1,1
noopy,0,2,2
noordinary,0,1,1
noosa,0,1,1
noothing,0,1,1
noowww,0,1,1
nop,0,1,1
nopalitos,0,1,1
nopantstuesday,1,0,1
nope,91,168,259
nopee,0,3,3
nopeeee,1,0,1
nopers,1,0,1
nopes,1,1,2
noplace,1,0,1
nor,15,16,31
nora,0,2,2
norah,1,0,1
nordic,1,0,1
nordkjosmessa,1,0,1
nordrack,1,0,1
nordstrom,1,1,2
nore,0,1,1
noreservations,1,0,1
norfolk,0,1,1
norge,1,0,1
norm,3,0,3
norma,1,1,2
normal,34,65,99
normalcy,1,0,1
normale,1,0,1
normality,0,1,1
normalizes,1,0,1
normally,14,16,30
normaly,1,0,1
normalz,1,0,1
norman,1,1,2
norohna,0,1,1
norries,0,1,1
norris,2,1,3
norrr,0,1,1
norte,0,1,1
nortel,1,0,1
north,26,39,65
northeast,2,4,6
northeastern,0,1,1
northern,6,13,19
northface,0,1,1
northgate,0,1,1
northland,1,0,1
northrend,1,1,2
northridge,1,0,1
northwestern,1,0,1
northwood,0,1,1
norton,1,0,1
norwalk,2,0,2
norway,8,9,17
norwegan,1,0,1
norwegian,4,3,7
norwich,2,0,2
norwish,0,2,2
norwood,1,0,1
nos,0,1,1
nose,39,30,69
nosebleed,1,2,3
nosebleeds,0,1,1
noseee,0,1,1
noseeyyy,0,1,1
noses,1,0,1
nosey,3,4,7
nosh,1,2,3
nospec,0,1,1
nossos,0,1,1
nostalgia,1,2,3
nostalgic,2,3,5
nostril,1,0,1
nostrils,2,1,3
nostromo,1,0,1
nosy,5,2,7
not,8010,10898,18908
notable,0,1,1
notables,0,1,1
notahater,1,0,1
notavailableincountry,0,1,1
notch,2,2,4
notcool,1,0,1
notdoingalot,1,0,1
note,97,39,136
notebook,5,8,13
notebooks,0,2,2
noted,2,8,10
notepad,4,1,5
notes,23,21,44
notetoself,1,0,1
notfeelingwell,1,0,1
nothando,1,0,1
nothanngg,0,1,1
notheing,0,1,1
nother,2,2,4
nothign,0,2,2
nothiing,1,0,1
nothin,14,31,45
nothing,301,340,641
nothingggg,0,1,1
nothinggggggggg,1,0,1
nothingpersonal,7,0,7
nothings,2,3,5
nothinn,1,0,1
nothinngg,1,0,1
nothn,0,1,1
noticable,0,1,1
notice,27,42,69
noticed,21,51,72
noticedthat,0,1,1
notices,1,0,1
noticias,0,1,1
noticible,0,1,1
noticing,3,3,6
notie,0,1,1
notiert,0,1,1
notification,1,3,4
notificationcenter,1,0,1
notificationnya,0,1,1
notifications,3,8,11
notified,2,1,3
noting,1,2,3
notion,1,0,1
notions,0,1,1
notjing,0,1,1
notmy,0,1,1
notoconass,1,0,1
notorious,0,1,1
notoriously,0,1,1
notre,1,0,1
nots,0,1,1
notsugripp,1,0,1
nott,4,2,6
notte,0,1,1
nottingham,2,3,5
notts,2,3,5
notttt,0,2,2
nottys,1,0,1
notwhatyouhadinmind,1,0,1
notwithstanding,0,1,1
notz,0,1,1
nou,1,0,1
noughties,1,0,1
noun,0,2,2
noundiessunday,25,1,26
nouns,1,0,1
nov,7,4,11
nova,3,5,8
novaaaaaaa,1,0,1
novacantitis,1,0,1
novak,1,2,3
novation,0,1,1
novel,4,6,10
novell,0,1,1
novels,2,1,3
novelty,2,0,2
november,12,7,19
novemeber,0,1,1
novemeberish,0,1,1
novemebr,0,1,1
novena,1,0,1
novice,2,3,5
novio,1,0,1
now,2271,2529,4800
nowaday,1,0,1
nowadays,7,21,28
nowdays,1,1,2
nowee,1,0,1
nowhere,25,25,50
nowon,0,1,1
nowt,3,1,4
nowthatifuckwittwitter,1,0,1
noww,4,2,6
nowwatchingsimpsons,1,0,1
nowww,6,1,7
noxo,1,0,1
noyes,0,1,1
noz,0,1,1
nozzel,0,1,1
np,11,11,22
npcc,1,0,1
nph,1,0,1
npo,0,1,1
npr,3,0,3
nps,1,2,3
nr,1,3,4
nrg,0,1,1
nri,1,0,1
nrp,2,0,2
ns,0,2,2
nsc,0,1,1
nsche,0,1,1
nsd,1,0,1
nsfw,3,2,5
nside,0,1,1
nsite,1,0,1
nsn,3,1,4
nsr,0,1,1
nstead,0,1,1
nstimer,1,0,1
nsw,3,3,6
nswdet,0,1,1
nsync,1,0,1
nt,10,16,26
ntah,0,1,1
ntar,0,1,1
ntg,0,1,1
nth,1,2,3
nthg,1,0,1
nthin,1,0,1
nthn,0,1,1
ntin,1,0,1
ntit,1,0,1
ntl,2,0,2
ntm,1,0,1
ntn,0,1,1
ntr,1,1,2
nts,2,1,3
ntt,0,1,1
nttn,0,1,1
ntua,0,1,1
ntuc,0,1,1
nty,0,1,1
nu,9,13,22
nuances,0,1,1
nub,0,1,1
nubbins,1,0,1
nuclear,4,0,4
nud,0,2,2
nude,6,5,11
nudes,0,4,4
nudge,2,8,10
nudging,0,3,3
nudie,0,1,1
nudity,1,1,2
nuetron,0,1,1
nueva,1,0,1
nuevasync,1,0,1
nuevo,1,1,2
nufc,1,0,1
nuff,1,5,6
nufffin,0,1,1
nuffin,2,3,5
nufin,0,1,1
nugget,3,1,4
nuggets,11,10,21
nugs,1,0,1
nuh,1,2,3
nuhh,0,1,1
nuhhh,0,1,1
nuhin,0,1,1
nuit,2,1,3
nuke,3,0,3
nukemorning,1,0,1
nulis,0,1,1
null,1,1,2
num,2,2,4
numb,4,3,7
numba,4,0,4
numbah,1,0,1
numbed,0,1,1
number,94,91,185
numbered,2,1,3
numbergasm,1,0,1
numberrrrss,0,1,1
numbers,16,15,31
numberssss,1,0,1
numbingly,0,1,1
numbness,0,1,1
numer,0,1,1
numerals,0,1,1
numero,1,0,1
numerous,0,2,2
nummy,0,2,2
numnumnum,1,0,1
numpties,0,1,1
numpty,0,1,1
nun,2,1,3
nunes,0,2,2
nung,0,1,1
nuno,1,0,1
nunu,1,0,1
nup,1,0,1
nuptials,1,0,1
nur,2,1,3
nurani,0,1,1
nurburgring,1,0,1
nurish,1,0,1
nurofen,0,2,2
nurple,1,0,1
nurse,11,9,20
nursery,2,1,3
nurses,1,0,1
nursing,3,7,10
nurturing,1,2,3
nusrat,0,2,2
nut,4,9,13
nutbush,0,1,1
nutella,3,3,6
nuthin,1,5,6
nuthing,0,1,1
nuthn,0,1,1
nuthouse,0,1,1
nutin,0,2,2
nutini,1,0,1
nutmeg,0,1,1
nutrigrain,0,1,1
nutrition,0,1,1
nutritional,0,1,1
nutritionist,1,0,1
nutritious,0,1,1
nuts,21,29,50
nutshell,2,0,2
nutshit,1,0,1
nutso,0,1,1
nutter,2,2,4
nuttin,1,5,6
nuttiness,0,1,1
nuttn,0,1,1
nutz,0,1,1
nutzen,1,0,1
nuu,1,0,1
nuvo,0,1,1
nuwer,0,1,1
nuys,0,1,1
nv,0,1,1
nvade,1,0,1
nver,2,1,3
nvfn,1,0,1
nvm,3,2,5
nvmd,1,0,1
nvr,4,8,12
nvrmnd,0,1,1
nw,8,10,18
nwa,0,1,1
nwf,1,0,1
nwo,1,0,1
nwtel,0,1,1
nxne,2,1,3
nxt,14,19,33
nxtgenug,0,1,1
ny,38,62,100
nya,3,3,6
nyaaaaaa,2,0,2
nyah,0,2,2
nyanyi,1,0,1
nyari,0,1,1
nyarks,0,1,1
nyaww,1,0,1
nybdy,0,1,1
nyc,34,60,94
nyce,1,0,1
nyda,0,1,1
nye,1,1,2
nyea,1,0,1
nyeah,1,0,1
nyee,1,0,1
nyeheheh,1,0,1
nyehehehehehe,0,1,1
nylon,1,0,1
nymag,1,0,1
nymore,1,0,1
nyoba,1,1,2
nyobain,2,0,2
nyoopes,1,0,1
nyour,0,1,1
nypost,0,1,1
nyquil,1,3,4
nyt,8,5,13
nytimes,1,0,1
nyts,1,0,1
nyusul,1,0,1
nyways,1,0,1
nz,9,15,24
nzc,1,0,1
nzt,1,0,1
oah,1,0,1
oahu,2,1,3
oak,4,3,7
oakland,2,3,5
oakleigh,1,0,1
oakley,0,1,1
oakliegh,1,0,1
oakman,1,0,1
oakridge,0,1,1
oaks,1,1,2
oakville,1,0,1
oan,1,0,1
oarty,0,1,1
oasidjaishj,1,0,1
oasis,4,1,5
oasisoffun,0,1,1
oath,1,0,1
oatmeal,5,4,9
oats,0,2,2
oatsey,0,1,1
oauth,2,0,2
ob,0,1,1
obama,19,14,33
obamabots,0,1,1
obamas,1,1,2
obavy,1,0,1
obbsessing,0,1,1
obe,1,0,1
obects,0,1,1
obedience,0,2,2
obedient,0,1,1
oberena,0,1,1
oberhausen,0,3,3
oberlin,0,1,1
obernik,1,0,1
obese,0,2,2
obey,0,2,2
obeymyobama,1,0,1
obfuscating,1,0,1
object,4,1,5
objected,0,1,1
objectionable,2,0,2
objective,3,1,4
objects,3,2,5
objev,1,0,1
obligated,1,1,2
obligations,1,1,2
obligatory,0,1,1
oblige,0,1,1
obliged,0,1,1
obligingly,0,1,1
obliterated,2,0,2
oblivion,2,1,3
oblivious,2,0,2
obnoxious,2,3,5
obox,0,1,1
oboy,2,0,2
obrigada,0,2,2
obs,1,1,2
obscene,1,1,2
obscenities,1,0,1
obscure,0,1,1
observation,1,4,5
observations,1,0,1
observatory,0,1,1
observe,0,3,3
observed,1,0,1
observer,2,0,2
observing,1,0,1
obsess,2,0,2
obsessed,16,16,32
obsessing,1,1,2
obsession,2,5,7
obsessions,0,1,1
obsessive,2,3,5
obsessively,0,1,1
obsessors,0,1,1
obsolete,2,1,3
obssesed,1,0,1
obssessed,0,1,1
obstacle,1,0,1
obstinate,0,1,1
obtain,0,1,1
obtuse,0,1,1
obtw,1,0,1
obuenos,0,1,1
obv,2,4,6
obviosu,1,0,1
obviosuly,0,1,1
obvioulsy,0,1,1
obvious,11,8,19
obviously,29,43,72
obviousmoviereference,0,1,1
obvisously,1,0,1
obvous,1,0,1
obvs,1,0,1
oc,8,8,16
ocala,1,0,1
occaisonal,0,1,1
occasion,4,2,6
occasional,2,7,9
occasionally,2,5,7
occasions,0,1,1
occipital,1,0,1
occupants,1,0,1
occupation,0,1,1
occupied,1,5,6
occupy,1,2,3
occur,1,2,3
occured,2,0,2
occuring,2,1,3
occurred,7,0,7
occurrence,0,1,1
occurs,0,1,1
ocd,4,2,6
ocder,1,0,1
ocean,12,9,21
oceania,1,0,1
oceans,0,1,1
oceanside,1,1,2
oceanup,2,1,3
och,0,1,1
ochii,0,1,1
oclock,1,0,1
ocr,0,3,3
ocs,1,1,2
oct,1,9,10
octo,1,0,1
octobe,1,0,1
october,10,19,29
octopi,0,2,2
octopods,0,1,1
octopus,5,1,6
octopuses,0,2,2
ocuk,1,0,1
ocupare,1,0,1
od,6,7,13
oday,0,2,2
odb,0,1,1
odd,23,35,58
oddball,0,1,1
oddest,1,0,1
oddities,0,1,1
oddly,7,4,11
odds,5,6,11
ode,1,1,2
oded,1,0,1
odee,0,1,1
odeeeee,1,0,1
odeon,1,0,1
odi,1,0,1
odna,1,0,1
odom,1,0,1
odoooo,0,1,1
odour,1,0,1
odriin,0,1,1
odst,1,0,1
odt,0,1,1
odyssey,0,2,2
oe,0,1,1
oeh,3,0,3
oerlinghausen,0,1,1
oerol,1,0,1
oetmannshausen,2,0,2
oewf,1,0,1
of,4784,5842,10626
ofb,1,0,1
ofc,0,4,4
ofcourse,8,7,15
ofcouse,0,1,1
ofcrse,0,1,1
ofcs,0,1,1
ofcurse,0,1,1
off,698,756,1454
offa,2,0,2
offdended,0,1,1
offee,1,0,1
offence,2,1,3
offences,1,0,1
offend,2,3,5
offended,8,13,21
offending,0,1,1
offenes,1,0,1
offense,4,6,10
offensive,2,2,4
offer,28,46,74
offered,10,9,19
offering,5,5,10
offerings,0,2,2
offerred,0,1,1
offers,5,8,13
offerts,1,0,1
offffff,1,0,1
offial,0,1,1
offical,0,3,3
offically,4,1,5
office,110,107,217
officelive,0,1,1
officenomad,0,1,1
officer,3,3,6
offices,1,6,7
official,27,26,53
officialin,0,1,1
officialised,0,1,1
officially,38,26,64
officialrihanna,1,0,1
officialy,2,3,5
officiating,0,1,1
offline,15,15,30
offpeak,0,1,1
offramp,1,0,1
offs,3,1,4
offset,1,0,1
offshore,0,1,1
offspring,3,1,4
offtopic,0,1,1
oficially,0,1,1
ofmy,1,0,1
ofr,1,0,1
ofrecen,0,1,1
often,37,55,92
ofthe,0,1,1
og,2,1,3
ogehhh,0,1,1
ogenki,0,1,1
oggling,0,1,1
oggy,0,1,1
oggz,1,0,1
oghr,0,1,1
ogilvy,1,0,1
oh,1144,1820,2964
ohac,3,0,3
ohai,1,1,2
ohana,0,1,1
ohatdl,1,0,1
ohb,0,1,1
ohcomeon,0,1,1
ohe,0,1,1
oheka,1,0,1
oheyyy,1,0,1
ohgodmywallethatesme,0,1,1
ohgodohgodohgod,1,0,1
ohh,62,77,139
ohhh,32,55,87
ohhhh,16,23,39
ohhhhh,2,7,9
ohhhhhh,2,3,5
ohhhhhhh,1,0,1
ohhhhhhhh,1,1,2
ohhhhhhhhhh,1,0,1
ohhs,0,2,2
ohhshitt,0,1,1
ohhushfornewmoon,7,0,7
ohhyeaaababyy,1,0,1
ohio,1,14,15
ohk,0,1,1
ohkay,0,3,3
ohki,1,0,1
ohkohk,1,0,1
ohlala,0,1,1
ohmagawd,0,1,1
ohman,0,2,2
ohmigod,0,1,1
ohmis,1,0,1
ohmydayz,0,1,1
ohmyflippygosh,0,1,1
ohmygawdclaudelia,0,1,1
ohmygod,2,2,4
ohmygosh,0,4,4
ohno,2,1,3
ohnoes,1,0,1
ohnotheydidnt,9,1,10
oho,0,2,2
ohoh,5,0,5
ohrwurm,0,1,1
ohshnapsss,1,0,1
ohsnap,0,1,1
ohum,0,1,1
ohwel,1,0,1
ohwell,1,1,2
ohwellll,1,0,1
ohwow,1,0,1
ohyeah,1,0,1
ohyeahhh,1,0,1
ohyeahyeah,0,1,1
ohyess,0,1,1
ohyeswedid,7,0,7
oi,7,19,26
oic,0,3,3
oiii,0,1,1
oil,15,19,34
oilias,0,1,1
oiling,1,0,1
oilipo,1,0,1
oils,1,1,2
oin,1,0,1
oingo,1,0,1
oink,4,0,4
oinkflu,1,0,1
oinking,0,1,1
oioi,0,1,1
oir,1,0,1
ois,2,0,2
oit,0,2,2
oj,5,4,9
ok,486,731,1217
okaaay,0,1,1
okaaayy,0,1,1
okaay,1,0,1
okai,1,0,1
okaii,1,0,1
okalie,1,0,1
okanagan,1,0,1
okay,207,368,575
okaydokay,0,1,1
okayfir,1,0,1
okayish,0,1,1
okays,0,1,1
okayy,4,7,11
okayyy,1,5,6
okayyyy,0,4,4
okayyyyy,1,1,2
okayyyyyyy,1,0,1
okc,2,2,4
oke,0,1,1
okee,1,1,2
okeeiiii,1,0,1
okeh,0,1,1
okey,6,4,10
okeyh,0,1,1
okie,3,11,14
okies,0,8,8
okii,0,1,1
okiie,1,0,1
okis,1,0,1
okish,0,1,1
okk,1,3,4
okkie,0,1,1
okkies,0,1,1
okkk,0,2,2
okkkay,0,1,1
okkkk,1,0,1
okkkkaaaay,0,1,1
okkle,0,1,1
oklahoma,3,2,5
okok,1,2,3
okri,1,0,1
oks,0,1,1
okslang,0,1,1
ol,18,24,42
ola,1,0,1
olbermann,1,0,1
olc,1,0,1
old,321,337,658
olddogs,0,1,1
olde,1,0,1
older,22,27,49
oldest,8,8,16
oldie,3,0,3
oldies,7,1,8
oldlady,0,1,1
oldnavyweekly,1,0,1
olds,3,5,8
oldschool,0,1,1
oldskool,0,1,1
oldtimers,1,0,1
ole,8,5,13
olevel,0,1,1
olgy,0,1,1
olho,1,0,1
oli,1,3,4
olive,5,7,12
oliver,4,5,9
olives,1,3,4
olivia,4,3,7
olivier,1,0,1
ollie,2,3,5
olly,2,0,2
olny,0,1,1
olo,1,0,1
olsen,0,1,1
olson,0,2,2
oltl,0,1,1
olympia,1,0,1
olympic,1,1,2
olympics,3,1,4
om,3,11,14
omagawd,1,0,1
omaha,1,4,5
oman,1,0,1
omar,0,1,1
omarion,1,0,1
ombudsman,1,0,1
omc,0,1,1
omd,2,3,5
omdz,1,0,1
ome,1,0,1
omega,1,1,2
omelette,1,1,2
omens,0,1,1
omerta,1,0,1
omesh,1,0,1
omf,0,1,1
omfg,7,18,25
omfggg,0,2,2
omfggggggggggg,0,1,1
omfkajshfdlsahskja,0,1,1
omfq,1,0,1
omg,287,425,712
omgaga,1,0,1
omgee,0,1,1
omgg,3,3,6
omggg,4,6,10
omgggg,2,5,7
omggggg,2,0,2
omggggggg,1,0,1
omggggggggg,1,0,1
omgggggggggg,0,1,1
omggggggggggggggggggggggggggggggggggggggggggggggggggggggggg,0,1,1
omgif,1,0,1
omgmoment,2,0,2
omgno,0,1,1
omgomgomg,1,1,2
omgoodness,1,1,2
omgosh,1,6,7
omgpop,1,1,2
omgs,0,2,2
omgsh,0,1,1
omgshness,0,1,1
omgssh,0,1,1
omgz,1,0,1
omigosh,1,0,1
ominous,0,1,1
omission,0,1,1
omj,1,5,6
oml,1,0,1
omlette,1,0,1
omly,0,1,1
ommegang,1,0,1
ommg,1,0,1
ommmmg,1,0,1
ommpa,0,1,1
omnia,0,1,1
omnifocus,0,1,1
omnigraffle,0,1,1
omnis,0,1,1
omnivorousity,0,1,1
omnomnomnom,0,1,1
omo,1,0,1
omss,0,1,1
omw,1,2,3
omy,2,0,2
on,4281,5395,9676
ona,0,2,2
onboard,0,1,1
once,193,317,510
oncologist,1,0,1
oncontextmenu,0,1,1
ondemand,2,0,2
one,1568,2176,3744
oneday,0,1,1
onee,2,1,3
oneee,1,1,2
oneeee,1,0,1
onehitterrrr,0,1,1
onelove,1,0,1
onely,1,0,1
ones,114,165,279
onesie,0,1,1
onessss,0,1,1
onew,0,1,1
oneway,1,0,1
ong,2,0,2
onga,0,1,1
ongoing,1,4,5
onher,0,1,1
oni,0,2,2
onion,0,3,3
onions,8,2,10
onit,0,2,2
onl,0,1,1
onli,1,1,2
online,136,168,304
onlineeeee,0,1,1
onlne,0,1,1
only,807,1063,1870
onlye,0,1,1
onlyn,1,2,3
onlyyyy,1,0,1
onm,0,1,1
onme,1,0,1
onn,1,2,3
onnnn,2,1,3
onnnnnn,0,1,1
onnnnnnn,1,0,1
onnnnnnnnnnnn,1,0,1
ono,1,0,1
onoes,2,0,2
onomatopoeia,0,1,1
onone,0,1,1
onpeak,1,0,1
onr,1,0,1
ons,3,1,4
onset,0,1,1
onside,0,1,1
onsptz,0,1,1
onstage,1,1,2
onstead,0,1,1
ont,0,1,1
ontario,8,7,15
ontd,37,4,41
ontdek,0,1,1
onthebus,1,0,1
onthelow,4,0,4
onthisday,1,0,1
onti,1,0,1
onto,26,31,57
ontological,0,1,1
ontop,3,1,4
ontwitter,1,0,1
onw,0,1,1
onward,1,2,3
onwards,0,5,5
onya,0,2,2
onyah,0,1,1
onyx,2,1,3
oo,13,28,41
oober,0,2,2
ooc,23,25,48
ood,1,0,1
oodddd,0,1,1
oodles,2,1,3
ooey,1,0,1
oof,2,1,3
oogie,1,0,1
oogling,0,1,1
ooh,57,91,148
oohh,7,4,11
oohhh,3,2,5
oohhhh,1,0,1
oohhhhhh,1,0,1
ooiii,0,1,1
ook,0,1,1
ool,1,1,2
oomg,2,0,2
oommmgg,1,0,1
oomploompas,0,1,1
oon,0,2,2
ooo,21,33,54
ooodles,1,0,1
oooerr,1,0,1
ooof,0,1,1
oooh,29,61,90
ooohh,2,2,4
ooohhh,4,5,9
ooohhhh,2,1,3
ooohhhhh,0,1,1
ooohing,0,1,1
ooohoh,0,1,1
oook,0,1,1
ooold,0,1,1
ooolha,0,1,1
ooon,1,0,1
oooo,7,24,31
oooof,0,1,1
ooooh,9,23,32
oooohh,0,1,1
oooohhh,0,1,1
oooohhhh,1,0,1
oooohhhhhh,1,0,1
oooonnnn,1,0,1
ooooo,5,7,12
oooooh,2,8,10
ooooon,1,0,1
oooooo,0,1,1
ooooooh,2,3,5
oooooohhhhh,0,1,1
ooooooo,2,0,2
oooooooh,0,2,2
ooooooohhh,1,0,1
oooooooo,0,1,1
ooooooooh,0,1,1
oooooooohhhhh,0,1,1
ooooooooo,1,1,2
oooooooooh,0,1,1
oooooooooo,1,0,1
ooooooooout,1,0,1
ooooout,0,1,1
ooooouuuuutttt,1,0,1
ooooppsss,1,0,1
oooops,1,1,2
ooops,2,4,6
ooow,0,1,1
oooww,0,1,1
oooyeah,0,1,1
oops,37,40,77
oopsies,1,0,1
oopsy,1,1,2
ooptions,0,1,1
oot,0,1,1
oots,1,0,1
oove,1,0,1
oowriter,1,0,1
ooxx,1,0,1
op,5,5,10
opaaaaaa,0,1,1
opaqueness,1,0,1
ope,0,1,1
oped,1,0,1
open,87,140,227
opendns,0,3,3
opened,10,16,26
opener,3,3,6
openerless,1,0,1
openfeint,1,0,1
openfest,1,0,1
openframeworks,1,0,1
opengl,1,0,1
opengrill,1,0,1
openid,0,1,1
opening,17,25,42
openings,0,3,3
openly,0,1,1
openminded,0,1,1
openmoney,0,1,1
openness,0,1,1
openoffice,1,0,1
opens,7,4,11
opensocial,0,1,1
opensolaris,3,0,3
opensource,1,0,1
opensourced,1,0,1
opentech,1,0,1
openview,0,1,1
opera,13,11,24
operalink,1,0,1
operaplot,0,1,1
operate,2,0,2
operated,1,1,2
operating,4,3,7
operation,2,5,7
operations,0,2,2
operative,0,1,1
operator,1,0,1
operaunite,2,0,2
opeth,1,0,1
ophcrack,1,0,1
opi,1,0,1
opiates,0,1,1
opinion,19,29,48
opinionated,1,0,1
opiniones,1,0,1
opinions,2,4,6
opis,0,1,1
opladen,1,0,1
oplan,2,0,2
oplj,0,1,1
oportunity,1,0,1
opossum,1,0,1
opp,0,1,1
oppa,0,1,1
opponent,0,1,1
opportunities,2,5,7
opportunity,10,14,24
opposed,2,2,4
opposing,0,1,1
opposite,8,13,21
opposites,0,2,2
oppositetuesday,0,1,1
oppotunities,1,0,1
oppress,0,1,1
oppression,0,1,1
oppressive,0,1,1
opps,5,2,7
oppsie,1,0,1
oppurtunities,1,1,2
oprah,3,10,13
oprahs,1,0,1
ops,1,1,2
opt,2,3,5
opted,1,1,2
optical,1,2,3
optician,1,0,1
optimism,2,6,8
optimist,1,2,3
optimistic,3,5,8
optimize,0,1,1
optimized,0,1,1
optimus,0,2,2
option,18,30,48
optional,2,1,3
optionally,0,1,1
options,8,17,25
optredens,1,0,1
optus,3,1,4
or,986,1470,2456
ora,0,1,1
oracle,4,4,8
oraclites,1,0,1
oragnised,0,1,1
orajel,1,0,1
oral,5,3,8
orang,1,0,1
orange,30,28,58
oranges,2,4,6
orangizer,0,1,1
orangutans,1,0,1
oranje,1,1,2
orb,1,1,2
orbit,2,0,2
orca,1,0,1
orchard,1,0,1
orchardbeach,1,0,1
orchata,0,1,1
orchestra,2,2,4
orcs,0,1,1
ordained,1,1,2
order,57,74,131
ordered,29,21,50
orderin,1,1,2
ordering,1,1,2
orders,4,8,12
ordinance,1,0,1
ordinarily,0,1,1
ordinariness,1,0,1
ordinary,2,7,9
ordinate,0,1,1
ordred,1,0,1
ore,1,0,1
oregon,4,6,10
orenthal,0,1,1
oreo,7,1,8
oreos,7,1,8
org,8,8,16
organ,1,0,1
organic,4,4,8
organically,0,1,1
organice,1,0,1
organisation,1,1,2
organisational,1,0,1
organise,1,1,2
organised,2,1,3
organisers,2,1,3
organising,3,3,6
organization,3,7,10
organizations,0,1,1
organize,5,4,9
organized,1,3,4
organizer,3,0,3
organizers,0,1,1
organizing,3,4,7
organs,0,1,1
orgasm,2,0,2
orgasmic,2,1,3
orgasms,2,0,2
orgies,0,2,2
orgin,1,0,1
orginally,0,1,1
orgmates,0,1,1
orgo,0,1,1
orgsamsunday,0,1,1
orgy,3,0,3
ori,0,2,2
oricand,0,1,1
oricum,0,1,1
orient,1,0,1
orientation,2,4,6
oriented,2,0,2
orig,2,3,5
origami,2,0,2
origin,3,0,3
original,33,35,68
originally,6,7,13
originals,2,1,3
originate,0,1,1
originated,1,0,1
originele,0,1,1
origins,0,4,4
orillia,0,1,1
orino,0,1,1
orioles,0,1,1
orion,1,1,2
orisugurshane,0,1,1
orizu,1,0,1
ork,1,1,2
orkney,0,1,1
orkut,1,2,3
orlando,17,17,34
orlandoo,1,0,1
orleans,1,2,3
orly,1,0,1
orman,1,0,1
ornaments,1,0,1
ornery,0,1,1
ornge,0,1,1
orphan,1,1,2
orr,0,1,1
orrible,0,2,2
orrrrrr,1,0,1
orson,1,1,2
ort,0,1,1
ortega,0,1,1
ortho,0,1,1
orthodics,0,1,1
orthodontist,0,1,1
orthoooo,0,1,1
ortigas,1,0,1
orville,0,1,1
os,28,21,49
osa,0,1,1
osaka,1,1,2
osakaya,0,1,1
osap,0,1,1
osb,1,0,1
osborne,0,1,1
osbourne,1,0,1
oscar,5,7,12
oscars,1,0,1
osgi,1,0,1
osgrid,1,0,1
oside,1,0,1
osiris,0,1,1
osl,1,0,1
oslo,1,3,4
osment,1,0,1
osprey,0,1,1
oss,0,2,2
ost,1,5,6
ostagazuzulum,0,1,1
ostatnych,1,0,1
osteopath,0,1,1
osu,0,1,1
osutil,1,0,1
osx,4,3,7
ot,5,11,16
otaki,0,1,1
otalia,5,10,15
otay,1,1,2
otch,2,0,2
ote,0,1,1
otep,0,1,1
oth,1,12,13
otha,2,1,3
othe,0,1,1
othello,1,1,2
other,300,461,761
otherday,0,1,1
others,70,71,141
otherwise,29,42,71
otherwised,0,1,1
othewise,1,0,1
othr,2,0,2
otis,0,1,1
otitis,0,1,1
otju,0,1,1
otp,1,1,2
otra,1,0,1
ots,0,1,1
otsas,1,0,1
ottawa,1,1,2
otte,1,0,1
otter,1,1,2
otters,0,3,3
otto,0,1,1
otw,0,1,1
otweet,1,0,1
ou,6,9,15
ouble,0,1,1
oublier,1,0,1
ouch,41,83,124
ouchh,1,0,1
ouchhhhhh,1,0,1
ouchhhhhhhhhhh,0,1,1
ouchie,2,4,6
ouchies,1,1,2
ouchmyshoulder,1,0,1
ought,5,4,9
oughta,2,1,3
oughtta,1,0,1
oui,1,3,4
ouit,0,1,1
oulu,1,0,1
oun,0,1,1
ounces,1,0,1
our,397,578,975
ouran,1,0,1
ours,7,28,35
ourselves,18,8,26
oursteh,1,0,1
oustide,1,0,1
out,1866,2347,4213
outa,2,4,6
outage,1,3,4
outages,0,2,2
outback,0,1,1
outbid,1,1,2
outbound,1,0,1
outbox,0,1,1
outbreak,3,0,3
outcome,5,5,10
outdate,1,0,1
outdated,2,1,3
outdone,1,1,2
outdoor,1,9,10
outdoors,2,5,7
outed,1,0,1
outer,2,1,3
outfield,1,0,1
outfit,15,11,26
outfits,2,1,3
outfitters,0,2,2
outgoing,0,2,2
outgrown,0,1,1
outh,0,1,1
outift,1,0,1
outin,0,1,1
outing,2,4,6
outings,1,0,1
outland,1,0,1
outlandish,1,0,1
outlawed,1,0,1
outlaws,0,1,1
outlet,7,5,12
outlets,2,0,2
outline,1,2,3
outlined,0,1,1
outlining,1,1,2
outlook,6,6,12
outnumbered,0,1,1
outof,0,1,1
outoftheblue,0,1,1
outofthecloset,0,1,1
outpostgallifrey,1,0,1
output,1,4,5
outrage,1,0,1
outraged,0,1,1
outrageousfortune,1,0,1
outras,0,1,1
outright,1,1,2
outro,0,1,1
outrun,1,0,1
outs,7,6,13
outsell,0,1,1
outshined,0,1,1
outside,110,92,202
outsidee,0,1,1
outsideee,0,1,1
outsidelands,0,1,1
outsized,1,0,1
outskies,1,0,1
outsmart,0,1,1
outsourcing,2,0,2
outspoken,1,0,1
outstanding,2,1,3
outstay,0,1,1
outt,3,5,8
outta,35,32,67
outtie,0,1,1
outtt,0,3,3
outttt,3,1,4
outtttt,0,1,1
outtttttt,0,1,1
outttttz,0,1,1
outweigh,1,0,1
outweighed,0,1,1
outz,1,0,1
ouuchh,1,0,1
ouut,0,1,1
ouuta,1,0,1
ouuuuttt,0,1,1
ouuuuuut,1,0,1
ouvi,1,0,1
ouvir,2,0,2
ov,1,3,4
ova,5,6,11
ovation,1,1,2
ove,2,0,2
oveeerrr,0,1,1
oven,11,10,21
ovens,1,0,1
over,591,631,1222
overachiever,1,1,2
overall,6,10,16
overalls,1,0,1
overanalyzing,1,0,1
overated,0,1,1
overbaked,1,0,1
overbay,1,0,1
overboard,1,2,3
overcast,4,7,11
overcome,2,6,8
overconsumption,1,0,1
overcooks,1,0,1
overdid,0,1,1
overdo,2,0,2
overdone,1,1,2
overdose,3,1,4
overdosed,1,0,1
overdrawing,1,0,1
overdressed,1,0,1
overdrive,1,1,2
overdue,3,3,6
overestimate,0,1,1
overfill,1,0,1
overflow,0,1,1
overgrown,1,0,1
overhead,0,1,1
overheard,3,0,3
overheated,2,1,3
overheatedd,1,0,1
overhyped,0,1,1
overindulgence,0,1,1
overkill,2,2,4
overlap,1,1,2
overlaps,0,2,2
overlayed,0,1,1
overlays,0,1,1
overload,2,4,6
overloaded,3,1,4
overloading,1,0,1
overlook,0,1,1
overlooked,1,2,3
overlooks,0,1,1
overly,3,3,6
overnight,7,9,16
overnights,0,1,1
overnyt,0,1,1
overpacking,0,1,1
overplay,1,0,1
overplayed,1,1,2
overpriced,1,2,3
overproduced,0,1,1
overqualified,1,0,1
overr,1,0,1
overrated,4,2,6
overreacted,1,0,1
overreacting,1,0,1
overreaction,0,1,1
overridden,1,0,1
override,1,0,1
overrr,1,0,1
overruled,1,0,1
overs,3,2,5
overseas,6,8,14
oversee,0,1,1
oversight,0,2,2
oversleep,0,1,1
overslept,1,3,4
oversold,1,0,1
overstuffed,0,1,1
overstyled,1,0,1
overtake,0,1,1
overtaken,1,2,3
overtaking,1,0,1
overthinking,1,0,1
overtime,3,4,7
overtired,1,3,4
overturned,0,1,1
overtweeted,1,0,1
overused,1,1,2
overweight,1,1,2
overwhelmed,1,3,4
overwhelming,2,3,5
overwith,0,1,1
overworked,3,2,5
ovi,0,1,1
ovr,2,0,2
ow,23,9,32
owchhhh,1,0,1
owe,13,27,40
oweee,0,1,1
oweeee,1,0,1
owell,1,0,1
owen,4,4,8
owens,1,1,2
owes,0,2,2
owf,0,1,1
owh,4,2,6
owhhh,0,1,1
owie,3,0,3
owies,1,0,1
owireee,1,0,1
owkay,1,0,1
owl,11,7,18
owls,2,2,4
own,166,201,367
owna,1,0,1
ownadvertising,1,0,1
owned,6,8,14
owner,10,5,15
owners,4,5,9
ownership,2,1,3
ownfulness,1,0,1
owning,4,5,9
owns,3,1,4
owt,3,1,4
owtf,1,0,1
oww,2,6,8
owwh,0,1,1
owwie,1,1,2
owwp,0,1,1
owwtta,1,0,1
owww,2,1,3
owwww,2,1,3
ox,1,4,5
oxegen,3,0,3
oxfam,1,1,2
oxford,3,7,10
oxox,0,3,3
oxoxoxoxoxox,0,1,1
oxx,1,0,1
oxycontin,0,1,1
oxygen,7,2,9
oxymoron,0,1,1
oxymorons,1,0,1
oy,1,3,4
oye,0,1,1
oyess,0,1,1
oyster,5,3,8
oysters,0,3,3
oyu,0,1,1
oyy,0,1,1
oz,13,7,20
ozh,2,0,2
ozone,2,1,3
ozumo,0,1,1
ozzie,0,1,1
ozzy,4,1,5
ozzys,1,0,1
pa,32,40,72
paaaaay,0,1,1
paal,0,1,1
paano,1,0,1
paars,1,0,1
paas,1,0,1
pab,0,1,1
pablo,0,1,1
pac,6,3,9
pacar,0,1,1
pacaud,0,1,1
pace,3,3,6
paced,1,0,1
pacemaker,1,0,1
pachainga,1,0,1
pacific,4,4,8
pacify,0,1,1
pacing,1,2,3
pack,23,21,44
package,9,18,27
packages,2,1,3
packaqe,1,0,1
packed,15,17,32
packer,1,0,1
packet,4,4,8
packets,0,2,2
packham,1,0,1
packin,1,0,1
packing,22,22,44
packman,0,1,1
packrat,0,1,1
packs,1,1,2
pacman,3,2,5
pacquiao,1,1,2
pacquio,0,1,1
pacsun,1,0,1
pact,1,2,3
pactice,1,0,1
pad,6,15,21
pada,0,3,3
padahal,1,0,1
padapuppy,2,0,2
padasloth,0,1,1
padawan,0,1,1
padd,0,1,1
padded,0,1,1
padding,1,0,1
paddle,2,1,3
paddlin,0,1,1
paddling,0,1,1
paddo,0,1,1
paddock,1,2,3
paddy,1,0,1
padfoot,0,1,1
padhne,1,0,1
padin,0,1,1
padma,0,1,1
padraig,1,0,1
padre,1,1,2
padreee,0,1,1
padres,0,2,2
pads,2,2,4
paducah,1,0,1
padus,0,1,1
pagaling,0,1,1
pagan,0,1,1
pagans,1,0,1
pagar,0,1,1
page,90,123,213
pageant,0,1,1
pagemaster,1,1,2
pagents,1,0,1
pages,15,20,35
pagination,1,0,1
pagkukuha,0,1,1
pagode,1,0,1
pagosa,1,0,1
pagsusungit,1,0,1
pah,0,4,4
paha,0,1,1
pahahah,1,0,1
pahahahahaaaa,1,0,1
pahhdna,1,0,1
pahiyas,0,1,1
pahole,1,0,1
pai,1,0,1
paid,33,49,82
paied,0,1,1
paige,6,1,7
paiges,1,0,1
pain,111,113,224
painful,16,24,40
painfull,1,1,2
painfully,4,0,4
paing,0,1,1
painkiller,3,0,3
painkillers,4,2,6
painless,0,1,1
pains,15,4,19
painstakingly,1,0,1
paint,14,19,33
paintballin,0,1,1
painted,6,6,12
painter,0,1,1
painters,1,0,1
painting,13,19,32
paintings,2,4,6
paints,1,0,1
pair,20,22,42
pairasailing,0,1,1
paired,1,2,3
pairing,1,2,3
pairs,4,7,11
pairung,0,1,1
pairway,1,0,1
pairwithus,1,0,1
paisley,2,1,3
paj,0,1,1
pajama,1,1,2
pajamas,1,1,2
pak,3,1,4
pakcricket,12,1,13
pake,4,1,5
pakings,0,1,1
pakistan,7,1,8
pakistani,2,0,2
pakistanwillwin,2,0,2
pakkalaye,1,0,1
paks,0,1,1
paksyet,0,1,1
pal,4,11,15
pala,1,10,11
palace,2,1,3
palaceeeeeeee,1,0,1
palahniuk,1,0,1
palarva,0,1,1
palate,1,0,1
palatine,2,0,2
palava,0,1,1
palazzo,1,0,1
pale,1,4,5
palencia,0,1,1
pales,0,1,1
palets,0,1,1
palette,1,4,5
paley,2,0,2
palimpsests,1,0,1
palin,4,1,5
palindromes,0,1,1
palio,1,0,1
palis,0,1,1
palkhi,1,0,1
pall,1,0,1
pallets,0,1,1
pally,0,2,2
palm,18,14,32
palmdale,2,0,2
palmer,1,1,2
palmers,0,1,1
palmerston,1,0,1
palmolive,1,0,1
palmpre,1,0,1
palo,1,2,3
paloian,1,0,1
palpable,0,1,1
palpitations,1,0,1
palringo,0,1,1
pals,2,3,5
paltrow,0,1,1
paly,0,1,1
pam,1,6,7
pamela,1,1,2
pampa,0,1,1
pamper,0,1,1
pamperd,1,0,1
pampered,1,0,1
pampering,1,1,2
pan,13,10,23
panadine,1,0,1
panaera,0,1,1
panama,1,5,6
panarchy,0,1,1
panas,0,2,2
panasonic,0,3,3
panassss,1,0,1
pancake,1,3,4
pancakes,14,14,28
pancetta,0,1,1
panchi,1,0,1
pancious,1,0,1
pancit,0,1,1
panda,11,7,18
pandai,0,1,1
pandaish,1,0,1
pandanda,0,1,1
pandara,0,1,1
pandas,1,4,5
pandasqueak,1,0,1
pandemonium,0,1,1
pandesal,0,1,1
pandora,5,3,8
pandy,1,0,1
panel,6,9,15
panels,2,1,3
panera,2,2,4
pang,0,2,2
panga,0,1,1
pangs,0,1,1
panic,12,14,26
panicked,2,0,2
panics,1,0,1
panini,0,1,1
panjang,0,1,1
pannicake,1,0,1
pannuven,1,0,1
panraen,0,1,1
panranga,1,0,1
pansit,1,0,1
pansy,1,2,3
pant,2,0,2
pantaloons,1,0,1
panted,1,0,1
panther,1,1,2
panthers,1,1,2
panties,5,3,8
panting,0,1,1
pantry,3,0,3
pants,45,26,71
pantsless,1,0,1
panuorin,1,0,1
pao,0,2,2
paola,0,2,2
paolo,2,0,2
papa,7,13,20
papalit,1,1,2
paparazzi,5,6,11
paper,47,44,91
paperback,1,2,3
paperclips,1,0,1
papercut,1,0,1
paperrwork,1,0,1
papers,5,24,29
paperweight,1,0,1
paperwork,4,4,8
papi,2,5,7
papillion,0,1,1
papiseeto,1,0,1
papparazzi,1,0,1
pappasitos,1,0,1
pappper,1,0,1
paprika,0,2,2
paps,0,1,1
papuan,0,1,1
par,7,3,10
para,6,2,8
parab,0,1,1
parabens,0,1,1
paracetamol,2,0,2
parachuting,0,1,1
parade,14,12,26
parades,0,1,1
paradise,4,3,7
paradiso,0,1,1
paradize,1,0,1
paradox,0,1,1
paradoxes,1,0,1
parafield,1,0,1
paragon,1,0,1
paragraph,0,1,1
paragraphs,0,4,4
paraguay,1,0,1
parakeet,1,0,1
parallel,1,3,4
parallelism,0,1,1
parallels,2,2,4
paralysed,0,1,1
paralyze,1,0,1
paramedic,0,2,2
parameters,0,1,1
paramore,15,6,21
paramoreee,0,1,1
paramount,0,1,1
paramuns,1,0,1
parang,2,4,6
paranoia,2,0,2
paranoid,18,5,23
paranormal,1,4,5
paraphrasing,1,0,1
parar,0,1,1
parasailing,0,1,1
parasta,1,0,1
parawhore,1,0,1
parcel,0,3,3
parcs,0,1,1
pardee,0,1,1
pardon,3,2,5
pare,3,1,4
pareis,1,0,1
parent,6,11,17
parental,0,2,2
parentals,1,0,1
parenthood,1,0,1
parenting,1,3,4
parents,64,71,135
parentss,0,1,1
parentts,0,1,1
parfy,0,1,1
pariiiis,0,1,1
parin,0,2,2
paris,27,45,72
parish,0,1,1
park,52,58,110
parka,2,0,2
parked,5,6,11
parker,3,2,5
parkers,1,0,1
parking,18,12,30
parkour,0,1,1
parkpop,1,0,1
parks,2,2,4
parkview,1,0,1
parkway,0,2,2
parkwaydrive,0,1,1
parlami,0,1,1
parlez,0,1,1
parli,0,1,1
parliament,1,4,5
parlour,0,2,2
parlouron,0,1,1
parma,1,2,3
parmesan,2,3,5
parmesean,0,1,1
parnell,1,0,1
parody,0,1,1
parole,0,1,1
parrie,0,1,1
parrk,1,0,1
parrot,1,4,5
parrots,0,1,1
parrty,0,1,1
parser,0,1,1
parsing,0,2,2
parsnip,0,2,2
part,147,171,318
partaaay,1,0,1
partake,3,2,5
partay,2,6,8
partayboy,1,0,1
parted,1,0,1
partener,0,1,1
parth,0,1,1
partht,1,0,1
partial,3,5,8
partially,1,1,2
participant,3,0,3
participants,1,1,2
participate,8,6,14
participating,3,0,3
participation,2,1,3
particular,10,19,29
particularly,6,10,16
partied,2,0,2
parties,11,23,34
partiess,0,1,1
partition,1,2,3
partitioning,1,0,1
partly,0,1,1
partner,7,9,16
partnered,1,0,1
partnerincrime,0,1,1
partners,2,5,7
partnership,1,1,2
partnerships,1,0,1
parton,1,0,1
partook,1,0,1
partridge,1,0,1
parts,15,18,33
partt,0,1,1
party,202,216,418
partyboy,1,0,1
partyfoul,1,0,1
partyin,2,0,2
partying,10,16,26
partyless,0,1,1
partyn,0,1,1
partyontheinternet,1,0,1
partyrings,1,0,1
partys,0,2,2
partyy,1,0,1
partyyy,1,0,1
partyyyyyyy,1,0,1
parusing,0,1,1
pary,0,1,1
pas,5,4,9
pasadena,1,0,1
pasalubong,2,0,2
pasalubongs,0,1,1
pasanga,0,1,1
pascy,1,0,1
pasensya,0,1,1
pash,1,0,1
pashes,0,1,1
pashmina,0,1,1
pasho,1,0,1
pasilaiciai,1,0,1
pasito,0,1,1
paso,1,5,6
pass,55,86,141
passage,1,2,3
passat,2,0,2
passby,1,0,1
passe,0,1,1
passed,45,48,93
passeed,0,1,1
passenger,3,0,3
passengers,4,1,5
passes,12,14,26
passin,1,1,2
passing,15,15,30
passion,5,15,20
passionate,5,5,10
passionately,1,0,1
passionfruit,0,1,1
passionpit,1,1,2
passions,2,1,3
passive,1,1,2
passover,1,0,1
passpack,0,1,1
passport,3,6,9
passportfail,1,0,1
password,16,6,22
passwords,2,2,4
past,76,81,157
pasta,6,12,18
pastas,1,0,1
paste,10,10,20
pasteal,1,0,1
pasted,1,1,2
pastee,1,0,1
pasteeee,1,0,1
pastel,0,1,1
pastelillos,1,0,1
pastels,1,0,1
pastes,0,1,1
pasties,0,1,1
pastille,0,1,1
pasting,1,0,1
pastor,1,4,5
pastoral,0,1,1
pastors,1,0,1
pastries,2,1,3
pastry,2,1,3
pasture,1,0,1
pasty,0,2,2
pat,4,7,11
patan,1,0,1
patch,7,6,13
patches,1,3,4
patching,0,1,1
patchouli,1,0,1
patchy,0,1,1
patd,3,1,4
pate,0,2,2
patello,0,1,1
patent,1,2,3
patently,0,1,1
paterson,0,1,1
path,8,6,14
pathetic,12,11,23
patheticcc,1,0,1
pathology,1,1,2
paths,1,3,4
patience,12,14,26
patient,3,8,11
patiently,5,3,8
patients,2,2,4
patilya,0,1,1
patinson,0,1,1
patio,2,4,6
pato,1,0,1
patois,0,1,1
patootie,0,1,1
patpat,1,2,3
patricia,1,1,2
patrick,12,7,19
patricks,1,0,1
patriothit,0,1,1
patriotism,0,1,1
patriots,2,0,2
patrol,4,2,6
patron,2,8,10
patronisation,1,0,1
patronising,0,1,1
patryy,0,1,1
pats,2,3,5
patter,0,1,1
pattern,6,7,13
patterns,3,3,6
patterntransform,1,0,1
patterson,1,2,3
patti,1,1,2
pattie,0,1,1
patting,0,1,1
pattinson,10,3,13
pattiserie,1,0,1
pattison,0,1,1
patty,2,3,5
pattycakes,1,1,2
pattz,0,1,1
paturoooo,0,1,1
pau,1,1,2
paul,18,17,35
paula,6,7,13
paulaner,1,0,1
paulette,0,1,1
pauli,0,1,1
paulie,0,1,1
paulmac,1,0,1
paulo,3,4,7
pauls,0,1,1
pauper,1,0,1
pausch,1,0,1
pause,5,6,11
paused,1,0,1
paush,1,0,1
pausing,1,0,1
pautiem,1,0,1
pauwi,0,1,1
pav,0,1,1
pavano,1,0,1
paved,0,1,1
pavel,1,1,2
pavement,2,1,3
pavements,0,1,1
pavers,0,1,1
pavilion,0,1,1
pavlova,0,1,1
pavo,0,1,1
paw,3,2,5
pawed,0,1,1
pawn,0,1,1
pawns,0,1,1
pawparty,0,1,1
pawpawty,0,1,1
pawpet,0,1,1
paws,0,2,2
pawsitive,0,1,1
pawsome,0,1,1
pawsox,1,0,1
pawz,1,0,1
paxton,1,0,1
pay,144,229,373
payant,0,1,1
payback,1,1,2
paycheck,2,4,6
paycut,1,0,1
payday,2,3,5
payed,1,1,2
payees,0,1,1
payer,1,1,2
payet,0,1,1
payg,0,1,1
payin,1,1,2
paying,34,32,66
payment,6,6,12
payments,3,1,4
payne,2,0,2
paypal,7,4,11
payroll,1,3,4
pays,4,6,10
payton,0,1,1
payy,0,1,1
paz,1,0,1
pazes,1,0,1
pb,5,7,12
pba,1,1,2
pbarone,1,0,1
pbmall,1,0,1
pbnjen,1,0,1
pboh,1,0,1
pbp,0,1,1
pbps,1,0,1
pbr,0,3,3
pbs,1,4,5
pbt,1,0,1
pc,37,50,87
pcca,1,0,1
pccchhhh,1,0,1
pcd,3,9,12
pcdmelodyt,1,0,1
pch,1,0,1
pchhhh,2,0,2
pci,2,0,2
pcl,0,1,1
pco,0,1,1
pcran,0,1,1
pcs,1,6,7
pda,0,1,1
pdc,0,1,1
pde,1,0,1
pdf,5,2,7
pdhal,1,1,2
pdhl,1,1,2
pdn,1,0,1
pdt,2,0,2
pdx,1,5,6
pe,13,7,20
pea,5,3,8
peace,46,49,95
peacee,1,0,1
peaceful,8,10,18
peacefully,3,0,3
peacful,0,1,1
peach,5,2,7
peaches,0,3,3
peachie,0,1,1
peachily,1,0,1
peachy,0,2,2
peacocks,0,2,2
peak,6,5,11
peaked,0,1,1
peaks,2,0,2
peanut,19,14,33
peanuts,2,2,4
peaple,0,1,1
pear,2,2,4
pearl,6,9,15
pearls,3,0,3
pears,1,1,2
pearshaped,0,1,1
peas,7,5,12
peasant,1,2,3
peasants,0,1,1
pease,0,1,1
peasy,1,1,2
pebble,0,1,1
pebbles,1,2,3
pecan,1,3,4
pechakucha,1,0,1
pechs,1,0,1
peck,0,2,2
peckish,1,0,1
peculiar,1,1,2
pedal,4,0,4
pedantic,0,1,1
pedaphile,0,1,1
pedestrian,1,1,2
pedestrians,1,0,1
pedi,3,4,7
pedialyte,1,1,2
pediatric,0,1,1
pediatrician,1,1,2
pedicure,0,2,2
pedicures,0,1,1
pedipaws,1,0,1
pedir,1,0,1
pediu,1,0,1
pedo,0,2,2
pedophile,1,0,1
pedro,0,1,1
pee,11,8,19
peebles,1,0,1
peed,4,3,7
peeeeerfect,1,0,1
peeing,1,0,1
peek,2,3,5
peekaboo,1,0,1
peeked,0,2,2
peeking,0,1,1
peeks,3,1,4
peel,1,5,6
peeling,1,0,1
peen,1,1,2
peep,0,6,6
peeps,34,31,65
peepzzz,0,1,1
peer,4,4,8
peering,1,0,1
peers,1,2,3
pees,1,0,1
peets,0,1,1
peett,0,1,1
peeved,0,1,1
peeves,0,1,1
peezy,1,0,1
peg,0,1,1
pegasus,0,1,1
peggle,3,1,4
peggy,0,3,3
pegs,1,1,2
pehle,1,0,1
pei,2,2,4
peircings,1,0,1
peke,1,0,1
pekny,1,0,1
pekpek,1,0,1
pel,0,1,1
pelangi,1,0,1
pelephone,1,0,1
pelforth,0,1,1
pelham,1,0,1
pelican,1,0,1
pelinkovac,0,1,1
pell,1,0,1
pellericious,1,0,1
pellets,0,1,1
pelm,0,1,1
peluk,1,1,2
pelvic,1,0,1
pelvics,1,0,1
pembs,1,0,1
pembsdave,1,0,1
pen,15,8,23
pena,1,0,1
penalises,0,1,1
penalized,0,1,1
penalty,1,1,2
penang,1,0,1
penat,1,0,1
pencam,1,0,1
pencil,5,1,6
pencils,0,2,2
pendant,0,2,2
penderhaka,1,0,1
pending,0,2,2
pendragon,0,1,1
pendrive,1,0,1
pendulum,2,1,3
penelope,2,0,2
penetrate,1,0,1
penetration,1,1,2
pengen,0,3,3
penguin,5,3,8
penguins,4,1,5
penicillin,0,1,1
penie,0,1,1
penis,4,8,12
penisly,1,0,1
penmanship,1,0,1
penn,2,2,4
penney,1,0,1
pennies,4,2,6
pennslyvannia,0,1,1
pennsylvania,1,0,1
penny,11,7,18
pennyless,1,1,2
penomenal,1,0,1
penrhos,1,0,1
pens,14,12,26
pensacola,1,0,1
pensando,0,1,1
pension,1,1,2
pensions,1,0,1
pentax,2,0,2
pentecost,0,1,1
penthouse,1,0,1
penticton,1,0,1
pentru,2,2,4
penweddig,1,0,1
penzey,0,1,1
peole,0,1,1
peony,0,1,1
peope,1,0,1
peopel,1,0,1
people,594,637,1231
peoplebrowser,1,0,1
peoplebrowsr,0,2,2
peoplefinder,1,0,1
peoples,9,7,16
peoplethatareimportanttome,1,0,1
peoplewhosuck,1,0,1
peoplr,0,1,1
pep,1,2,3
pepe,1,0,1
pepers,1,0,1
pepito,0,1,1
pepo,1,0,1
pepper,8,6,14
peppermint,0,3,3
pepperoni,1,2,3
peppers,3,3,6
pepsi,6,12,18
pepto,0,1,1
peptobismol,0,1,1
peque,1,0,1
per,14,30,44
perawan,0,1,1
perceive,0,1,1
perceived,0,1,1
percent,3,3,6
percentage,1,1,2
percentages,0,1,1
percentile,1,0,1
perception,1,3,4
perchance,2,0,2
percing,0,1,1
percocet,1,0,1
percy,2,0,2
perd,1,0,1
perddyy,0,1,1
perdi,1,0,1
perdio,0,1,1
peregrines,0,1,1
pereiro,0,1,1
perez,5,4,9
perezhilton,1,0,1
perf,5,2,7
perfect,89,110,199
perfected,1,0,1
perfection,3,5,8
perfectionist,0,1,1
perfectly,14,14,28
perfecto,0,1,1
perfeeect,1,0,1
perfekta,1,0,1
perfomance,0,1,1
perfoming,0,1,1
perform,12,16,28
performance,20,36,56
performances,0,1,1
performed,2,9,11
performer,4,3,7
performin,1,0,1
performing,6,9,15
perfumania,1,0,1
perfume,3,1,4
pergi,1,0,1
perhaps,26,56,82
peri,4,0,4
periihh,1,0,1
period,15,18,33
periodicity,1,0,1
periods,4,1,5
peripherals,1,0,1
perjakas,0,1,1
perk,3,1,4
perked,0,1,1
perkin,0,1,1
perking,1,0,1
perkins,1,0,1
perks,8,3,11
perl,1,1,2
perm,2,3,5
permament,0,1,1
permanantly,0,1,1
permanence,1,0,1
permanent,6,5,11
permanently,1,1,2
permanetky,1,0,1
permed,0,1,1
permejo,1,0,1
permiership,0,1,1
permission,4,7,11
permissions,1,1,2
permisson,0,1,1
permit,1,6,7
permits,2,3,5
permitting,0,2,2
pernah,0,2,2
pernicious,1,0,1
pero,11,10,21
perparandome,1,0,1
perpective,0,1,1
perpetrating,1,0,1
perpetually,1,0,1
perpetualspiral,1,0,1
perpetuous,0,1,1
perplexed,1,1,2
perrrrrrfecttttt,1,0,1
perry,10,6,16
perrysburg,0,1,1
pers,1,0,1
perservere,0,1,1
perserverence,0,1,1
persevere,0,1,1
persevered,0,1,1
persian,1,1,2
persiankiwi,2,0,2
persist,1,0,1
persistent,1,0,1
persists,1,0,1
person,157,187,344
persona,0,1,1
personal,47,41,88
personalbranding,0,1,1
personalised,1,1,2
personalities,0,1,1
personality,5,9,14
personally,12,23,35
personaly,1,0,1
personnaly,1,0,1
persons,1,5,6
personz,0,1,1
perspective,10,7,17
persson,0,1,1
persuade,1,4,5
persuaded,1,3,4
persuasion,1,1,2
persuasive,1,2,3
persuits,0,1,1
pertamax,1,0,1
pertersburg,0,1,1
perth,6,14,20
peru,5,3,8
peruface,0,1,1
peruvian,1,2,3
perv,3,2,5
pervasive,2,0,2
perve,2,0,2
perved,0,2,2
pervert,0,1,1
perverted,1,4,5
perverts,2,1,3
perving,2,1,3
pervs,3,0,3
pery,0,1,1
pesci,0,1,1
pesho,2,0,2
pesky,2,2,4
peso,1,0,1
pesos,0,1,1
pessimism,1,0,1
pessimist,0,2,2
pessimistic,3,0,3
pester,0,1,1
peston,1,0,1
pet,19,24,43
peta,0,5,5
petal,1,0,1
petals,1,0,1
petard,0,1,1
petco,0,1,1
pete,7,10,17
peter,17,15,32
peterfacinelli,2,0,2
petersburgfl,1,0,1
petersen,1,0,1
petetion,0,1,1
petfinder,0,1,1
petia,1,0,1
petit,0,1,1
petite,1,2,3
petition,4,5,9
petitionen,1,0,1
petitions,2,1,3
petpeeves,1,0,1
petras,0,1,1
petria,0,1,1
petrified,0,1,1
petrilude,1,0,1
petrol,2,1,3
petroski,0,1,1
pets,9,18,27
petsmart,0,1,1
petting,2,1,3
petunias,1,0,1
pew,0,2,2
pews,0,1,1
pex,1,0,1
pey,0,1,1
peyton,2,2,4
pezmeister,1,0,1
pezzner,0,1,1
pf,2,2,4
pfc,0,1,1
pfeiffer,0,1,1
pff,5,2,7
pfff,0,1,1
pffff,1,0,1
pfffft,0,1,1
pffft,1,1,2
pfft,9,2,11
pft,1,1,2
pftttttt,2,0,2
pg,4,15,19
pga,1,1,2
pgh,2,0,2
pgn,1,1,2
pgs,0,2,2
ph,7,6,13
pha,0,1,1
phaha,1,0,1
phailed,0,1,1
phaket,0,1,1
phallic,1,0,1
phantom,2,4,6
phanvilai,0,1,1
pharell,1,0,1
pharm,1,0,1
pharma,0,1,1
pharmacies,0,1,1
pharmacist,0,1,1
pharmacy,1,2,3
phase,6,4,10
phat,0,2,2
phathom,0,1,1
phatty,0,1,1
phd,2,3,5
phe,1,0,1
pheasant,0,1,1
phenomena,0,2,2
phenomenal,1,8,9
phew,12,14,26
phil,10,6,16
philadelphia,3,1,4
philander,1,0,1
philanthropy,0,1,1
philatelists,0,1,1
philidelphia,0,1,1
philip,2,0,2
philipglass,1,0,1
philipines,1,0,1
philippe,0,1,1
philippine,1,0,1
philippines,13,17,30
phillies,2,8,10
phillip,3,0,3
phillippines,0,1,1
philly,13,26,39
philosohy,0,1,1
philosopher,0,2,2
philosophical,0,1,1
philosophically,1,0,1
philosophy,2,3,5
philospher,0,1,1
philospophizin,0,1,1
philppines,0,1,1
phils,2,5,7
phineas,0,1,1
phing,1,0,1
phish,6,3,9
phishing,1,0,1
phisical,0,1,1
phiten,0,1,1
phl,1,0,1
phlegmisch,0,1,1
phlog,1,1,2
phn,2,0,2
phne,0,1,1
phns,0,1,1
pho,3,0,3
phobia,1,3,4
phoebe,1,0,1
phoen,1,0,1
phoenix,10,13,23
phoenixfm,1,0,1
phone,332,355,687
phoned,2,3,5
phoneeee,1,0,1
phoneeeee,1,0,1
phoneeeeeeeeeeeee,1,0,1
phonein,0,1,1
phoneless,1,1,2
phones,17,15,32
phonezz,0,1,1
phoning,0,2,2
phonnne,0,1,1
phonogram,1,0,1
phooooone,0,1,1
photage,1,0,1
photg,0,1,1
photo,81,109,190
photoalbum,0,1,1
photoblog,1,0,1
photobombing,0,1,1
photobooth,0,1,1
photobucket,1,4,5
photocopies,0,2,2
photofollows,1,0,1
photog,4,2,6
photogenic,0,2,2
photograghy,0,1,1
photograph,3,2,5
photographed,0,1,1
photographer,5,11,16
photographers,2,5,7
photographic,2,0,2
photographing,1,1,2
photographs,2,2,4
photography,17,12,29
photogs,0,3,3
photooo,0,1,1
photos,58,91,149
photoshoot,3,6,9
photoshop,11,15,26
photoshopped,0,1,1
photoshopping,1,0,1
photostop,0,1,1
photosynth,0,1,1
phototip,1,0,1
photshop,0,1,1
php,7,6,13
phped,1,0,1
phpkonferenca,1,0,1
phpmyadmin,0,1,1
phpwomen,1,0,1
phrase,5,10,15
phrases,3,3,6
phtoecs,1,0,1
phuck,0,1,1
phuket,1,2,3
phunk,1,0,1
phwoar,0,1,1
phx,1,5,6
phyliss,1,0,1
phys,1,0,1
physical,4,7,11
physically,3,5,8
physicist,0,1,1
physics,8,9,17
physik,0,1,1
physio,0,2,2
physiological,1,0,1
physiology,1,0,1
pi,9,4,13
pia,1,1,2
pianist,0,1,1
pianists,1,0,1
piano,10,11,21
pianony,0,1,1
piaza,1,0,1
pic,176,298,474
picadillo,0,1,1
picadilly,0,1,1
picanic,1,0,1
picasa,1,0,1
picasso,1,1,2
picature,0,1,1
piccckkk,1,0,1
piccies,1,1,2
piccy,1,0,1
pichli,0,1,1
pichling,1,0,1
pick,80,103,183
picked,24,27,51
pickem,1,0,1
picken,0,1,1
pickes,0,1,1
pickin,0,1,1
picking,18,26,44
pickle,8,7,15
pickler,1,0,1
pickles,4,1,5
pickling,1,1,2
pickpocketing,0,1,1
pickpockets,1,0,1
picks,9,6,15
picksburgh,1,0,1
pickup,1,2,3
pickupline,1,0,1
picky,8,4,12
picnic,7,10,17
picniche,0,1,1
picnics,1,0,1
picnik,2,0,2
picoult,1,0,1
pics,103,240,343
pict,0,2,2
pictorial,0,1,1
picts,1,0,1
pictt,0,1,1
picture,128,206,334
pictured,1,3,4
pictureee,1,0,1
pictureeeeeeeeeeeeee,0,1,1
pictureeeeeeeeeeeeeeeeeeeee,1,0,1
pictures,68,96,164
picturing,1,1,2
picturs,0,1,1
pictuuureess,1,0,1
pide,1,0,1
pider,0,1,1
pidge,1,0,1
pidgin,1,0,1
pidgy,1,0,1
pidivatham,1,0,1
pie,16,25,41
piece,29,37,66
pieces,15,14,29
piecew,1,0,1
piechamp,1,1,2
pier,1,7,8
pierce,2,0,2
pierced,4,6,10
piercing,2,5,7
piercings,1,2,3
pierre,1,3,4
piers,0,1,1
pies,2,2,4
piff,0,1,1
pig,9,10,19
pigeon,4,2,6
pigeons,1,1,2
piggie,1,1,2
piggies,0,1,1
pigging,1,1,2
piggly,1,0,1
piggy,1,1,2
piggybank,1,0,1
piglet,3,0,3
pigmentation,0,1,1
pigout,0,1,1
pigs,8,5,13
pigtails,0,2,2
piizza,1,0,1
pikachu,1,2,3
pikchur,0,1,1
pike,1,2,3
piked,1,1,2
pikey,0,1,1
piksoentjie,0,1,1
pikture,0,1,1
piku,1,0,1
pilaf,1,0,1
pilates,1,1,2
pile,9,5,14
piled,2,0,2
piles,3,2,5
pilgrim,0,1,1
pilgrimage,0,2,2
piling,2,0,2
pill,4,6,10
pillion,2,0,2
pillow,10,10,20
pillows,3,1,4
pills,11,9,20
pilot,4,12,16
pilots,3,1,4
pilton,1,0,1
pim,2,0,2
pimc,0,1,1
pimlico,0,1,1
pimms,0,1,1
pimp,4,7,11
pimper,1,0,1
pimpin,4,2,6
pimping,0,2,2
pimple,0,1,1
pimples,2,1,3
pimps,1,1,2
pimptastic,0,1,1
pin,8,7,15
pina,1,1,2
pinas,4,0,4
pinata,0,1,1
pinax,0,1,1
pinball,0,1,1
pinch,3,3,6
pinches,1,0,1
pinchi,0,1,1
pinchwisdom,1,0,1
pinchy,0,1,1
pindah,0,1,1
pine,2,3,5
pineapple,8,4,12
pinellas,2,0,2
pines,1,0,1
pinewood,1,0,1
ping,10,10,20
pinged,1,1,2
pings,0,1,1
pingsan,0,1,1
pingthesemanticweb,1,0,1
pining,1,1,2
pink,38,34,72
pinkberry,0,6,6
pinkeye,1,0,1
pinkguitarchick,0,1,1
pinkie,0,1,1
pinkish,0,2,2
pinkpop,3,1,4
pinks,1,0,1
pinksteren,0,1,1
pinky,4,4,8
pinnacle,2,1,3
pinnadi,0,1,1
pinned,1,0,1
pino,0,1,1
pinocchio,0,1,1
pinoko,0,1,1
pinole,1,0,1
pinot,1,1,2
pinoy,0,2,2
pinpoint,0,1,1
pins,1,1,2
pinstorm,0,1,1
pinstriped,1,1,2
pinstriping,1,0,1
pint,6,4,10
pinter,0,1,1
pints,2,2,4
pintxos,1,0,1
pinwheel,0,1,1
piny,1,0,1
pioneering,1,0,1
pip,2,1,3
pipe,1,4,5
piper,1,1,2
pipes,1,0,1
piping,0,1,1
pipl,1,0,1
pippi,1,0,1
pippin,1,1,2
pips,1,0,1
piquet,1,1,2
pirate,5,8,13
pirated,0,1,1
pirates,3,4,7
pirating,0,1,1
piratpartiet,0,1,1
pirelli,0,1,1
piriton,0,1,1
pirncess,0,1,1
pis,1,1,2
pisa,0,1,1
pisces,0,2,2
pisd,1,0,1
pisem,1,0,1
pish,1,0,1
pishh,0,1,1
piss,12,11,23
pissed,33,42,75
pissedd,1,0,1
pissedddddd,1,0,1
pissedinaparktuesday,0,1,1
pisses,2,1,3
pissin,1,0,1
pissing,6,6,12
pisstake,0,1,1
pissy,2,2,4
pista,0,2,2
pistachio,1,0,1
pistol,0,3,3
pistols,0,1,1
pistons,0,1,1
pisture,1,0,1
pit,14,8,22
pita,3,4,7
pitbull,1,3,4
pitbulls,0,1,1
pitch,9,8,17
pitcha,1,0,1
pitched,4,4,8
pitcher,1,1,2
pitchers,2,0,2
pitching,2,1,3
pitchy,1,0,1
pithy,2,0,2
pitiful,3,1,4
pitmedd,1,0,1
pits,1,3,4
pitstop,1,0,1
pitt,3,2,5
pitted,0,1,1
pitter,0,1,1
pitts,1,0,1
pittsburgh,3,4,7
pitty,2,2,4
pity,18,25,43
pitypool,0,1,1
pivot,0,2,2
pix,8,17,25
pixar,7,8,15
pixelated,0,2,2
pixels,4,4,8
pixie,3,2,5
pixma,1,0,1
pixs,2,1,3
pixy,1,0,1
piye,1,0,1
piyolet,0,1,1
pizonos,1,0,1
pizza,48,52,100
pizzaa,1,0,1
pizzas,4,1,5
pizzeria,0,1,1
pizzerias,0,1,1
pizzzza,1,0,1
pj,3,5,8
pjs,3,5,8
pk,0,2,2
pkg,1,0,1
pkiwi,0,1,1
pl,2,2,4
pla,1,1,2
plaaaaah,1,0,1
plaayingg,0,1,1
plaayyyy,1,0,1
placccceeee,1,0,1
place,176,229,405
placeblog,1,0,1
placebo,1,2,3
placed,6,4,10
placee,1,0,1
placement,2,3,5
places,32,33,65
placing,1,1,2
plack,1,0,1
placut,0,1,1
plagiarised,0,1,1
plagiarism,0,1,1
plague,2,1,3
plagued,0,1,1
plaguey,1,0,1
plaid,1,0,1
plain,10,13,23
plainvilleee,0,1,1
plait,1,0,1
plalla,1,0,1
plan,60,139,199
plana,0,1,1
planaria,0,1,1
planatarium,1,0,1
planck,1,1,2
plane,46,34,80
planed,0,1,1
planer,0,1,1
planes,7,3,10
planet,12,10,22
planets,1,0,1
planetshakers,2,0,2
planing,1,0,1
plankton,2,0,2
planned,30,31,61
planner,2,2,4
planners,1,1,2
plannin,1,1,2
planning,30,55,85
plannn,1,0,1
plano,0,1,1
plans,52,79,131
plant,10,10,20
planta,2,0,2
plantation,0,1,1
planted,2,5,7
planters,0,1,1
planting,3,5,8
plants,4,8,12
plarva,1,0,1
plase,0,2,2
plasil,1,0,1
plasma,0,2,2
plasse,0,1,1
plaster,1,1,2
plastered,1,1,2
plastic,10,8,18
plasticy,1,0,1
platanoverde,1,0,1
plate,5,15,20
plater,1,0,1
plates,5,1,6
platform,2,5,7
platforms,1,1,2
platinum,0,3,3
platit,0,2,2
platja,0,1,1
plato,1,1,2
platon,0,1,1
platter,1,0,1
plausible,0,2,2
plaxo,0,1,1
play,219,307,526
playable,0,1,1
playback,1,0,1
playbill,1,0,1
playboy,1,4,5
playdate,0,1,1
playdays,0,1,1
played,57,61,118
playen,0,2,2
player,28,23,51
players,17,12,29
playfight,1,0,1
playful,0,2,2
playfully,0,1,1
playground,1,2,3
playhouse,2,0,2
playin,10,7,17
playing,141,162,303
playlist,9,7,16
playlists,1,1,2
playlogic,1,0,1
playmate,2,1,3
playn,0,1,1
playoff,0,2,2
playoffs,2,5,7
plays,13,18,31
playspymaster,1,0,1
playstation,4,1,5
playswithgunsandbigtrucks,1,0,1
playtime,1,1,2
playy,1,1,2
plaza,4,3,7
plc,1,0,1
plce,0,1,1
plcmnts,0,1,1
pleaaaaase,0,1,1
pleaase,0,1,1
pleading,0,1,1
pleas,0,1,1
pleasant,11,7,18
pleasantly,0,2,2
pleasanton,0,1,1
please,466,600,1066
pleased,13,21,34
pleasee,5,3,8
pleaseee,2,4,6
pleaseeee,2,3,5
pleaseeeee,1,2,3
pleaseeeeee,0,1,1
pleaseeeeeeee,0,1,1
pleaseeeeeeeee,1,0,1
pleaseeeeeeeeee,0,1,1
pleaseeeeeeeeeeee,0,1,1
pleaseeeeeeeeeeeeee,0,1,1
pleasepleaseplease,1,0,1
pleases,3,1,4
pleasestop,1,0,1
pleasing,1,2,3
pleasseeee,0,1,1
pleassse,0,1,1
pleasurable,0,1,1
pleasure,36,77,113
pleasures,5,0,5
pleb,0,1,1
plecing,1,0,1
pledge,1,1,2
pledgesis,0,1,1
pleeaasee,1,0,1
pleease,3,0,3
pleeeaaaaaasssseeeeeeee,1,0,1
pleeeaaseee,0,1,1
pleeeaasseee,0,1,1
pleeeaasssee,1,0,1
pleeease,0,2,2
pleeeeaaaaseeeee,1,0,1
pleeeease,2,3,5
pleeeeease,0,3,3
pleeeeeease,1,1,2
pleeeeeeeeeease,0,1,1
pleeeeeeeeeeeeeassssssssssssssssssssseeeeeeeeeeeeeee,1,0,1
pleeeeeeeeeeeeeeeeeeeeeeeeeease,0,1,1
pleeeeeeeeeeeez,1,0,1
pleeeez,1,1,2
pleez,0,1,1
pleeze,0,1,1
plein,0,1,1
plentiful,0,1,1
plently,0,1,1
plenty,20,31,51
plesk,1,0,1
plg,1,1,2
pliers,0,2,2
plies,1,0,1
plisnoh,1,0,1
pllleeease,0,1,1
pllllleeeeeaaaasssssseeeee,0,1,1
pllls,1,0,1
plng,1,0,1
plo,0,3,3
ploise,0,1,1
plonk,0,1,1
plopped,1,0,1
plot,3,6,9
plots,0,1,1
plotting,2,1,3
plough,0,1,1
ploughed,0,1,1
plox,0,1,1
ploy,1,1,2
plp,0,1,1
pls,33,55,88
plss,0,1,1
plssss,1,0,1
plsssss,0,1,1
pluck,4,0,4
plucked,1,0,1
pluckers,0,1,1
plug,21,15,36
pluggage,0,1,1
plugged,1,8,9
pluggin,1,0,1
plugging,2,2,4
plugin,16,9,25
pluging,1,0,1
plugins,4,3,7
plugs,2,3,5
plum,0,1,1
plumber,1,0,1
plumbers,0,3,3
plumbing,3,0,3
plumm,0,1,1
plural,0,2,2
plurk,1,6,7
plurks,1,0,1
plus,82,103,185
plush,0,1,1
plushie,1,0,1
plushies,1,0,1
plusi,1,0,1
plusnet,0,1,1
pluto,2,1,3
plutonians,1,0,1
plymouth,1,1,2
plyometrics,0,1,1
plz,30,48,78
plzplzplz,1,0,1
plzpost,1,0,1
plzs,1,0,1
plzz,1,2,3
plzzz,0,2,2
plzzzz,1,1,2
plzzzzz,0,1,1
plzzzzzz,1,0,1
plzzzzzzzzz,1,0,1
pm,125,134,259
pma,2,2,4
pman,9,1,10
pmgarmy,1,0,1
pminawon,0,1,1
pming,1,1,2
pml,0,1,1
pmoallemian,1,0,1
pmot,0,1,1
pmoy,0,1,1
pmps,1,0,1
pmqs,1,0,1
pms,6,1,7
pmsl,4,4,8
pn,1,1,2
pna,0,1,1
pnc,1,0,1
pneumatic,0,1,1
pneumonia,1,0,1
pneumonoultramicroscopicsilicovolcanoconiosis,0,1,1
png,1,0,1
pngumuman,0,1,1
pnr,0,1,1
pns,0,1,1
po,8,8,16
poa,1,0,1
poach,0,1,1
poached,0,1,1
poapoa,1,0,1
poate,1,2,3
pocher,0,2,2
pocket,13,16,29
pocketbook,0,1,1
pocketbooks,1,0,1
pocketmoney,1,0,1
pockets,5,4,9
pockettwit,0,1,1
pocketwit,0,1,1
pocky,0,1,1
poco,0,3,3
pocohontas,0,1,1
pocrastinates,1,0,1
pocus,2,0,2
pod,3,4,7
poda,1,0,1
podcampaz,1,0,1
podcast,18,15,33
podcasting,0,2,2
podcasts,3,2,5
poddy,0,2,2
pode,0,1,1
podium,3,1,4
podle,1,0,1
pods,1,2,3
poem,14,25,39
poems,2,5,7
poemsunder,1,0,1
poet,7,4,11
poetic,1,2,3
poetics,1,0,1
poetry,6,6,12
poets,1,3,4
pof,1,0,1
poffins,0,1,1
pofile,0,1,1
pogo,2,0,2
pogs,1,0,1
poh,3,5,8
poi,0,1,1
poia,0,1,1
poike,1,0,1
poin,1,0,1
point,82,142,224
pointcast,1,0,1
pointe,1,1,2
pointed,1,9,10
pointer,1,1,2
pointing,3,11,14
pointless,9,6,15
pointlessly,0,1,1
points,31,24,55
pointy,2,2,4
poirot,1,0,1
pois,1,0,1
poised,0,1,1
poision,0,1,1
poison,9,4,13
poisoned,1,0,1
poisoning,8,7,15
poisonous,0,1,1
pok,1,0,1
pokal,0,1,1
poke,6,6,12
poked,3,1,4
pokemon,6,5,11
poken,1,1,2
pokens,0,1,1
pokepokepoke,0,1,1
poker,11,5,16
pokerface,1,2,3
pokes,2,4,6
pokie,1,1,2
poking,1,3,4
poko,0,1,1
pokpok,1,0,1
poky,0,1,1
pol,1,2,3
pola,1,0,1
polakmc,0,1,1
poland,3,2,5
polar,3,5,8
polares,1,0,1
polaroid,1,2,3
polaroids,1,1,2
polcorrect,0,1,1
pole,4,3,7
poles,1,3,4
police,10,18,28
policy,3,9,12
polish,5,5,10
polished,0,2,2
polishing,1,0,1
polite,4,2,6
political,4,6,10
politically,0,1,1
politicamente,0,1,1
politician,0,1,1
politicians,1,2,3
politics,8,10,18
politisi,0,1,1
politix,1,0,1
polka,2,3,5
polkaroo,0,1,1
poll,4,10,14
polldaddy,1,0,1
pollen,1,3,4
polling,1,0,1
pollita,1,0,1
pollocks,0,1,1
pollute,1,0,1
polluting,0,1,1
pollution,3,3,6
polly,1,0,1
polo,5,1,6
pololo,1,0,1
polutions,0,1,1
polvo,0,1,1
polyacrylate,0,1,1
polyblock,1,0,1
polydactyl,1,1,2
polystyrene,1,0,1
pom,1,5,6
pomegranate,1,0,1
pomegranite,0,1,1
pomeranian,0,1,1
pomme,0,1,1
pommyland,0,1,1
pomodoro,1,0,1
pomona,1,0,1
pompeii,0,1,1
pompidou,0,1,1
pompom,1,0,1
pompoms,1,0,1
pompous,1,0,1
pomptly,1,0,1
poms,1,1,2
pon,0,1,1
ponce,0,2,2
poncho,1,2,3
poncy,0,1,1
pond,3,7,10
ponder,0,1,1
pondering,1,1,2
ponders,1,0,1
pondrous,1,0,1
pong,1,7,8
ponho,1,0,1
ponies,1,2,3
ponis,0,1,1
ponte,1,0,1
pontevico,0,1,1
pontiac,0,1,1
pony,6,3,9
ponyp,1,0,1
ponytaiil,2,0,2
ponytail,2,1,3
ponzi,1,0,1
poo,19,27,46
pooby,0,1,1
pooch,1,1,2
poodie,1,0,1
poodle,3,2,5
poof,5,0,5
poofed,0,1,1
pooh,5,2,7
pookie,1,1,2
pookster,0,1,1
pool,53,68,121
poole,0,1,1
pooler,0,1,1
pooll,1,0,1
poolparty,1,0,1
pools,2,0,2
poolside,1,4,5
poons,1,0,1
poooeypoopoo,1,0,1
poooh,0,1,1
pooooooh,1,0,1
poooooooool,0,1,1
pooooooopy,0,1,1
poooooorrrlllyyyyy,1,0,1
poooop,0,1,1
poooor,1,0,1
poooping,0,1,1
pooor,2,1,3
poop,12,12,24
pooped,1,2,3
pooper,1,1,2
poophead,1,0,1
poopie,2,1,3
poopininthenoog,1,0,1
poopoo,1,0,1
poopsy,1,0,1
poopy,0,1,1
poor,220,284,504
poorer,1,0,1
poorly,3,6,9
poos,1,1,2
pooter,1,0,1
pootie,0,1,1
pop,36,35,71
popcap,1,0,1
popcorn,11,12,23
popcorns,0,1,1
popcrunch,0,1,1
pope,1,1,2
popego,1,0,1
popejoy,1,0,1
popeye,1,0,1
popeyes,2,0,2
popiscle,0,1,1
poplin,1,0,1
popo,0,1,1
popovers,0,1,1
poppa,0,1,1
popped,7,5,12
poppers,0,2,2
poppet,3,1,4
poppie,0,2,2
poppin,6,5,11
popping,6,5,11
poppins,1,1,2
poppy,3,4,7
pops,10,13,23
popsicle,2,0,2
popsicles,1,1,2
popstar,1,0,1
popstarts,1,0,1
poptarts,0,1,1
popuarity,1,0,1
popular,14,23,37
popularity,3,4,7
popularty,0,1,1
populated,1,1,2
populating,0,1,1
population,4,1,5
populists,1,0,1
popup,3,3,6
por,2,4,6
porcelan,0,1,1
porcello,1,0,1
porch,7,1,8
porcupine,0,1,1
porfolio,0,1,1
pork,11,16,27
porkay,1,0,1
porke,1,0,1
porky,0,2,2
pormise,0,1,1
porn,19,19,38
porno,2,2,4
pornography,1,0,1
pornos,1,0,1
pornstars,0,1,1
porqe,0,1,1
porqqi,1,0,1
porr,0,1,1
porridge,2,2,4
port,9,7,16
porta,1,0,1
portable,6,2,8
portal,5,4,9
portatil,0,1,1
portcredit,1,0,1
porte,1,0,1
ported,1,2,3
porter,2,2,4
porterfield,0,1,1
portfolio,3,5,8
portia,1,0,1
portillo,1,0,1
portion,3,3,6
portions,0,2,2
portland,6,6,12
portlets,1,0,1
portman,0,1,1
portnoo,1,0,1
portobello,0,1,1
portos,1,0,1
portrait,3,1,4
portraits,3,3,6
ports,1,1,2
portsmouth,3,1,4
portugal,3,7,10
portugee,0,1,1
portugese,0,1,1
portuguese,5,9,14
portukalos,1,0,1
pos,1,3,4
pose,3,7,10
posed,2,1,3
posednik,1,0,1
poseidon,1,0,1
poser,0,3,3
posers,1,1,2
posesia,0,1,1
posh,1,2,3
poshh,0,1,1
posibil,1,0,1
posible,0,1,1
posis,1,0,1
positano,0,1,1
position,8,18,26
positional,0,1,1
positioning,1,0,1
positions,0,3,3
positive,39,25,64
positively,3,1,4
positiveposse,0,1,1
positives,0,1,1
positivity,4,2,6
positronic,1,0,1
positve,0,2,2
posponed,1,0,1
poss,1,2,3
posse,2,3,5
posses,1,0,1
possess,0,2,2
possessed,1,2,3
possession,0,1,1
possessive,1,0,1
possibilities,2,3,5
possibility,6,7,13
possibilties,0,1,1
possibilty,0,1,1
possible,41,64,105
possibley,0,1,1
possiblities,1,0,1
possibly,20,32,52
possins,1,0,1
possum,1,1,2
possums,0,2,2
possy,0,1,1
post,136,228,364
postage,0,2,2
postal,3,1,4
postar,0,1,1
postbox,0,1,1
postcard,1,3,4
postcards,5,3,8
postcode,0,1,1
postcrossing,1,1,2
postd,0,2,2
postdigital,1,1,2
posted,57,85,142
postei,0,1,1
poster,13,16,29
posterous,1,2,3
posters,4,6,10
postfolio,0,1,1
postg,1,0,1
postgres,1,0,1
postgresql,2,0,2
postin,0,1,1
posting,29,47,76
postings,0,1,1
postions,1,0,1
postitive,0,1,1
postive,2,0,2
postman,3,4,7
postpaid,0,1,1
postpone,1,1,2
postponed,6,4,10
postponement,1,0,1
postponing,0,1,1
posts,28,39,67
postsecret,1,0,1
posy,0,1,1
pot,9,15,24
potaots,1,0,1
potassium,0,1,1
potato,7,9,16
potatoe,1,0,1
potatoes,6,8,14
potatohead,1,0,1
potdolls,1,0,1
potent,1,0,1
potential,6,6,12
potentially,0,2,2
potentials,1,0,1
potesters,1,0,1
potheadrule,1,0,1
potion,1,0,1
potosi,1,0,1
potreri,0,1,1
potrive,0,1,1
pots,0,1,1
potted,1,0,1
potter,28,18,46
pottercast,1,0,1
pottering,0,1,1
pottstown,1,0,1
potty,1,3,4
pou,0,1,1
pouch,0,1,1
pounce,3,1,4
pounces,1,0,1
pouncing,1,0,1
pound,3,4,7
pounding,5,0,5
pounds,10,14,24
pour,7,9,16
poured,1,7,8
pourin,0,1,1
pouring,6,12,18
pours,2,2,4
poustela,0,1,1
pout,3,2,5
pouting,3,3,6
pouts,3,3,6
pouty,2,0,2
pov,0,3,3
poverty,1,1,2
povvo,0,1,1
pow,5,7,12
powah,0,1,1
powder,1,4,5
powells,0,2,2
power,45,72,117
powerade,0,2,2
powered,1,2,3
powerful,8,5,13
powering,0,1,1
powerless,0,1,1
powerlines,1,0,1
powernap,0,1,1
powernoize,1,0,1
powerpoint,3,1,4
powerrrr,1,0,1
powers,9,10,19
powershell,0,2,2
powershot,1,0,1
powertwitter,1,0,1
powter,1,0,1
powwow,1,0,1
powww,0,1,1
poxy,1,1,2
poynter,1,0,1
poynterday,2,0,2
poynterrrr,1,0,1
poyzon,0,1,1
pp,4,8,12
ppc,3,1,4
ppffttt,0,1,1
ppicture,0,1,1
ppittsburg,0,1,1
ppl,123,119,242
pple,1,1,2
pples,1,0,1
ppls,2,1,3
pplz,1,2,3
ppm,2,0,2
ppoooo,0,1,1
pposed,0,1,1
ppost,0,1,1
ppp,1,1,2
ppppllleeeaaassseee,0,1,1
ppppppfffffftttttttt,0,1,1
ppppppplease,0,1,1
ppps,0,1,1
ppq,1,0,1
pps,0,1,1
ppss,0,1,1
ppsssht,1,0,1
ppt,1,0,1
ppv,1,2,3
ppy,0,1,1
pq,0,2,2
pqq,0,1,1
pque,0,1,1
pr,11,10,21
pra,3,1,4
prac,2,1,3
practical,5,4,9
practically,9,7,16
practice,28,30,58
practiced,1,2,3
practicee,1,0,1
practices,1,0,1
practicing,7,4,11
practise,2,2,4
practising,1,1,2
practitioners,0,1,1
prada,2,1,3
pragmatic,1,0,1
prague,2,0,2
praie,0,1,1
prairie,1,0,1
prairiebureau,0,1,1
praise,9,11,20
praised,0,1,1
praising,1,0,1
prakata,1,0,1
praline,1,0,1
praniti,0,1,1
prank,4,0,4
pranks,1,0,1
prankster,0,1,1
prasad,1,0,1
prashantdr,1,0,1
prat,2,0,2
pratchett,1,0,1
prati,0,2,2
pratt,1,3,4
prattling,0,1,1
pravda,1,0,1
prave,1,0,1
prawn,0,3,3
prawns,3,0,3
pray,23,29,52
prayed,1,2,3
prayer,14,9,23
prayerfully,0,1,1
prayers,22,23,45
prayin,0,2,2
praying,18,30,48
pre,38,40,78
preach,1,2,3
preachery,0,1,1
preaching,0,4,4
preair,1,0,1
preakness,0,1,1
preasure,1,0,1
prebacila,0,1,1
prebacim,0,1,1
precal,0,1,1
precaution,0,1,1
precautns,1,0,1
precede,0,1,1
preceded,0,1,1
precedent,1,0,1
preceding,1,0,1
precentral,1,0,1
preciate,1,2,3
precinct,1,0,1
precious,15,8,23
precise,1,2,3
precisely,7,4,11
precor,0,1,1
precott,1,0,1
precursor,1,0,1
predator,1,1,2
predators,1,0,1
predecessor,1,1,2
predicated,0,1,1
prediciton,1,0,1
predict,4,1,5
predictable,1,2,3
predicted,0,1,1
predicting,1,1,2
prediction,0,4,4
predictive,1,0,1
predominantly,0,1,1
pree,1,0,1
preeeeeetty,1,0,1
preened,1,0,1
preening,0,1,1
preetee,1,0,1
preety,0,2,2
prefaced,0,1,1
prefect,1,1,2
prefer,34,39,73
preferable,0,1,1
preferably,3,4,7
prefere,0,1,1
prefered,1,1,2
preference,2,2,4
preferences,0,2,2
preferrably,0,1,1
preferred,5,2,7
prefers,1,1,2
prefixing,1,0,1
preg,1,1,2
pregame,0,1,1
preggers,0,1,1
preggo,1,2,3
pregnancy,2,0,2
pregnant,7,6,13
prego,0,1,1
prehistoric,0,1,1
preho,0,1,1
prejudice,1,1,2
prejudiced,0,1,1
prelims,1,0,1
prelude,0,1,1
prem,1,1,2
premade,1,0,1
premature,1,1,2
prematurely,0,1,1
premchand,0,1,1
premesis,1,0,1
premier,3,3,6
premiere,6,5,11
premiered,0,1,1
premiereee,0,1,1
premieres,2,0,2
premiership,1,0,1
premire,0,1,1
premium,6,9,15
premonition,0,1,1
prendi,0,1,1
preorder,1,1,2
preorderd,0,1,1
preordered,4,2,6
preordering,1,0,1
preorders,1,1,2
prep,6,4,10
prepackaged,1,2,3
prepaid,1,0,1
preparation,3,2,5
preparations,0,1,1
prepare,9,16,25
prepared,11,13,24
preparedness,1,0,1
prepares,1,0,1
preparin,0,1,1
preparing,4,11,15
preparty,0,1,1
prepatory,0,1,1
prepfer,0,1,1
prepped,0,1,1
prepping,2,0,2
preppy,1,0,1
preps,0,1,1
prequel,0,1,1
prerendered,1,0,1
pres,1,0,1
presale,0,1,1
presbyterians,0,1,1
preschool,1,0,1
preschooler,0,1,1
preschoolers,0,1,1
prescient,0,1,1
prescribed,1,1,2
prescription,6,5,11
presells,0,1,1
presenatation,0,1,1
presence,4,9,13
present,31,24,55
presentable,0,1,1
presentation,11,16,27
presentations,2,5,7
presented,1,3,4
presenter,0,2,2
presenters,1,0,1
presenting,3,2,5
presently,1,1,2
presentors,0,1,1
presents,9,5,14
preservatives,0,1,1
preserve,1,3,4
preserved,0,1,1
presets,0,1,1
presh,0,2,2
preshredded,0,1,1
presidency,2,1,3
president,6,9,15
presidente,0,1,1
presidents,0,2,2
presigned,1,0,1
presnet,1,0,1
preso,1,0,1
presonus,0,1,1
press,16,22,38
pressed,2,4,6
presser,2,0,2
pressie,0,2,2
pressies,1,1,2
pressing,3,6,9
presso,0,1,1
pressure,19,20,39
pressures,1,0,1
pressy,0,1,1
presto,1,0,1
prestock,1,0,1
preston,0,1,1
presumably,1,1,2
presume,5,4,9
presuming,1,0,1
presumptous,0,1,1
pretend,14,11,25
pretending,5,5,10
pretense,1,0,1
pretenting,0,2,2
pretentious,1,1,2
pretentiousness,0,1,1
pretoria,1,0,1
pretrified,1,0,1
prettier,4,1,5
pretties,1,0,1
prettiest,0,1,1
pretttyyyy,0,1,1
pretty,337,503,840
prettygirl,0,1,1
prettyy,0,1,1
prety,0,1,1
pretzel,0,1,1
pretzels,1,1,2
prev,1,1,2
prevail,2,0,2
prevent,0,2,2
preventable,1,0,1
preventative,1,0,1
prevented,0,1,1
preventing,2,0,2
prevention,1,1,2
preview,16,14,30
previews,4,2,6
previous,18,16,34
previously,2,3,5
prey,1,1,2
prez,1,2,3
prezentarea,1,0,1
prgnosis,1,0,1
prgram,0,1,1
pria,0,1,1
price,25,41,66
priced,1,2,3
priceless,2,3,5
pricelist,0,1,1
prices,11,17,28
pricesses,1,0,1
pricey,2,3,5
pricier,1,2,3
pricing,1,2,3
prick,2,3,5
prickley,1,0,1
pricks,7,1,8
pride,7,17,24
priest,1,5,6
priests,0,1,1
prieteni,1,0,1
prig,1,0,1
prima,1,0,1
primarily,0,1,1
primark,0,1,1
primary,4,4,8
primavera,0,1,1
primaverasound,1,0,1
prime,6,7,13
primed,0,1,1
primer,0,3,3
primetime,1,0,1
primeval,3,1,4
primitive,0,2,2
primitives,1,0,1
prince,13,9,22
princecharming,1,0,1
princelple,1,0,1
princess,31,14,45
princesses,1,0,1
princesssuperc,1,0,1
principal,2,3,5
principalship,0,1,1
principle,1,2,3
principles,2,1,3
princy,0,1,1
pringle,0,1,1
pringles,2,1,3
print,11,20,31
printchick,0,1,1
printed,7,7,14
printeet,0,1,1
printer,7,5,12
printers,0,1,1
printing,3,5,8
prints,2,5,7
prior,2,5,7
priorities,1,2,3
prioritize,1,0,1
prioritized,1,0,1
priority,6,5,11
prioroty,0,1,1
priortize,1,0,1
priory,1,0,1
pris,0,1,1
priscilla,1,1,2
prisinhaaaa,1,0,1
prison,9,4,13
prisoner,0,1,1
prisoners,0,1,1
prissy,1,0,1
pristine,0,1,1
prita,0,1,1
pritt,0,1,1
pritty,0,1,1
privacidad,1,0,1
privacy,2,4,6
privalaged,0,1,1
private,27,19,46
privately,1,0,1
privates,0,1,1
privet,1,0,1
privilege,2,1,3
privileged,0,3,3
privileges,0,1,1
privit,1,0,1
prix,3,1,4
prize,7,14,21
prized,0,1,1
prizes,3,1,4
pro,29,38,67
proabably,1,0,1
proactive,1,1,2
prob,42,83,125
proba,1,0,1
probability,0,1,1
probabily,2,0,2
probable,1,0,1
probably,182,261,443
probablyyy,0,1,1
probaby,0,1,1
probadly,0,1,1
probally,1,1,2
probaly,1,0,1
probate,1,0,1
probation,2,1,3
probby,1,1,2
problably,1,0,1
probleem,0,1,1
problem,126,207,333
problemas,1,0,1
problematic,0,1,1
probleme,2,0,2
problemo,1,1,2
problems,53,51,104
probley,0,1,1
problm,1,0,1
probly,1,9,10
probobly,1,0,1
probs,22,44,66
probz,1,1,2
proc,1,0,1
procastination,0,1,1
procedure,4,5,9
proceed,1,1,2
proceeded,0,1,1
proceedings,0,2,2
proceeds,1,0,1
process,17,30,47
processed,1,0,1
processes,0,3,3
processing,2,4,6
procession,1,0,1
processor,1,1,2
processors,2,1,3
procrastinate,1,2,3
procrastinateee,0,1,1
procrastinating,3,6,9
procrastination,1,2,3
procrastinator,1,0,1
procrastinators,1,0,1
proctologist,0,1,1
procure,1,1,2
prod,1,0,1
prodding,1,0,1
prodigy,1,2,3
produb,0,1,1
produce,5,5,10
produced,1,3,4
producer,4,6,10
producers,3,3,6
producing,2,5,7
product,6,16,22
production,10,7,17
productions,1,0,1
productive,17,10,27
productivity,2,3,5
products,8,24,32
prof,2,8,10
profane,1,0,1
profanity,1,2,3
profecient,1,0,1
profecy,1,0,1
professing,1,0,1
profession,3,0,3
professional,13,17,30
professionally,2,2,4
professionals,1,0,1
professor,3,1,4
professors,0,1,1
proff,0,1,1
proffers,0,1,1
proficient,1,3,4
profil,0,1,1
profile,49,71,120
profilee,1,0,1
profiles,3,3,6
profiling,1,0,1
profit,2,4,6
profitable,0,1,1
proflie,0,1,1
profound,1,2,3
profs,1,0,1
prog,3,3,6
progeny,0,1,1
program,27,25,52
programing,0,1,1
programm,0,1,1
programme,3,3,6
programmed,0,2,2
programmer,1,2,3
programmers,0,1,1
programming,4,5,9
programs,2,4,6
progress,16,15,31
progresses,0,1,1
progressing,3,0,3
progression,1,0,1
progressive,1,4,5
progressives,1,2,3
progs,0,1,1
prohibitorum,0,1,1
proiecte,1,0,1
proj,1,1,2
project,51,46,97
projected,0,1,1
projectile,0,1,1
projecting,2,0,2
projectinnovation,0,1,1
projection,1,0,1
projections,0,1,1
projectmovewench,0,1,1
projectnahal,9,0,9
projects,8,13,21
projectt,1,0,1
projekt,1,1,2
prokop,0,2,2
prolapsed,0,1,1
prolific,1,0,1
prolly,11,25,36
prologue,1,0,1
prolong,1,1,2
prolonged,0,2,2
prom,12,19,31
promblem,1,0,1
promenade,1,1,2
promete,1,0,1
promets,1,0,1
promiised,1,0,1
prominent,1,0,1
prominently,0,1,1
promis,0,1,1
promise,51,59,110
promised,17,7,24
promiseeeee,0,1,1
promises,3,4,7
promising,4,5,9
prommiss,1,0,1
promo,7,12,19
promocodes,0,2,2
promote,7,18,25
promoted,2,3,5
promoter,1,0,1
promoters,0,1,1
promotes,0,1,1
promoting,3,5,8
promotion,4,3,7
promotional,1,0,1
promotionnn,0,1,1
promotions,0,1,1
prompt,1,0,1
prompted,2,2,4
promptly,3,0,3
prompts,0,1,1
proms,0,1,1
promulgate,1,0,1
pron,2,0,2
prone,3,1,4
pronk,1,0,1
pronounce,2,3,5
pronounced,4,6,10
pronounces,0,1,1
pronouncing,0,2,2
pronto,4,3,7
pronunciation,1,0,1
proof,10,12,22
proofers,1,0,1
proofing,1,2,3
proofread,1,0,1
proofs,0,1,1
prop,4,2,6
propa,0,2,2
propaganda,1,0,1
propagate,0,1,1
propbably,0,1,1
propel,1,1,2
proper,20,39,59
properly,26,20,46
properties,1,1,2
property,5,4,9
propesterous,1,0,1
prophet,1,0,1
prophets,0,1,1
proply,1,0,1
propolis,0,1,1
proportion,1,2,3
proportional,0,1,1
proportioned,1,0,1
proposal,2,4,6
propose,2,0,2
proposition,0,1,1
propper,1,0,1
proprietary,2,1,3
props,11,19,30
propus,1,0,1
pros,4,0,4
prosciutto,0,1,1
prose,1,1,2
proses,0,1,1
prospect,1,0,1
prospects,1,1,2
prosper,2,0,2
prospering,0,1,1
prostates,1,0,1
prosthetic,1,0,1
prostitute,3,2,5
prot,0,1,1
protagonist,1,1,2
protams,2,0,2
protect,2,2,4
protected,1,5,6
protecting,1,0,1
protection,4,3,7
protective,3,2,5
protector,1,0,1
protectors,0,3,3
protects,0,1,1
protege,1,0,1
protein,8,4,12
protest,3,4,7
protesters,0,1,1
protests,2,2,4
protip,1,0,1
proto,0,1,1
protocol,2,2,4
protools,1,0,1
prototype,3,0,3
proud,56,83,139
prouddd,0,1,1
prouder,1,0,1
proudly,0,2,2
proust,1,0,1
prov,0,2,2
provanity,0,1,1
prove,3,8,11
provech,1,0,1
proved,2,3,5
provehito,1,0,1
proven,1,1,2
proverb,1,0,1
proverbial,1,0,1
proverbs,0,1,1
proves,2,1,3
provide,4,7,11
provided,5,11,16
providence,1,2,3
provider,2,4,6
providers,2,1,3
provides,1,2,3
providing,2,4,6
province,0,2,2
provincial,0,1,1
proving,3,1,4
provision,0,1,1
provisional,0,1,1
provisions,1,0,1
provocative,1,1,2
provoke,2,2,4
provoking,2,1,3
provoost,0,1,1
prowess,0,1,1
prowling,1,0,1
proxies,1,2,3
proximately,0,1,1
proximity,0,2,2
proxy,2,2,4
prreeeeeyty,0,1,1
prrr,0,1,1
prrrr,0,2,2
prsocialite,1,0,1
prssa,1,0,1
prt,0,1,1
prts,0,2,2
prude,0,1,1
prune,1,1,2
prweek,0,2,2
pryers,0,1,1
pryor,0,1,1
ps,59,104,163
psa,2,2,4
psalm,1,0,1
psb,1,0,1
psd,1,0,1
pseudo,0,2,2
pseudocode,0,1,1
pseudoscience,0,1,1
pseudowrimo,2,0,2
psh,3,5,8
pshh,0,5,5
pshht,0,1,1
pshhtt,0,3,3
psia,0,1,1
psn,1,3,4
psp,8,4,12
pspgo,1,0,1
pspice,1,0,1
psps,0,1,1
pspvintage,1,0,1
pss,4,0,4
pssh,1,1,2
psssh,2,1,3
pssshhh,0,1,1
pssssh,1,0,1
pssssssssst,0,1,1
psssst,0,1,1
psst,2,6,8
pst,4,7,11
psu,1,1,2
psy,0,2,2
psych,2,4,6
psyche,0,1,1
psyched,6,5,11
psychedelic,0,1,1
psychiatric,1,0,1
psychiatrists,0,1,1
psychic,0,1,1
psycho,3,3,6
psychobilly,1,0,1
psychological,2,3,5
psychology,5,3,8
psychos,1,1,2
psychosocial,2,0,2
psychosomatic,0,1,1
psychotherapy,0,1,1
psychotic,0,1,1
psycological,0,1,1
psygnosis,0,1,1
psyhced,1,0,1
pt,12,6,18
ptc,0,1,1
pter,0,1,1
ptero,1,0,1
ptit,1,0,1
ptl,1,1,2
pto,0,2,2
ptosis,2,0,2
ptown,0,1,1
ptr,2,0,2
pts,6,3,9
ptsw,1,0,1
ptub,0,1,1
ptvrdr,1,0,1
pu,1,1,2
puahaha,1,0,1
pub,18,14,32
pubbing,0,1,1
puberty,1,0,1
pubes,0,1,1
pubescent,0,1,1
public,41,35,76
publically,1,0,1
publication,0,1,1
publicity,5,4,9
publicityguru,1,0,1
publicize,0,1,1
publicly,2,0,2
publicmic,1,0,1
publicsphere,0,1,1
publicst,0,1,1
publicy,0,1,1
publish,5,11,16
published,6,14,20
publisher,3,0,3
publishers,2,1,3
publishing,3,2,5
publisist,1,0,1
publix,1,0,1
pubs,1,0,1
puce,1,0,1
pucker,0,1,1
puckish,0,1,1
pud,1,0,1
puddin,0,1,1
pudding,3,8,11
puddings,0,2,2
puddingsongs,1,0,1
puddinheads,1,0,1
puddle,0,2,2
puddlegear,1,0,1
pudge,2,1,3
pudgy,0,1,1
pudu,0,1,1
puebla,0,1,1
pueblo,0,1,1
puentevella,1,0,1
puerto,2,7,9
puertorican,1,0,1
pues,1,0,1
puff,2,2,4
puffed,1,0,1
puffi,1,0,1
puffing,2,2,4
puffs,2,0,2
puffy,4,1,5
pug,1,3,4
puget,1,0,1
puggles,0,1,1
puggy,1,0,1
pugs,1,2,3
puh,0,1,1
puk,1,0,1
puke,4,5,9
puked,1,1,2
pukekohe,0,1,1
pukes,1,0,1
puking,1,3,4
pukka,1,0,1
pulak,1,0,1
pulang,0,2,2
pulish,0,1,1
pulitika,0,1,1
pull,30,32,62
pulld,1,0,1
pulled,15,12,27
pullin,0,2,2
pulling,12,15,27
pullling,0,1,1
pullover,1,0,1
pulls,1,3,4
pulp,3,0,3
pulsa,1,0,1
pulsaaa,0,1,1
pulsating,1,0,1
pulse,2,1,3
pulver,0,1,1
puma,0,1,1
pummeled,0,1,1
pump,4,4,8
pumped,7,8,15
pumping,4,2,6
pumpkin,1,5,6
pumpkinnn,0,1,1
pumps,0,2,2
pun,9,8,17
punch,16,16,32
punched,2,3,5
puncher,1,0,1
punches,1,2,3
punching,2,2,4
punchout,1,0,1
punchy,0,1,1
punctuation,0,2,2
pundits,1,0,1
pune,1,6,7
punetraffic,1,0,1
punish,1,2,3
punished,0,1,1
punishing,0,1,1
punishment,6,5,11
punjab,1,0,1
punk,8,10,18
punkass,1,0,1
punkinhead,1,0,1
punkrockchick,1,0,1
punks,0,2,2
punky,1,0,1
punnet,1,0,1
puns,0,2,2
punsareonlyfunnywhenigetthem,0,1,1
punta,1,1,2
puntastic,1,1,2
punto,0,1,1
punya,0,1,1
pup,3,18,21
pupa,0,1,1
pupil,1,0,1
pupils,1,0,1
pupper,0,1,1
puppet,3,2,5
puppeteers,0,1,1
puppets,0,1,1
puppies,7,13,20
puppy,32,35,67
puppysitting,0,1,1
puppysittn,0,1,1
puppyyyyyyyyyyyyyyyyy,1,0,1
pups,0,4,4
pupunta,0,1,1
pupusa,0,1,1
pur,1,0,1
purate,1,0,1
purchasable,0,1,1
purchase,10,17,27
purchased,5,4,9
purchases,2,1,3
purchasing,3,2,5
purdy,1,5,6
pure,13,22,35
purefoods,1,0,1
purely,2,3,5
purgation,1,0,1
purge,1,0,1
purged,1,2,3
purity,0,1,1
purkin,0,1,1
purple,11,27,38
purpleeee,0,1,1
purpose,12,11,23
purposeful,1,1,2
purposefully,1,0,1
purposely,0,2,2
purposes,3,1,4
purr,2,0,2
purrfectly,0,1,1
purring,1,0,1
purrmissions,0,1,1
purrrr,1,0,1
purrrrfect,0,1,1
purrrrr,1,0,1
purrrrrrrty,0,1,1
purrrtyyy,0,1,1
purrs,0,1,1
purse,10,7,17
purseblog,0,1,1
purses,3,1,4
pursh,2,0,2
pursue,1,1,2
pursuing,2,0,2
pursuit,1,1,2
pursuits,0,1,1
purty,2,0,2
purushan,0,1,1
push,12,19,31
pushchair,0,1,1
pushed,7,12,19
pushes,1,1,2
pushi,1,0,1
pushin,2,2,4
pushing,16,12,28
pushingdaisies,1,0,1
pushpa,0,1,1
pushup,1,0,1
pushups,1,1,2
pushy,1,0,1
puss,2,0,2
pussies,0,1,1
pussy,7,3,10
pussycat,1,1,2
pussycatisland,0,1,1
put,261,279,540
puta,1,1,2
putain,1,0,1
putback,0,1,1
putea,0,1,1
puter,2,2,4
putris,1,0,1
puts,17,17,34
putthem,0,1,1
puttiing,1,0,1
puttin,0,1,1
putting,33,41,74
putty,1,2,3
putus,1,0,1
puu,0,1,1
puuled,1,0,1
puulledd,1,0,1
puupy,1,0,1
puurfect,1,0,1
puuuuucha,0,1,1
puzzle,3,1,4
puzzled,1,2,3
puzzles,4,1,5
puzzling,1,0,1
pv,0,1,1
pvp,0,2,2
pvr,0,1,1
pvt,0,1,1
pw,1,2,3
pwd,1,1,2
pwease,0,4,4
pweazse,0,1,1
pwede,1,2,3
pwedeeee,0,1,1
pweeease,1,0,1
pweeeasssee,0,1,1
pweeez,1,0,1
pwees,0,1,1
pweese,0,1,1
pwetty,1,1,2
pwitttyy,0,1,1
pwn,1,4,5
pwnd,0,1,1
pwned,2,0,2
pwnge,0,1,1
pwning,0,1,1
pwns,1,2,3
pwnsome,1,0,1
pwr,0,1,1
pws,1,0,1
px,1,2,3
pygmy,0,1,1
pyjama,2,0,2
pyjamas,1,1,2
pylon,0,1,1
pynk,1,0,1
pyo,0,1,1
pyr,0,1,1
pyramid,3,2,5
pyramids,3,2,5
pyre,0,1,1
pythagoras,0,1,1
python,6,5,11
pythonee,1,0,1
pythons,1,0,1
pyyp,0,1,1
pz,1,2,3
pzone,0,1,1
qa,0,2,2
qaeda,0,1,1
qaf,1,0,1
qanda,0,1,1
qanoon,0,1,1
qantas,1,2,3
qay,1,0,1
qc,1,2,3
qdo,1,0,1
qdoba,1,2,3
qe,0,2,2
qet,2,1,3
qettin,1,0,1
qettinq,2,0,2
qf,1,1,2
qi,1,2,3
qiana,1,0,1
qif,0,1,1
qik,0,1,1
qing,1,0,1
qip,1,0,1
qirl,1,0,1
qld,4,5,9
qlty,1,0,1
qn,1,0,1
qns,2,0,2
qo,3,2,5
qoinq,1,1,2
qonna,1,0,1
qood,1,0,1
qoood,1,0,1
qot,2,1,3
qotd,1,0,1
qotsa,1,0,1
qotta,1,0,1
qottah,0,1,1
qqing,1,0,1
qqq,0,1,1
qr,1,0,1
qrs,1,0,1
qs,1,5,6
qt,1,1,2
qtip,1,0,1
qtips,1,0,1
qtpie,1,0,1
qtweeter,2,0,2
qu,8,6,14
quack,0,1,1
quad,3,0,3
quadrilateral,0,1,1
quadrophenia,1,0,1
quadruple,1,0,1
quadrupled,1,0,1
quads,0,2,2
quaffable,1,0,1
quail,1,1,2
quails,1,0,1
quaint,0,2,2
quake,0,1,1
quakes,1,0,1
quali,1,0,1
qualies,0,1,1
qualification,1,0,1
qualifications,1,0,1
qualified,1,2,3
qualifier,0,1,1
qualifiers,0,1,1
qualifies,0,3,3
qualify,4,5,9
qualifyin,0,1,1
qualifying,3,3,6
qualitativ,1,0,1
qualities,1,3,4
quality,23,21,44
qualms,1,0,1
quals,0,1,1
quan,0,1,1
quando,0,1,1
quantify,0,1,1
quantity,2,3,5
quantum,1,2,3
quarantine,0,1,1
quarantined,0,1,1
quarrel,1,0,1
quarrels,0,1,1
quarry,1,0,1
quart,1,1,2
quarter,9,6,15
quarterback,0,1,1
quarterfest,1,0,1
quarters,1,1,2
quasi,1,1,2
quaver,1,0,1
quay,1,0,1
quays,0,1,1
qud,0,1,1
que,22,30,52
queasy,2,1,3
quebec,0,1,1
quebecoise,0,1,1
quebrado,0,1,1
quedo,0,1,1
queee,1,0,1
queef,1,0,1
queen,29,15,44
queenbee,0,1,1
queens,5,5,10
queensland,1,4,5
queenslander,0,1,1
queenz,0,1,1
queer,1,1,2
queezy,1,0,1
queing,1,0,1
quem,0,1,1
queries,2,0,2
quero,0,1,1
query,1,5,6
ques,0,1,1
quesadilla,2,0,2
quesidilla,0,1,1
quesidillia,0,1,1
quess,1,0,1
quest,5,5,10
questies,0,1,1
questing,0,2,2
questiom,0,1,1
question,68,90,158
questionable,3,0,3
questioning,1,1,2
questions,30,45,75
questo,0,1,1
quetions,0,1,1
queue,2,7,9
queues,3,2,5
queuing,3,0,3
quezon,0,1,1
quh,1,0,1
qui,1,2,3
quiche,1,0,1
quick,52,63,115
quickbooks,1,0,1
quicken,1,0,1
quicker,6,5,11
quickest,0,1,1
quickfind,0,1,1
quickk,1,0,1
quickly,22,35,57
quickpath,0,1,1
quickpwn,1,0,1
quicktrip,1,0,1
quid,1,4,5
quidco,1,0,1
quidditch,0,1,1
quiereme,0,1,1
quieres,0,1,1
quiero,1,1,2
quiet,38,41,79
quietdrive,1,0,1
quieter,0,1,1
quietkarma,1,0,1
quietly,4,4,8
quietness,0,1,1
quiggle,0,1,1
quiiite,1,0,1
quik,2,0,2
quiktrip,1,0,1
quiktweet,1,0,1
quil,1,1,2
quilt,1,0,1
quilting,1,0,1
quiltypleasure,1,0,1
quincy,0,1,1
quinn,0,1,1
quinny,1,0,1
quino,0,1,1
quinoa,0,1,1
quins,0,1,1
quintessential,1,0,1
quintessentially,0,1,1
quinton,1,0,1
quints,0,1,1
quintus,0,1,1
quirkieness,1,0,1
quirks,0,1,1
quirky,2,2,4
quit,29,35,64
quitate,1,0,1
quite,152,184,336
quited,0,1,1
quiting,0,1,1
quito,1,0,1
quits,3,1,4
quitsmokingdiary,1,0,1
quitter,1,0,1
quitting,2,6,8
quiver,1,0,1
quiverin,0,1,1
quiz,18,10,28
quizas,0,1,1
quizilla,1,1,2
quizillia,1,0,1
quizzage,1,0,1
quizzes,3,1,4
quore,0,1,1
quorn,1,0,1
quorum,1,0,1
quota,2,3,5
quotables,1,0,1
quotations,0,1,1
quote,35,43,78
quoted,2,0,2
quotes,9,16,25
quoting,8,4,12
qust,0,1,1
qustion,0,1,1
qut,0,1,1
quuen,1,0,1
quy,1,0,1
quynn,0,1,1
qvc,0,1,1
qwerty,1,3,4
qype,0,1,1
ra,5,4,9
raa,0,1,1
raaaawr,1,0,1
raaadd,0,1,1
raaazee,0,1,1
raainny,1,0,1
raani,1,0,1
rabbiis,0,1,1
rabbit,4,7,11
rabbits,3,2,5
rabble,1,0,1
rabboni,0,1,1
raben,0,1,1
rabena,1,0,1
rabid,0,2,2
rabies,1,0,1
rabu,1,0,1
raccah,1,0,1
raccoon,2,1,3
raccoons,2,0,2
race,34,21,55
raceday,0,1,1
racer,1,1,2
races,4,1,5
racess,0,1,1
raceway,0,1,1
rach,3,4,7
rachael,2,0,2
rache,0,1,1
rachel,8,9,17
racheljisoffthechain,1,0,1
rachelwest,1,0,1
rachl,0,1,1
racial,2,0,2
racials,1,0,1
racin,1,0,1
racing,6,4,10
racist,6,7,13
racists,0,1,1
racit,1,0,1
rack,4,1,5
racked,0,1,1
racket,1,1,2
rackin,0,1,1
racoon,0,1,1
racoons,1,0,1
rad,9,10,19
radar,2,2,4
radars,1,0,1
radcliffe,1,1,2
raddest,1,0,1
raddio,0,1,1
raddish,0,1,1
radiation,1,1,2
radiator,1,1,2
radical,1,3,4
radici,1,0,1
radicool,0,1,1
radio,67,64,131
radiobob,1,0,1
radiodisney,1,0,1
radiographic,1,0,1
radiohead,4,2,6
radiolab,1,0,1
radiooo,0,1,1
radios,0,1,1
radioshow,1,0,1
radisson,0,1,1
radius,1,0,1
radleys,1,0,1
radwanska,0,1,1
rae,3,3,6
raeredeyes,1,0,1
raf,0,1,1
rafa,2,4,6
rafael,1,1,2
rafaga,1,0,1
rafe,0,1,1
rafeal,1,0,1
raffle,2,2,4
raffo,0,1,1
rafi,1,0,1
rafidah,2,0,2
raft,0,2,2
rafted,0,1,1
rafting,0,1,1
rag,3,1,4
ragamuffin,0,1,1
ragansocmed,0,1,1
rage,7,5,12
ragequitstwitter,1,0,1
ragged,2,0,2
ragin,0,4,4
raging,1,2,3
ragoons,0,1,1
rags,2,0,2
rah,3,0,3
raha,2,0,2
rahaa,0,1,1
rahahahahaha,1,0,1
rahatlat,1,0,1
raheem,1,0,1
rahegi,1,0,1
rahen,0,1,1
rahhhhhh,1,1,2
rahim,0,1,1
rahul,1,0,1
raid,7,0,7
raiden,0,2,2
raider,0,1,1
raiders,1,0,1
raiding,1,3,4
raiko,1,0,1
raikonnen,1,0,1
rail,1,4,5
railfan,1,0,1
rails,4,4,8
railscamp,0,1,1
railway,0,1,1
railways,1,0,1
rain,174,201,375
rainbo,1,0,1
rainboots,1,0,1
rainbow,9,10,19
rainbows,4,5,9
raincheck,3,3,6
rainclouds,1,0,1
raincoat,0,1,1
raindelay,1,0,1
raindrops,1,2,3
raindy,1,0,1
rained,13,9,22
rainforest,0,1,1
raingodd,1,0,1
rainin,2,1,3
raining,93,78,171
rainn,1,0,1
rainouts,0,1,1
rains,14,12,26
rainstorm,0,1,1
rainy,41,44,85
rainykai,1,0,1
raisaaaaaaaa,0,1,1
raise,8,13,21
raised,9,7,16
raises,2,2,4
raisin,1,0,1
raising,5,8,13
raisins,0,3,3
raison,0,1,1
rait,0,1,1
raj,0,1,1
rajasthan,1,0,1
rajdeep,0,1,1
rajin,1,0,1
rakeback,2,0,2
rakes,1,0,1
raleigh,3,3,6
raley,1,0,1
ralf,1,0,1
ralliart,0,1,1
rally,5,6,11
rallys,0,1,1
ralph,3,2,5
ralphing,1,0,1
ram,6,7,13
rama,0,1,1
rambis,0,1,1
ramble,2,1,3
rambles,0,1,1
ramblings,0,1,1
ramboia,1,0,1
rameen,0,1,1
ramen,3,2,5
rami,1,0,1
ramin,1,0,1
ramirez,1,0,1
rammed,0,1,1
rammstein,0,1,1
ramon,1,0,1
ramona,0,2,2
ramons,0,1,1
rampage,2,3,5
rampagecrew,0,1,1
rampant,0,1,1
ramping,0,1,1
ramps,2,0,2
ramrod,0,1,1
ramses,1,0,1
ramsey,1,0,1
ramsons,0,1,1
ramune,0,1,1
ramz,1,0,1
ran,35,42,77
ranch,5,3,8
ranchera,1,0,1
ranchi,1,0,1
rancho,1,0,1
rancid,1,1,2
rand,2,0,2
randall,1,0,1
randalls,1,0,1
randallw,1,0,1
randazz,0,1,1
randi,1,1,2
randing,1,0,1
rando,2,0,2
randolm,0,1,1
randolph,1,0,1
random,74,65,139
randomer,0,1,1
randomers,0,1,1
randomfact,2,0,2
randomicly,1,0,1
randomized,1,0,1
randomly,12,4,16
randomness,3,0,3
randoms,3,1,4
randomsentence,1,0,1
randomthought,1,0,1
randomusicgirl,1,0,1
randuri,1,0,1
randwick,0,2,2
randy,4,3,7
rang,7,6,13
range,15,13,28
ranger,6,0,6
rangers,5,5,10
rank,3,4,7
ranked,0,1,1
ranking,2,1,3
rankings,1,1,2
ranks,0,2,2
rannie,1,0,1
ransom,1,0,1
rant,5,9,14
ranting,1,1,2
rantings,0,1,1
rantoul,1,0,1
rants,2,1,3
rantsandraves,2,0,2
rao,2,0,2
rap,11,8,19
rape,5,5,10
raped,2,5,7
raphael,2,0,2
rapid,1,0,1
rapids,2,0,2
rapidshare,1,0,1
rapidweaver,2,0,2
rapier,0,1,1
rapies,1,0,1
rapist,1,0,1
rapot,0,1,1
rapp,0,1,1
rapper,4,3,7
rappers,2,2,4
rappin,0,1,1
rapping,2,4,6
raps,2,1,3
raptors,2,2,4
rapture,1,0,1
rapturefest,0,1,1
raquel,1,0,1
rar,2,0,2
rare,10,13,23
rarebreeds,1,0,1
rarely,8,17,25
rarh,0,1,1
rarin,0,1,1
rarities,1,0,1
rarity,1,0,1
rarley,0,2,2
rarrr,0,1,1
rarrrrrrrgrrrr,1,0,1
rarse,1,0,1
rarugal,1,0,1
rasa,0,1,1
rasberry,0,1,1
rascal,1,3,4
rascall,1,0,1
rascals,0,1,1
rash,4,2,6
rasheezy,1,0,1
rashes,0,1,1
rasmus,1,0,1
rasp,1,0,1
raspb,1,0,1
raspberries,1,1,2
raspberry,3,2,5
raspy,0,1,1
rasta,0,1,1
rasterization,1,0,1
rat,8,8,16
ratatouli,0,1,1
ratchets,0,1,1
rate,18,16,34
rated,3,12,15
rates,3,6,9
rather,67,82,149
ratherr,1,0,1
rating,0,3,3
ratings,5,3,8
ratio,1,5,6
rational,1,0,1
rationale,0,1,1
rationalise,1,0,1
rationing,1,0,1
rations,1,0,1
ratna,1,0,1
rats,5,5,10
ratsies,0,1,1
ratted,0,1,1
rattie,1,2,3
ratties,1,1,2
rattling,0,1,1
rau,1,0,1
raullll,2,0,2
raus,1,0,1
rav,1,0,1
ravage,0,1,1
ravaged,1,0,1
rave,1,1,2
raved,1,0,1
ravelry,0,2,2
raven,3,2,5
ravenna,1,0,1
ravenous,0,2,2
ravine,0,1,1
raving,0,1,1
ravioli,0,3,3
raviolis,0,1,1
raviolo,0,1,1
ravished,0,1,1
raw,10,6,16
rawk,0,3,3
rawks,2,1,3
rawkus,1,0,1
rawn,1,0,1
rawon,1,0,1
rawr,8,0,8
rawrr,1,0,1
rawrrrr,1,0,1
rawwrrr,1,0,1
ray,12,18,30
rayban,0,1,1
rayband,1,0,1
raybans,2,2,4
raye,1,0,1
rayed,0,1,1
rayidge,1,0,1
raymond,1,2,3
raymundo,1,0,1
rays,5,3,8
razb,0,1,1
razia,1,0,1
razor,2,4,6
razorlight,0,1,1
razr,1,1,2
razuna,1,0,1
razzed,0,1,1
rb,8,2,10
rbis,1,0,1
rburgring,1,0,1
rc,4,5,9
rcapped,0,1,1
rchmond,1,0,1
rcncongress,1,0,1
rcs,1,0,1
rct,0,1,1
rcvd,1,0,1
rcve,1,0,1
rd,38,41,79
rdam,0,1,1
rdg,1,0,1
rdj,1,1,2
rdp,1,0,1
rdrs,0,1,1
rdwdrm,1,0,1
rdy,1,0,1
re,1248,2040,3288
rea,0,1,1
reaaaallllly,0,1,1
reaaaally,0,1,1
reaaalllly,1,0,1
reaaallly,1,0,1
reaaals,1,0,1
reaaliiee,1,0,1
reaallly,1,0,1
reaally,0,1,1
reaallyy,0,1,1
reach,20,24,44
reachable,1,0,1
reachd,1,0,1
reached,9,7,16
reaches,1,3,4
reaching,2,3,5
react,4,1,5
reacting,1,1,2
reaction,9,8,17
reactionary,1,0,1
reactions,1,0,1
reactivated,1,0,1
reactivation,0,1,1
reactive,1,0,1
reacts,1,1,2
read,228,352,580
readable,0,2,2
readathon,2,2,4
readay,0,1,1
readdy,0,2,2
reader,10,10,20
readers,2,3,5
readhead,1,0,1
readily,1,1,2
readin,2,2,4
reading,110,142,252
readings,1,1,2
reads,8,6,14
ready,185,161,346
readyy,2,0,2
readyyy,0,1,1
reaed,1,0,1
reaffalli,1,0,1
reainfiqwnfipag,1,0,1
reais,0,1,1
reaise,0,1,1
real,206,317,523
realdiva,1,0,1
reali,0,4,4
realign,0,1,1
realii,0,1,1
realisation,0,1,1
realisations,0,1,1
realise,16,18,34
realised,13,19,32
realising,1,1,2
realism,0,1,1
realistic,1,6,7
realistically,2,1,3
reality,26,26,52
realization,0,1,1
realizations,0,1,1
realize,33,37,70
realized,31,29,60
realizes,4,1,5
realizing,6,0,6
reall,0,3,3
realli,0,2,2
realllllllllly,2,0,2
reallllllllly,1,0,1
realllllllly,0,1,1
reallllllly,0,1,1
realllllly,1,2,3
realllllyyyyyy,0,1,1
realllly,0,2,2
reallly,3,3,6
realllyyy,0,2,2
realllyyyy,1,0,1
really,1201,1591,2792
reallytired,1,0,1
reallyy,2,0,2
reallyyy,0,2,2
reallyyyyyyyyyy,0,1,1
realm,2,0,2
realms,2,0,2
realplayer,0,2,2
reals,3,3,6
realsies,0,1,1
realtek,0,1,1
realtime,1,1,2
realtivly,1,0,1
realtor,1,3,4
realy,6,4,10
realz,1,1,2
reanna,1,0,1
reaon,0,1,1
reaper,4,2,6
reappear,0,1,1
reapply,1,0,1
rear,2,5,7
reardons,1,0,1
rearrange,3,1,4
rearranged,1,0,1
rearranging,0,1,1
rearview,1,0,1
reasc,2,0,2
reason,105,140,245
reasonable,5,3,8
reasonably,0,2,2
reasoning,0,2,2
reasons,15,32,47
reasonsforleavingthelastjob,1,0,1
reasonsihatewinter,1,0,1
reassured,1,0,1
reassuring,2,0,2
reay,0,1,1
reba,1,0,1
rebates,1,0,1
rebc,1,0,1
rebcphl,1,0,1
rebecca,7,4,11
rebekahglass,0,1,1
rebekahs,1,0,1
rebel,3,5,8
rebelling,0,1,1
rebellion,1,0,1
rebels,0,1,1
rebond,1,0,1
rebonding,1,0,1
reboot,3,0,3
rebooted,1,0,1
rebooting,2,1,3
rebore,0,1,1
reborn,2,0,2
rebounder,1,0,1
rebreada,1,0,1
rebuild,1,6,7
rebuilding,0,1,1
rec,2,5,7
recall,0,7,7
recalled,1,1,2
recap,0,1,1
recapital,0,1,1
recaps,1,0,1
recc,0,1,1
recco,0,1,1
reccomend,0,1,1
reccomendation,1,2,3
receding,1,0,1
receiding,1,0,1
receieve,0,1,1
receieved,0,1,1
receipt,2,0,2
receive,10,16,26
received,22,18,40
receiver,1,2,3
receiving,2,2,4
recent,12,15,27
recently,19,55,74
recents,1,0,1
recenty,1,0,1
recepie,0,1,1
reception,12,5,17
receptionist,0,1,1
recess,2,1,3
recession,7,3,10
recessional,0,1,1
recharge,2,4,6
rechts,1,0,1
recieve,2,3,5
recieved,4,2,6
recieving,1,1,2
recipe,9,28,37
recipes,1,5,6
recipient,0,2,2
reciprocate,0,2,2
recital,7,5,12
recites,1,0,1
reckless,0,2,2
reckon,10,24,34
reckoning,0,1,1
reckonn,1,0,1
reckons,2,1,3
reclame,1,0,1
recluse,1,0,1
reco,2,3,5
recognise,2,5,7
recognised,1,0,1
recognizable,1,0,1
recognize,3,11,14
recognized,3,4,7
recognizing,1,0,1
recoil,1,1,2
recollections,1,0,1
recomand,1,0,1
recomandat,1,0,1
recomend,1,1,2
recomendations,1,0,1
recomended,0,1,1
recomendo,0,1,1
recommandation,0,1,1
recommend,36,29,65
recommendation,10,35,45
recommendations,9,9,18
recommended,5,5,10
recommending,4,7,11
recommendo,0,1,1
recommends,6,7,13
recommened,0,1,1
recompense,0,1,1
recon,4,2,6
reconfigure,0,1,1
reconnect,1,1,2
reconnected,1,1,2
reconnecting,1,0,1
reconsider,2,2,4
reconstructed,2,0,2
recooperate,0,1,1
record,52,53,105
recorded,3,13,16
recorder,0,2,2
recording,15,23,38
recordings,1,4,5
records,9,8,17
recorvered,1,0,1
recount,2,0,2
recourse,0,1,1
recover,8,6,14
recovered,4,10,14
recovering,11,6,17
recovery,9,16,25
recreate,1,0,1
recreation,0,1,1
recreational,0,1,1
recredit,1,0,1
recruit,1,2,3
recruited,0,3,3
recruiter,2,0,2
recruiters,1,0,1
recruiting,1,0,1
recruits,1,1,2
recs,1,1,2
rectangular,0,1,1
rectified,1,1,2
rectify,1,1,2
rectifying,0,1,1
rectory,0,1,1
recumbent,1,0,1
recuperating,1,0,1
recurring,0,2,2
recursion,1,0,1
recycle,3,1,4
recycled,1,2,3
recycling,2,1,3
red,94,100,194
redacted,2,0,2
redbox,0,2,2
redbull,3,3,6
redcar,0,1,1
redcarpet,1,0,1
redding,0,1,1
reddit,3,2,5
reddy,1,1,2
redeem,2,2,4
redeeming,1,0,1
redefined,0,1,1
redemption,2,1,3
redesign,2,2,4
redesigned,0,1,1
redeye,1,1,2
redface,1,0,1
redflagdeals,1,0,1
redhead,1,1,2
redheads,2,0,2
redhorse,1,0,1
redi,2,0,2
redial,2,0,2
rediculous,2,1,3
redid,1,0,1
rediff,0,2,2
redirect,2,3,5
redirected,1,0,1
redirects,1,1,2
redit,0,1,1
redmango,0,1,1
redmine,1,0,1
redneck,1,1,2
rednecks,0,1,1
redness,0,1,1
redo,1,3,4
redoing,1,0,1
redone,1,1,2
redownload,0,1,1
redownloaded,0,1,1
redownloading,0,1,1
redplanet,0,1,1
redraw,1,0,1
redro,1,0,1
reds,3,3,6
redshirt,1,0,1
redskins,0,1,1
redsox,1,1,2
reduce,4,8,12
reduced,4,2,6
reduces,1,0,1
reduction,1,0,1
redundant,1,3,4
redwings,4,1,5
redwood,1,0,1
redy,0,1,1
redzama,0,1,1
ree,0,1,1
reeaaaaaalllllllllyyy,1,0,1
reeaally,1,0,1
reeally,1,0,1
reece,1,0,1
reeces,1,0,1
reed,1,0,1
reedcourty,1,0,1
reedemable,0,1,1
reediculous,0,1,1
reeeall,1,0,1
reeealy,1,0,1
reeeeaaaalllllly,1,0,1
reeeeaaallllyyyyyy,0,1,1
reeeeaaally,0,1,1
reeeeally,2,1,3
reeeealy,0,1,1
reeeedics,0,1,1
reeeeeaaaaaaally,1,0,1
reeeeeaaady,0,1,1
reeeeeaaally,0,1,1
reeeeeal,1,0,1
reeeeeally,0,3,3
reeeeeeeally,1,0,1
reeeeeeeeeeeescue,1,0,1
reeeeeel,0,1,1
reef,0,1,1
reefs,0,1,1
reek,0,1,1
reeks,1,0,1
reel,1,0,1
reeling,2,1,3
reenact,1,0,1
reentering,0,1,1
reep,1,0,1
reese,1,2,3
reeses,0,1,1
reeves,1,0,1
reeyasabellina,1,0,1
ref,2,6,8
refactoring,1,0,1
refer,3,9,12
referecne,1,0,1
refered,1,0,1
referee,0,1,1
reference,11,21,32
references,2,2,4
referencing,1,2,3
referendum,0,1,1
refering,0,1,1
referndum,0,1,1
referral,3,2,5
referred,2,1,3
referrer,0,1,1
referring,9,19,28
refers,1,3,4
refill,0,2,2
refilled,0,1,1
refills,0,1,1
refinance,1,0,1
refining,0,1,1
refinnyj,1,0,1
reflect,0,4,4
reflecting,2,0,2
reflection,3,0,3
reflections,1,1,2
reflective,0,1,1
reflects,1,0,1
reflex,2,0,2
reflexes,0,1,1
refolllow,0,1,1
refollow,2,0,2
refollowing,0,1,1
reform,0,1,1
reformers,0,1,1
reforms,1,0,1
refractive,0,1,1
refrain,3,1,4
refraining,0,1,1
refrains,1,0,1
refresed,0,1,1
refresh,5,10,15
refreshed,2,0,2
refreshennnn,1,0,1
refresher,0,1,1
refreshes,1,2,3
refreshin,0,1,1
refreshing,11,9,20
refreshment,0,1,1
refreshments,1,0,1
refreshphoenix,0,1,1
refrigerate,0,1,1
refrigerated,2,0,2
refrigeration,0,1,1
refrigerator,4,0,4
refs,0,1,1
refuge,1,0,1
refund,5,4,9
refurbished,1,0,1
refurbishment,1,0,1
refuse,9,7,16
refused,0,5,5
refuses,3,4,7
refusing,3,1,4
refusn,1,0,1
reg,5,5,10
regal,1,0,1
regalo,0,1,1
regard,3,2,5
regarding,7,9,16
regardles,0,1,1
regardless,3,18,21
regards,6,6,12
regattas,1,0,1
regents,6,2,8
regex,1,0,1
reggae,0,1,1
reggaeton,1,1,2
reggeaton,0,1,1
reggie,1,1,2
regime,1,2,3
regimented,1,0,1
regina,2,1,3
reginald,1,0,1
reginas,1,0,1
region,4,1,5
regional,0,1,1
regionals,2,0,2
regions,2,1,3
regis,1,0,1
register,5,4,9
registered,7,2,9
registering,1,1,2
registers,1,0,1
registration,4,4,8
registry,1,0,1
rego,0,2,2
regrads,1,0,1
regressing,0,1,1
regression,0,1,1
regret,14,19,33
regretably,1,1,2
regrets,1,2,3
regrettable,0,1,1
regretted,1,1,2
regrettin,0,1,1
regretting,1,2,3
regroup,0,1,1
regrouping,0,1,1
regul,0,1,1
regular,21,28,49
regulares,0,1,1
regularly,3,7,10
regulars,3,2,5
regulation,1,0,1
regulations,1,0,1
regulators,1,0,1
regulatory,0,1,1
rehab,5,1,6
rehabilitator,1,0,1
rehash,0,1,1
rehearsal,7,5,12
rehearsals,2,3,5
rehearse,0,1,1
rehearsing,0,2,2
reheated,1,0,1
rehman,1,0,1
rehta,0,1,1
reibungsloser,1,0,1
reid,1,4,5
reigns,1,0,1
reiki,0,4,4
reimburse,0,2,2
reimbursed,1,0,1
rein,0,1,1
reincarnate,0,1,1
reincarnation,0,1,1
reindl,0,1,1
reinforced,1,0,1
reinforcement,0,2,2
reino,0,1,1
reinstall,6,1,7
reinstallation,1,0,1
reinstalled,1,3,4
reinstalling,2,3,5
reinstate,1,0,1
reinstated,0,1,1
reintroduced,0,1,1
reinvented,0,1,1
reinventing,1,0,1
reir,1,0,1
reissue,0,1,1
reiterated,0,1,1
reitmans,1,0,1
reject,2,4,6
rejected,8,4,12
rejection,1,2,3
rejectprop,4,0,4
rejects,3,6,9
rejeuvenating,0,1,1
rejoice,1,3,4
rejoices,1,0,1
rejoicing,1,1,2
rejoined,0,1,1
rejuvenated,0,1,1
rejuventation,1,0,1
rekao,0,1,1
rekindled,1,0,1
rekindling,1,0,1
rekon,0,2,2
rekonq,1,0,1
rel,1,0,1
relaized,0,1,1
relasyon,1,0,1
relate,10,14,24
related,19,35,54
relates,1,0,1
relating,1,1,2
relation,0,3,3
relationchip,0,1,1
relations,3,2,5
relationship,19,9,28
relationships,6,2,8
relative,2,4,6
relatively,3,1,4
relatives,4,5,9
relativism,0,1,1
relativity,1,0,1
relaunch,1,0,1
relaunching,2,0,2
relax,20,28,48
relaxation,1,1,2
relaxed,4,6,10
relaxin,3,2,5
relaxing,33,30,63
relaxtion,0,1,1
relay,5,3,8
relaying,0,1,1
rele,0,1,1
relearn,0,1,1
release,36,42,78
released,26,25,51
releases,5,1,6
releasing,2,3,5
releasmas,0,1,1
releeeeeeaaase,0,1,1
releif,0,1,1
relentless,0,2,2
relevancy,0,1,1
relevant,1,6,7
relevent,1,1,2
reliable,3,1,4
reliance,1,2,3
reliant,0,1,1
relic,1,0,1
relief,6,13,19
relient,0,1,1
relieve,7,14,21
relieved,6,5,11
reliever,1,0,1
relievers,1,0,1
relieves,1,0,1
religion,7,6,13
religions,1,0,1
religious,4,3,7
religiously,1,2,3
religon,1,0,1
religously,1,0,1
reliqion,1,0,1
relive,3,2,5
rell,1,0,1
rella,1,0,1
relly,1,1,2
reloacted,1,0,1
reload,3,1,4
relocate,0,2,2
relocated,1,0,1
relog,1,0,1
reluctant,2,0,2
rely,3,6,9
relying,1,0,1
rem,1,1,2
remain,4,8,12
remained,2,0,2
remaining,4,3,7
remains,3,4,7
remake,1,3,4
remakes,0,1,1
remark,2,0,2
remarkable,0,2,2
remarkably,0,2,2
remarks,0,1,1
remarried,1,0,1
remarry,0,1,1
rematch,3,1,4
remeber,2,3,5
remebered,1,0,1
remed,1,0,1
remedies,1,2,3
remedy,3,1,4
remem,0,1,1
remembaaa,1,0,1
remembeeeer,0,1,1
remember,157,246,403
rememberd,1,0,1
remembered,14,13,27
remembering,6,3,9
rememberrrrrrrrrrrrrrrrrrrrr,0,1,1
remembers,5,5,10
remembr,0,1,1
remembrd,1,0,1
remembrer,1,0,1
rememebr,0,1,1
remenber,0,1,1
remimber,0,1,1
remind,32,30,62
reminded,9,18,27
reminder,10,13,23
reminders,2,0,2
remindes,0,1,1
remindin,1,1,2
reminding,12,16,28
reminds,18,40,58
remindz,0,1,1
reminisce,1,0,1
reminiscent,1,0,1
reminisces,0,1,1
reminiscin,0,1,1
reminiscing,3,3,6
remix,15,12,27
remixed,0,1,1
remixes,0,2,2
remnant,0,1,1
remnants,0,2,2
remo,0,1,1
remodel,0,1,1
remodeling,1,0,1
remolded,0,1,1
remorse,1,1,2
remote,9,6,15
remotely,4,2,6
removal,2,1,3
removalist,1,0,1
remove,6,13,19
removed,10,17,27
remover,1,0,1
removes,0,1,1
removing,7,4,11
remus,0,1,1
remy,2,1,3
ren,2,3,5
rena,1,0,1
rename,0,1,1
renamed,0,1,1
renassaince,0,1,1
renatamussi,1,0,1
renault,1,0,1
rencampo,1,0,1
rencana,1,0,1
rendang,1,1,2
render,3,3,6
rendered,0,1,1
rendering,1,3,4
renders,0,1,1
rendezvous,0,1,1
rendi,0,1,1
rendition,2,0,2
rene,1,0,1
renee,3,2,5
renegade,0,1,1
renesmee,1,0,1
renew,5,3,8
renewable,1,0,1
renewed,4,1,5
renfest,0,1,1
reni,1,0,1
renku,1,0,1
renoise,1,0,1
renovated,0,1,1
renovations,1,0,1
renowned,1,0,1
rent,8,18,26
rental,4,3,7
rentals,1,1,2
rented,1,5,6
renting,3,5,8
rents,1,3,4
reo,1,0,1
reopen,0,2,2
reopened,1,1,2
reopening,1,0,1
reordering,0,1,1
reorganizing,1,0,1
reow,1,0,1
rep,6,9,15
repackaged,1,0,1
repacking,0,1,1
repaint,0,1,1
repainted,0,1,1
repainting,1,0,1
repair,6,5,11
repaired,0,2,2
repairing,1,0,1
repairs,3,1,4
repartee,0,1,1
repay,3,1,4
repaying,0,1,1
repeal,1,0,1
repeat,24,19,43
repeated,1,0,1
repeatedly,0,1,1
repeating,5,5,10
repeats,2,1,3
repect,1,0,1
repellants,0,1,1
repenting,1,0,1
repercussions,0,1,1
repetative,0,2,2
repetit,1,0,1
repetition,1,0,1
repetitive,0,3,3
rephrase,1,3,4
repierced,0,1,1
repiercing,0,1,1
replace,6,21,27
replaceable,0,1,1
replaced,9,11,20
replacement,12,8,20
replaces,0,1,1
replacing,5,6,11
replant,1,0,1
replay,4,4,8
replays,1,0,1
replica,0,2,2
replicate,1,0,1
replicator,0,1,1
replied,29,48,77
repliedddddd,0,1,1
replies,22,33,55
reply,133,193,326
replyed,0,1,1
replyin,1,1,2
replying,13,19,32
replyn,1,0,1
replys,0,3,3
replyyy,1,1,2
repo,2,2,4
repond,0,1,1
reponga,1,0,1
report,27,36,63
reported,3,4,7
reporter,1,2,3
reporters,2,2,4
reporting,3,3,6
reports,6,9,15
repose,0,1,1
repositories,0,1,1
repost,4,7,11
reposting,1,0,1
repot,1,0,1
repotted,0,1,1
repp,1,0,1
reppin,2,1,3
repping,0,1,1
reprehensibles,1,0,1
represent,3,5,8
representation,1,1,2
representative,1,3,4
represented,1,0,1
representin,0,1,1
representing,1,0,1
represents,1,3,4
repression,0,1,1
reprinting,1,0,1
reprise,1,0,1
repro,0,1,1
reproach,0,1,1
reproducing,1,0,1
reproduction,0,2,2
reps,1,5,6
reptile,0,1,1
republic,6,3,9
republican,1,2,3
republicans,1,1,2
reputation,1,1,2
repution,0,1,1
repy,0,1,1
req,1,1,2
reqs,0,1,1
request,21,28,49
requestd,0,1,1
requested,6,6,12
requestin,1,0,1
requesting,4,1,5
requests,7,10,17
requiem,2,0,2
requiemforthephantom,0,1,1
require,0,11,11
required,8,6,14
requirement,0,1,1
requirements,2,4,6
requires,2,8,10
requiring,0,1,1
rere,1,0,1
reread,2,1,3
rereading,0,2,2
rerun,2,1,3
rerunds,0,1,1
reruns,6,3,9
res,1,4,5
resaurant,1,0,1
reschedule,1,2,3
rescheduled,2,1,3
rescue,9,7,16
rescued,1,5,6
rescuee,1,0,1
rescuing,1,1,2
research,7,16,23
researchers,2,0,2
researching,2,1,3
resection,1,1,2
resell,3,0,3
reseller,0,2,2
resemblance,1,1,2
resemble,1,4,5
resembles,1,1,2
resend,2,2,4
resending,2,0,2
resent,0,2,2
resentful,0,1,1
resentment,1,1,2
reservation,0,1,1
reservations,0,1,1
reserve,2,6,8
reserved,1,1,2
reservoir,1,1,2
reset,5,6,11
resetting,0,1,1
reshoot,0,1,1
reshow,0,1,1
residence,0,3,3
residency,0,1,1
resident,4,4,8
residential,1,1,2
residents,1,4,5
residing,1,0,1
resign,1,0,1
resigned,2,1,3
resigning,1,1,2
resiliant,1,0,1
resilience,0,1,1
resist,13,17,30
resistance,2,2,4
resistant,2,2,4
resisted,0,2,2
resisting,1,0,1
resize,1,1,2
resold,0,1,1
resolution,2,7,9
resolutions,0,2,2
resolve,3,2,5
resolved,1,5,6
resolving,1,0,1
resopnding,0,1,1
resort,4,5,9
resorted,2,0,2
resource,2,4,6
resourceful,0,1,1
resources,4,3,7
respect,17,20,37
respectable,1,0,1
respected,0,2,2
respectful,1,1,2
respecting,1,1,2
respective,1,1,2
respectrobpattinson,1,0,1
respects,0,1,1
respir,1,0,1
respite,0,1,1
respond,19,25,44
responded,6,2,8
responder,1,1,2
respondin,0,2,2
responding,7,10,17
responds,2,0,2
respons,1,0,1
response,30,33,63
responses,7,3,10
responsibilities,2,2,4
responsibility,4,6,10
responsible,2,7,9
responsibly,0,1,1
responsive,1,1,2
respsonses,0,1,1
ress,1,0,1
ressant,1,0,1
ressurection,0,1,1
rest,113,170,283
restart,4,7,11
restarted,2,0,2
restarting,2,1,3
restate,0,2,2
restaurant,19,15,34
restaurants,1,2,3
rested,5,6,11
restful,1,2,3
resting,7,6,13
restless,1,1,2
resto,2,3,5
restocked,0,1,1
restocking,0,1,1
restoration,0,1,1
restorative,1,1,2
restore,5,3,8
restored,2,3,5
restoring,1,1,2
restorw,1,0,1
restrain,1,0,1
restraining,0,2,2
restraint,1,0,1
restraints,0,1,1
restrant,0,1,1
restrepo,1,0,1
restrict,0,2,2
restricted,3,2,5
restriction,1,0,1
restrictions,4,0,4
restrictive,0,1,1
restricts,0,2,2
restrita,0,1,1
restructuring,0,3,3
restttttt,0,1,1
restuarant,0,1,1
resturant,0,1,1
resturaunt,1,0,1
resuena,1,0,1
result,22,15,37
resulted,1,0,1
results,34,34,68
resume,6,4,10
resumed,1,2,3
resupplied,1,0,1
resurface,1,0,1
resurfaced,0,1,1
resurrecting,0,1,1
resurrector,0,1,1
resveratrol,0,1,1
retail,5,6,11
retailer,0,1,1
retailing,1,0,1
retain,1,1,2
retained,1,2,3
retainer,0,1,1
retainers,1,0,1
retains,0,1,1
retaired,0,1,1
retake,2,2,4
retard,2,5,7
retarded,15,12,27
retardedly,0,1,1
retardo,0,1,1
retards,0,1,1
retareded,0,1,1
retarted,1,0,1
reteach,1,0,1
retent,0,1,1
retexturing,0,1,1
retford,0,1,1
rethink,1,1,2
rethinking,1,1,2
retina,1,0,1
retire,2,5,7
retired,4,8,12
retirees,1,0,1
retirement,2,2,4
retires,0,1,1
retiring,0,1,1
retirment,1,0,1
retouch,1,1,2
retrace,1,0,1
retract,1,0,1
retreat,1,8,9
retreated,1,0,1
retrieve,0,1,1
retrieved,0,1,1
retriever,0,1,1
retrievers,0,1,1
retro,2,2,4
retrofit,1,0,1
return,36,38,74
returnable,0,1,1
returned,9,11,20
returning,4,4,8
returnn,2,0,2
returns,3,3,6
retweet,27,36,63
retweeted,1,1,2
retweeters,0,1,1
retweeting,3,6,9
retweets,3,9,12
retwist,0,1,1
retwisting,0,1,1
retwitting,1,0,1
retype,1,0,1
reubens,1,0,1
reuni,0,1,1
reunion,8,11,19
reunionnn,0,1,1
reunions,1,0,1
reunite,0,1,1
reunited,3,2,5
reupholster,0,2,2
reusit,1,0,1
reusite,1,0,1
reuter,1,0,1
reuters,2,0,2
rev,0,5,5
reva,1,1,2
revamp,1,1,2
revamping,0,1,1
revbise,1,0,1
reveal,2,3,5
revealed,0,3,3
reveals,3,0,3
reveille,1,0,1
revelation,2,1,3
revelry,1,0,1
revels,0,1,1
revenge,11,8,19
reveni,1,0,1
revered,1,0,1
reversal,0,1,1
reverse,1,2,3
reversed,0,1,1
reverses,0,1,1
revert,1,1,2
reverted,1,1,2
reverter,1,0,1
reverting,1,0,1
revie,0,1,1
revient,0,1,1
review,27,47,74
reviewed,5,4,9
reviewer,1,0,1
reviewing,1,0,1
reviews,11,15,26
revise,16,9,25
revised,3,3,6
revising,14,7,21
revisinggg,0,1,1
revisingggggg,1,0,1
revisinyaaa,1,0,1
revision,23,22,45
revisions,2,1,3
revisionz,1,0,1
revisit,0,1,1
revisited,1,0,1
reviso,1,0,1
revisting,0,1,1
revital,0,2,2
revival,0,1,1
revive,1,0,1
revived,1,0,1
revives,1,0,1
revo,1,0,1
revoirrr,0,1,1
revoked,1,0,1
revol,0,1,1
revolution,6,7,13
revolutionary,2,2,4
revolutions,1,0,1
revolve,1,1,2
revolver,1,0,1
revolves,2,0,2
revolving,1,0,1
revrun,1,0,1
revs,1,0,1
revsion,1,0,1
revwar,0,1,1
rew,1,0,1
reward,3,6,9
rewarded,1,3,4
rewarding,3,3,6
rewards,1,0,1
rewatch,2,2,4
rewatches,0,1,1
rewatching,1,1,2
rewe,1,0,1
rewind,1,0,1
rewinding,0,1,1
reworking,1,0,1
rewrite,1,3,4
rewritting,0,1,1
rex,1,1,2
rexall,0,1,1
rey,2,0,2
reyl,1,0,1
reynholm,0,1,1
reynolds,0,1,1
reyt,1,0,1
rezki,1,0,1
reznor,1,1,2
rezpondr,0,1,1
rezzopaviro,1,0,1
rf,1,0,1
rfc,1,0,1
rfrglk,0,1,1
rg,2,0,2
rgds,0,1,1
rgesthuizen,0,1,1
rghostbusters,1,0,1
rgt,0,1,1
rh,0,1,1
rhapsody,0,1,1
rhcp,1,0,1
rhea,1,0,1
rhein,0,1,1
rhema,1,0,1
rhetoric,1,0,1
rhetorical,1,3,4
rhetter,1,0,1
rhino,1,2,3
rhnj,1,1,2
rho,0,1,1
rhod,1,0,1
rhode,1,1,2
rhodes,1,0,1
rhody,0,1,1
rhombus,0,1,1
rhowan,1,0,1
rhtc,0,1,1
rhubarb,3,3,6
rhumatologist,1,0,1
rhydian,0,1,1
rhye,1,0,1
rhyme,1,5,6
rhymed,0,1,1
rhymes,2,4,6
rhyming,0,3,3
rhyno,1,0,1
rhythm,3,3,6
ri,4,1,5
ria,1,0,1
riaa,1,2,3
rian,1,3,4
rib,1,1,2
ribbed,1,0,1
ribbit,1,0,1
ribbon,2,3,5
ribbons,0,2,2
ribfest,0,1,1
ribs,8,7,15
rica,2,2,4
rican,0,2,2
ricant,1,0,1
rice,13,27,40
ricer,0,1,1
rich,18,15,33
richard,3,7,10
richards,1,0,1
richelle,1,0,1
richer,0,2,2
richfigray,1,0,1
richgirl,1,1,2
richie,1,0,1
richman,1,0,1
richmond,1,4,5
richtea,0,1,1
richter,0,2,2
rick,7,7,14
rickenbacker,0,1,1
ricki,1,0,1
rickrack,0,1,1
rickroller,1,0,1
ricky,4,2,6
rickyyyyyy,1,0,1
rico,3,4,7
ricoh,1,0,1
ricotta,1,1,2
rid,19,21,40
rida,1,2,3
ridaa,0,1,1
ridden,0,4,4
riddle,1,1,2
ride,64,93,157
rider,2,7,9
riders,2,0,2
rides,10,4,14
ridge,1,1,2
ridgeback,1,0,1
ridgerock,0,1,1
ridic,1,1,2
ridick,0,1,1
ridiculos,0,1,1
ridiculosly,0,1,1
ridiculous,10,21,31
ridiculously,3,7,10
ridiculousness,1,0,1
ridiculus,0,1,1
ridin,1,0,1
riding,13,22,35
rie,0,1,1
riee,1,0,1
ries,1,1,2
rif,1,1,2
rife,1,0,1
riff,0,1,1
riffs,1,0,1
rifle,0,1,1
rig,0,2,2
riga,0,1,1
rigged,1,1,2
right,781,1068,1849
rightards,1,0,1
rightaway,1,0,1
righteous,1,1,2
righteousness,1,0,1
rightful,1,0,1
rightio,0,1,1
rightly,1,1,2
rightnow,0,2,2
rights,7,12,19
rightt,0,1,1
righttt,0,1,1
righttttt,0,1,1
righty,4,0,4
rigth,1,1,2
rih,0,1,1
rihanna,4,3,7
rihannaofficial,1,0,1
riiight,3,1,4
riiiiight,2,2,4
rijkswaterstaat,1,0,1
rikkusdream,1,0,1
riled,1,0,1
riley,1,2,3
rileys,0,1,1
rim,1,1,2
rima,0,1,1
rimbaud,1,0,1
rimes,1,0,1
rimjobs,0,1,1
rimmer,0,1,1
rims,1,1,2
rin,2,3,5
rina,0,1,1
rindu,0,1,1
ring,34,46,80
ringback,1,0,1
ringer,1,0,1
ringgg,1,0,1
ringing,3,3,6
ringo,2,1,3
ringrone,1,0,1
rings,11,10,21
ringtone,5,4,9
ringtones,1,1,2
rinitis,1,0,1
rink,1,1,2
rio,4,8,12
riot,1,2,3
riotfest,2,0,2
riots,3,0,3
rip,46,25,71
ripasso,0,1,1
riping,1,0,1
ripoff,0,1,1
ripoffs,0,1,1
ripped,6,3,9
ripper,1,1,2
rippers,0,1,1
ripping,0,2,2
ripple,1,0,1
rips,1,1,2
ripstick,1,0,1
ripv,0,1,1
riqht,1,0,1
riribear,0,1,1
rise,17,15,32
rises,1,0,1
rishabh,1,0,1
risin,1,0,1
rising,1,3,4
risk,8,10,18
riskin,0,1,1
risking,2,0,2
risks,2,0,2
risky,2,1,3
rissa,1,1,2
rissamazing,1,0,1
ristretto,1,0,1
rita,1,3,4
ritalin,1,0,1
ritas,1,0,1
ritchie,1,0,1
rite,28,26,54
ritney,0,1,1
ritter,1,0,1
ritual,3,2,5
ritz,0,2,2
rival,0,1,1
rivalry,2,0,2
river,12,10,22
rivers,2,4,6
riverside,1,0,1
riveting,0,1,1
riviera,1,0,1
rj,1,1,2
rk,1,1,2
rked,0,1,1
rken,0,1,1
rkn,0,2,2
rl,4,6,10
rldsavi,0,1,1
rle,0,1,1
rlich,0,2,2
rlly,13,4,17
rlt,0,1,1
rly,8,7,15
rlyyyy,0,1,1
rm,4,3,7
rma,0,1,1
rman,0,1,1
rmc,0,1,1
rmd,0,1,1
rmember,2,0,2
rmh,0,1,1
rmk,0,1,1
rml,1,1,2
rmps,1,0,1
rms,1,0,1
rn,8,4,12
rnberg,1,0,1
rnc,0,1,1
rnd,0,1,1
rnr,2,0,2
rns,1,0,1
ro,0,7,7
roach,0,1,1
roaches,0,2,2
road,43,53,96
roadhouse,1,1,2
roadie,0,1,1
roadmap,0,1,1
roads,4,4,8
roadshow,0,3,3
roadster,0,1,1
roadtrip,5,4,9
roadtwip,1,0,1
roak,0,1,1
roam,0,2,2
roamed,0,1,1
roaming,1,1,2
roar,1,0,1
roaring,1,0,1
roarr,0,1,1
roast,8,10,18
roasted,3,2,5
roasters,0,1,1
roasting,2,2,4
roastish,0,1,1
roasts,0,1,1
rob,32,20,52
robarmelo,1,0,1
robb,1,1,2
robbed,1,3,4
robbery,1,0,1
robbie,1,2,3
robbin,0,1,1
robbins,2,0,2
robby,1,3,4
robbykins,1,0,1
robdust,1,0,1
robe,2,0,2
roberson,1,0,1
robert,19,8,27
roberta,0,1,1
roberto,2,0,2
roberts,1,2,3
robertsky,1,0,1
robin,13,7,20
robina,0,1,1
robineccles,0,1,1
robinhood,1,0,1
robinson,0,2,2
robinsons,0,1,1
robitussin,0,1,1
robles,0,1,1
roblox,1,0,1
robo,3,1,4
robofillet,0,2,2
robot,10,7,17
roboto,0,1,1
robotpickuplines,12,0,12
robots,4,5,9
robover,0,1,1
robpat,0,1,1
robpatz,1,0,1
robsjohnston,1,0,1
robsten,2,1,3
robust,0,1,1
robyn,1,1,2
robypooh,1,0,1
rocha,1,0,1
rochelle,0,2,2
rocher,2,0,2
rochester,0,7,7
rock,111,144,255
rocka,1,1,2
rockafeller,1,0,1
rockband,3,3,6
rockbandmonday,0,1,1
rockbuster,1,0,1
rocked,9,12,21
rockedd,1,0,1
rockefeller,1,0,1
rocker,1,2,3
rockers,3,0,3
rocket,5,4,9
rocketband,1,0,1
rocketed,0,1,1
rocketmoms,1,0,1
rockets,2,3,5
rockford,0,1,1
rockgod,1,0,1
rockgoddess,1,0,1
rockin,10,16,26
rocking,9,11,20
rockinnn,1,0,1
rockit,0,1,1
rockk,1,1,2
rockky,0,1,1
rockmanx,1,0,1
rockness,0,1,1
rockoff,0,1,1
rockpools,0,1,1
rocks,42,37,79
rockst,0,1,1
rockstar,2,5,7
rockstardom,0,1,1
rockstars,2,0,2
rocktober,0,1,1
rocky,11,6,17
rockz,0,1,1
rocnation,1,0,1
rocsi,1,1,2
rocsocmedia,1,0,1
rod,3,5,8
roda,0,1,1
roddick,3,2,5
rode,2,5,7
rodentjeopardy,0,1,1
rodeo,1,3,4
rodney,2,0,2
rodolfo,0,1,1
rodr,0,1,1
rodrigooo,0,1,1
roemenen,0,1,1
roethlisberger,0,1,1
rofl,26,43,69
roflayi,1,0,1
roflmao,7,2,9
roflol,1,0,1
rog,1,1,2
roger,8,3,11
rogers,6,6,12
rogersmith,0,1,1
rogue,0,3,3
roh,0,3,3
rohan,3,0,3
rohanjacob,1,0,1
rohin,0,1,1
roi,0,1,1
roided,0,1,1
roine,1,0,1
rojo,0,1,1
rok,1,0,1
roker,0,1,1
rokk,0,1,1
rokkia,1,0,1
roland,4,1,5
rolando,0,1,1
rolar,1,0,1
role,14,13,27
roleplay,0,1,1
roles,0,3,3
roll,37,44,81
rolland,0,1,1
rollback,1,0,1
rolled,4,3,7
roller,6,5,11
rollerblades,1,0,1
rollerblading,0,1,1
rollercoasta,1,0,1
rollercoaster,0,2,2
rollercoasters,1,1,2
rollergirl,0,1,1
rollergirls,0,1,1
rollers,0,2,2
rollerskating,0,1,1
rollin,7,2,9
rolling,12,7,19
rollling,0,1,1
rollo,1,0,1
rolls,5,16,21
rollups,1,0,1
rolly,0,2,2
rolmao,1,0,1
rom,4,1,5
roma,5,3,8
roman,3,5,8
romana,0,1,1
romance,8,8,16
romances,0,1,1
romania,2,4,6
romanian,2,0,2
romano,0,1,1
romanow,0,1,1
romans,1,0,1
romantic,9,15,24
romanticc,1,0,1
romanticize,0,1,1
romany,0,1,1
romba,0,1,1
romcoms,1,0,1
rome,7,7,14
romeo,4,2,6
romp,1,1,2
romping,0,1,1
roms,0,1,1
romy,0,1,1
ron,6,6,12
rona,1,0,1
ronald,1,3,4
ronan,0,1,1
ronark,1,0,1
roncy,0,1,1
ronery,0,1,1
ronewmedia,1,0,1
roni,1,0,1
ronin,0,1,1
ronnie,4,1,5
ronnja,0,2,2
ronsom,0,1,1
roo,5,0,5
roobbb,1,0,1
roof,13,6,19
roofies,1,0,1
roofing,0,1,1
roofs,0,1,1
rooftop,0,1,1
rooibos,1,0,1
rookie,0,2,2
rool,1,0,1
room,127,154,281
roomba,1,1,2
roomie,3,6,9
roomies,2,3,5
rooming,0,1,1
roommate,7,5,12
roommates,3,0,3
rooms,4,7,11
roomy,0,2,2
rooney,0,1,1
rooo,1,0,1
rooocks,0,1,1
rooolllll,1,0,1
rooooooooomies,1,0,1
roos,0,2,2
rooselll,0,1,1
roosevelt,0,1,1
rooster,1,1,2
roosters,1,1,2
root,9,11,20
rootbeer,0,1,1
rooted,0,1,1
rooting,5,15,20
roots,3,6,9
rootz,0,1,1
rop,0,1,1
roparun,0,1,1
rope,3,1,4
ropes,1,4,5
ropey,0,1,1
ror,0,1,1
roro,1,0,1
rory,0,1,1
rosa,4,3,7
rosalee,0,1,1
rosales,1,0,1
rosalie,1,0,1
rosarias,1,0,1
rosario,0,1,1
rosberg,2,0,2
roscoe,2,0,2
roscoes,2,2,4
rose,16,15,31
rosedale,1,0,1
roselyn,1,0,1
rosemary,1,2,3
rosenbergradio,1,0,1
rosepins,1,0,1
roses,11,2,13
rosetta,1,2,3
rosewater,1,0,1
rosewood,1,0,1
rosie,3,2,5
ross,7,8,15
rossa,0,1,1
rossi,3,1,4
rossiu,1,0,1
rostered,0,1,1
rosti,0,1,1
roswell,0,1,1
rosy,2,0,2
rot,2,3,5
rotary,1,1,2
rotate,3,6,9
rotating,1,1,2
rotation,1,2,3
rotations,0,1,1
rotf,1,1,2
rotfl,2,2,4
rotflmao,0,1,1
rotflmfao,1,0,1
roth,0,1,1
rothbury,1,0,1
roti,0,1,1
rotos,0,1,1
rotschild,0,1,1
rottaboat,1,0,1
rotten,2,5,7
rotterdam,3,1,4
rotti,1,0,1
rotting,0,1,1
rottingdean,1,0,1
rottweiler,1,0,1
rotz,0,1,1
rouge,1,2,3
rough,26,35,61
rougher,0,1,1
roughin,1,0,1
roughplaces,1,0,1
roun,0,1,1
round,46,52,98
roundabouts,0,1,1
rounded,2,0,2
rounders,2,1,3
roundish,1,0,1
roundkick,0,1,1
roundrock,1,0,1
rounds,2,2,4
roundtable,0,3,3
roundtrip,1,2,3
roundy,0,1,1
roused,1,0,1
route,6,11,17
router,3,11,14
routes,2,0,2
routine,3,9,12
routinely,1,1,2
routines,1,0,1
routing,0,1,1
roux,0,1,1
rouxi,0,1,1
rovacom,1,0,1
rove,6,5,11
rover,0,2,2
rovers,0,1,1
rovey,1,0,1
roving,1,0,1
row,22,37,59
rowan,1,0,1
rowdy,3,1,4
rowe,0,1,1
rowing,1,0,1
rowland,1,0,1
rowling,0,1,1
rowntrees,1,0,1
rows,4,3,7
rox,4,1,5
roxo,1,0,1
roxx,0,1,1
roxxiiii,1,0,1
roxxors,1,0,1
roxy,2,2,4
roy,1,4,5
royal,8,9,17
royalascot,1,0,1
royale,1,1,2
royals,4,0,4
royalties,1,0,1
royalty,2,1,3
royaly,1,0,1
roybendoybens,0,1,1
royce,1,0,1
royhooker,1,0,1
royrie,0,1,1
roz,0,1,1
rozan,0,1,1
rozzzz,1,0,1
rp,4,1,5
rpattz,4,3,7
rpatzz,1,0,1
rpg,1,2,3
rpgs,1,1,2
rping,1,0,1
rpl,1,0,1
rpm,2,0,2
rpod,1,0,1
rps,0,1,1
rpt,0,1,1
rpteam,0,1,1
rpv,0,1,1
rr,2,3,5
rread,1,0,1
rref,1,0,1
rreply,1,0,1
rrgghhh,1,0,1
rrod,0,2,2
rrp,1,0,1
rrrrrrr,1,0,1
rry,0,1,1
rs,5,3,8
rsa,0,1,1
rsc,1,1,2
rsf,0,1,1
rsi,2,1,3
rside,1,0,1
rsl,1,2,3
rsrs,0,1,1
rss,8,8,16
rsv,0,1,1
rsvp,4,2,6
rsvped,0,1,1
rsxy,1,0,1
rt,6,17,23
rtannabelle,0,1,1
rth,0,1,1
rthx,1,0,1
rting,1,0,1
rtl,0,1,1
rtmpdump,1,0,1
rtold,0,1,1
rts,1,0,1
ru,6,7,13
rub,9,17,26
rubb,1,0,1
rubbed,1,2,3
rubber,4,6,10
rubberband,1,0,1
rubbercasing,0,1,1
rubbin,0,1,1
rubbing,1,12,13
rubbins,0,1,1
rubbish,15,23,38
rubbished,1,0,1
rubbishness,0,1,1
rubdown,2,0,2
rubens,2,1,3
rubik,0,1,1
rubiks,0,1,1
rubs,1,3,4
ruby,8,6,14
rubyconf,0,1,1
rubymaree,1,0,1
rucksack,0,1,1
rucus,0,1,1
rudd,1,3,4
ruddy,2,0,2
rude,15,33,48
rudefor,0,1,1
rudely,1,0,1
rudeness,1,2,3
rudi,0,1,1
rudimentary,0,1,1
rudy,1,0,1
rue,1,0,1
ruff,0,1,1
ruffito,1,0,1
ruffle,1,0,1
ruffled,1,0,1
rufus,2,2,4
rug,2,3,5
rugby,9,6,15
rugged,1,0,1
rugrats,1,2,3
rugs,1,0,1
ruh,0,3,3
ruim,0,1,1
ruimte,0,1,1
ruin,20,19,39
ruined,20,19,39
ruining,3,2,5
ruins,6,7,13
ruk,0,1,1
ruki,1,1,2
rule,23,25,48
ruled,0,2,2
ruler,1,1,2
rules,21,24,45
rulez,0,1,1
rulezzz,0,1,1
rulings,0,1,1
rullie,0,1,1
rum,4,5,9
rumah,0,1,1
rumahkoki,0,1,1
rumbel,1,0,1
rumble,2,0,2
rumbles,0,1,1
rumbley,1,0,1
rumbling,1,1,2
rumbly,0,1,1
rumi,1,0,1
rummage,0,1,1
rumoor,0,1,1
rumor,2,9,11
rumored,1,1,2
rumors,3,6,9
rumour,3,3,6
rumoured,0,1,1
rumours,6,7,13
rumps,1,0,1
run,125,156,281
runathon,1,0,1
runaway,4,1,5
runaways,1,1,2
rundown,0,3,3
runescape,1,0,1
runner,5,5,10
runners,1,2,3
runnin,2,4,6
running,92,82,174
runnings,1,0,1
runny,3,4,7
runrig,1,0,1
runs,22,21,43
runss,1,0,1
runway,0,3,3
runways,1,0,1
rupanya,0,1,1
rupaul,0,1,1
rupert,1,3,4
ruptured,0,1,1
rur,1,0,1
rural,5,0,5
rus,0,1,1
rusak,1,0,1
ruse,0,2,2
rush,10,16,26
rushdie,0,1,1
rushed,3,2,5
rushing,2,2,4
rushinq,0,1,1
rusholme,1,0,1
rusling,0,1,1
russ,5,4,9
russa,1,0,1
russel,1,0,1
russell,2,8,10
russellbrand,0,1,1
russfail,0,1,1
russia,2,6,8
russian,3,6,9
russians,2,0,2
rust,0,1,1
rustan,0,1,1
rusted,0,1,1
rustle,0,1,1
rusty,4,4,8
rustyrockets,1,0,1
rut,0,1,1
rutger,1,0,1
ruth,0,1,1
rutherford,0,1,1
ruthie,1,0,1
ruthless,0,1,1
rutland,0,1,1
rutter,0,1,1
ruuude,1,0,1
ruww,1,0,1
ruxpin,0,1,1
rv,2,1,3
rva,0,1,1
rwandan,0,1,1
rwar,0,1,1
rwe,1,0,1
rwh,0,1,1
rwoc,1,0,1
rx,2,3,5
rxmorningrush,0,1,1
ry,0,2,2
ryan,25,25,50
ryanb,0,1,1
ryannn,0,1,1
ryanseacrest,1,0,1
ryanshope,1,0,1
ryce,0,1,1
ryche,0,1,1
rye,1,3,4
ryhmes,0,1,1
rylee,2,0,2
ryo,1,0,1
ryoko,0,1,1
ryro,1,0,1
ryry,1,0,1
ryt,2,5,7
ryttt,1,0,1
ryuu,1,0,1
rz,2,0,2
sa,37,44,81
saa,0,1,1
saaaaaaaaaaaaaaaaaaaay,1,0,1
saaaaaaame,1,0,1
saaaaaaid,0,1,1
saaaaad,0,1,1
saaaaafe,0,1,1
saaad,1,0,1
saaaddd,0,1,1
saaame,0,2,2
saad,2,2,4
saadd,1,0,1
saadiq,1,0,1
saale,1,0,1
saan,0,1,1
saave,1,0,1
saavy,1,0,1
saay,1,0,1
saayin,1,0,1
sab,2,0,2
sabado,2,0,2
sabai,0,1,1
sabatical,0,1,1
sabay,1,0,1
sabb,0,1,1
sabbath,1,0,1
sabean,0,1,1
saber,0,1,1
sabi,0,2,2
sabihin,1,0,1
sabko,1,0,1
saboot,1,0,1
sabot,0,1,1
sabotage,0,1,1
saboteur,0,1,1
sabre,2,0,2
sabretooth,1,0,1
sabrina,1,1,2
sabtu,0,1,1
sac,7,3,10
sachai,0,1,1
sachin,1,1,2
sachovnicovu,0,1,1
sachs,0,1,1
saci,0,1,1
sack,5,3,8
sackage,1,0,1
sacked,1,1,2
sackgirl,1,0,1
sacr,0,1,1
sacramento,2,2,4
sacred,2,3,5
sacrifice,4,2,6
sacrificed,0,1,1
sacrifices,1,1,2
sacrificing,0,3,3
sacrilege,0,1,1
sacroiliac,0,1,1
sacs,0,1,1
sad,760,843,1603
sadaf,1,0,1
sadbean,0,1,1
sadd,5,6,11
saddd,2,2,4
sadddd,1,0,1
saddddd,1,0,1
sadddddd,1,1,2
sadden,1,1,2
saddened,4,5,9
saddens,4,2,6
sadder,0,3,3
saddest,9,4,13
saddies,1,0,1
saddle,1,0,1
saddly,1,0,1
saddness,2,0,2
sade,1,0,1
sadening,0,1,1
sadeyes,1,0,1
sadface,7,2,9
sadfaced,1,0,1
sadi,0,1,1
sadie,3,1,4
sadifying,1,0,1
sadlt,0,1,1
sadly,70,126,196
sadness,13,17,30
sadpanda,1,0,1
sadsauce,1,0,1
sadsdad,1,0,1
sadsies,1,0,1
sadtimes,1,0,1
sadvidya,1,0,1
safa,0,1,1
safari,12,10,22
safdar,0,1,1
safe,63,107,170
safee,0,1,1
safejourneys,0,1,1
safely,7,13,20
safer,3,1,4
safest,0,1,1
safety,7,3,10
safeway,1,1,2
saffer,0,1,1
saffron,0,1,1
safia,2,0,2
safina,1,0,1
safins,1,0,1
sag,0,4,4
saga,2,2,4
sage,0,2,2
sagging,1,0,1
sags,0,1,1
sah,0,1,1
saha,1,0,1
sahab,1,0,1
sahi,1,0,1
sahin,0,1,1
sahkusahksauhe,1,0,1
saho,1,0,1
said,331,468,799
saigh,1,0,1
saigon,2,0,2
saiid,1,0,1
sail,3,0,3
sailboat,1,0,1
sailed,2,1,3
sailing,2,3,5
sailor,2,5,7
sailormoon,1,0,1
sailors,0,1,1
sainos,0,1,1
sainsbury,1,1,2
saint,5,3,8
saints,1,0,1
sais,2,1,3
saisaki,0,1,1
sakai,0,1,1
sakanila,1,0,1
sake,11,7,18
sakey,0,1,1
saki,0,2,2
sakin,2,3,5
sakit,3,3,6
saks,0,1,1
sakte,1,0,1
sakura,1,0,1
sakurai,0,1,1
sal,1,2,3
salad,12,23,35
salads,0,1,1
salamanca,0,1,1
salamat,1,0,1
salamaz,0,1,1
salary,1,1,2
sale,33,26,59
saleee,0,1,1
salem,0,1,1
salen,1,0,1
sales,12,15,27
salesforce,0,1,1
salesmen,0,1,1
saline,0,1,1
salinger,0,2,2
salir,1,0,1
salisbury,0,1,1
salkehatchie,1,0,1
sall,2,0,2
salle,1,1,2
sallie,1,0,1
sally,3,4,7
salman,0,1,1
salmon,1,5,6
salmoners,0,1,1
salon,9,6,15
saloon,2,1,3
salsa,4,9,13
salsbury,1,0,1
salt,6,11,17
saltine,0,1,1
salty,1,2,3
saludoos,0,1,1
saludos,1,0,1
salut,1,2,3
salute,2,2,4
salvadora,1,0,1
salvaged,1,0,1
salvation,3,3,6
salvia,0,1,1
salvidor,1,0,1
salvos,0,1,1
saly,0,1,1
sam,38,32,70
sama,1,1,2
samaaa,0,1,1
samantha,13,4,17
samaritan,0,1,1
samatha,1,0,1
sambata,0,1,1
samberg,2,1,3
sambil,1,0,1
same,359,621,980
sameaj,0,1,1
samedi,0,1,1
samee,4,2,6
sameee,1,0,1
sameer,1,0,1
samerzz,0,1,1
sames,1,0,1
samesexsunday,2,3,5
samira,1,0,1
samitbasu,1,0,1
sammee,1,0,1
sammi,0,1,1
sammich,2,1,3
sammiches,1,0,1
sammitch,0,1,1
sammme,0,1,1
sammmich,1,0,1
sammy,6,3,9
samosas,1,0,1
samp,0,1,1
sample,5,6,11
samples,2,7,9
sampling,1,3,4
sampras,1,0,1
samrtly,0,1,1
sams,0,1,1
samsam,1,0,1
samsi,1,0,1
samsung,4,2,6
samuel,1,0,1
samurai,0,1,1
samus,0,1,1
samwise,1,0,1
san,26,41,67
sana,5,5,10
sanam,1,0,1
sanang,0,1,1
sancee,1,0,1
sanchez,2,0,2
sanctioned,0,1,1
sanctuary,6,3,9
sanctuarysunday,19,0,19
sand,5,7,12
sandals,5,3,8
sandbar,0,1,1
sandbox,0,1,1
sanders,1,0,1
sandhills,1,0,1
sandhya,1,0,1
sandi,0,1,1
sandiego,1,0,1
sandii,1,0,1
sanding,2,0,2
sandler,1,1,2
sandpit,1,0,1
sandra,2,1,3
sands,1,1,2
sandton,1,0,1
sandwhich,1,0,1
sandwhiches,1,0,1
sandwich,19,16,35
sandwiches,5,5,10
sandwitch,0,1,1
sandy,6,1,7
sandyyy,1,0,1
sandz,0,1,1
sane,8,1,9
sanford,0,1,1
sang,8,10,18
sangers,1,0,1
sangria,4,1,5
sangy,0,1,1
sania,0,1,1
sanibel,1,0,1
sanitizer,3,0,3
sanity,5,6,11
sanjay,1,0,1
sanjaya,1,2,3
sanju,1,0,1
sank,3,0,3
sanka,0,1,1
sanluis,1,0,1
sannesias,1,0,1
sano,1,0,1
sans,1,5,6
sansalone,0,1,1
santa,6,7,13
santana,1,2,3
santi,1,0,1
santiago,1,1,2
santigold,1,0,1
santorini,0,1,1
santos,0,1,1
santosh,1,0,1
santya,1,0,1
sanwhiches,0,1,1
sao,0,3,3
sap,0,2,2
sapatos,0,1,1
sapient,0,1,1
sapo,0,1,1
sapp,2,0,2
sapphy,0,1,1
sappnin,0,1,1
sapporo,0,1,1
sappy,2,1,3
saqi,0,1,1
sar,0,1,1
sara,5,8,13
sarah,20,14,34
sarahcfuller,1,0,1
sarahk,1,0,1
sarahschro,1,0,1
sarahxsmiles,1,0,1
saran,1,0,1
sarap,0,2,2
sarapan,1,0,1
sarasota,0,1,1
saratoga,0,1,1
saraula,0,1,1
sarbini,1,0,1
sarcarsm,1,0,1
sarcasm,5,12,17
sarcasmagorical,0,1,1
sarcastic,2,4,6
sardar,0,2,2
sardines,1,1,2
sardonic,0,1,1
sarf,1,0,1
sari,1,0,1
sarita,0,1,1
sark,1,0,1
sarko,1,0,1
sarms,0,1,1
sarmy,1,1,2
sarnie,0,2,2
sarnies,1,0,1
saroja,0,1,1
sarracino,0,1,1
sars,1,1,2
sarthak,1,0,1
sarto,1,0,1
sartre,1,0,1
sas,0,1,1
sasa,1,0,1
sash,0,1,1
sasha,2,5,7
sashaying,1,0,1
sashie,1,0,1
sashimi,1,2,3
sask,0,1,1
saskatchewan,1,1,2
sass,1,4,5
sassy,6,2,8
sat,51,91,142
sataday,1,0,1
satan,3,1,4
satc,0,2,2
satch,1,0,1
sate,1,0,1
satelite,0,2,2
satellite,4,4,8
saterday,1,1,2
satin,0,3,3
satire,0,3,3
satirical,0,1,1
satisfaction,2,2,4
satisfactions,0,1,1
satisfation,1,0,1
satisfied,7,4,11
satisfies,1,0,1
satisfy,0,3,3
satisfying,3,2,5
sativa,1,0,1
satleo,1,0,1
satnav,0,1,1
satnd,1,0,1
sato,1,0,1
satoshi,1,0,1
sats,1,5,6
sattilite,1,0,1
saturated,1,0,1
saturay,0,1,1
saturday,123,124,247
saturdays,7,9,16
saturdayss,1,0,1
saturdayy,1,0,1
saturn,0,2,2
saty,1,0,1
sau,0,2,2
sauce,14,24,38
saucersunday,0,1,1
saucey,2,0,2
saucisses,1,0,1
saucy,0,1,1
saudade,3,0,3
saudades,1,0,1
saudi,0,1,1
saul,1,0,1
sauna,0,2,2
sauron,0,1,1
sausage,9,8,17
sausages,7,20,27
sautee,0,1,1
sauv,0,1,1
sauvignon,0,3,3
sav,0,1,1
savage,0,2,2
savannah,3,3,6
save,60,86,146
savechuck,1,1,2
saved,25,22,47
savedbythebell,0,1,1
saveearl,6,0,6
saveohiolibraries,1,0,1
saveontd,1,0,1
saver,2,2,4
savers,0,1,1
saves,5,3,8
savhanna,1,0,1
savietto,1,0,1
saving,18,26,44
savings,1,0,1
savint,0,1,1
savior,0,1,1
savor,0,1,1
savoretti,1,0,1
savory,1,1,2
savour,1,0,1
savusavu,1,0,1
savvy,3,2,5
saw,246,417,663
sawee,0,1,1
saweeeet,0,1,1
saweet,0,1,1
sawrry,0,1,1
sawry,0,1,1
sawww,1,0,1
sawwy,2,1,3
sawy,0,1,1
sawyer,2,0,2
sawyyy,0,1,1
sax,2,0,2
saxon,0,2,2
saxophone,2,1,3
saxophonist,1,0,1
say,536,769,1305
saya,2,3,5
sayaa,1,0,1
sayang,7,8,15
sayangg,0,1,1
sayangkuuuu,1,0,1
sayd,1,0,1
sayeed,1,0,1
sayin,21,28,49
saying,91,133,224
sayings,0,1,1
sayinnn,0,1,1
saykoji,1,0,1
saymyspacetwitters,1,0,1
sayn,1,0,1
saynow,2,1,3
sayo,0,1,1
sayra,4,0,4
sayres,1,0,1
says,134,156,290
sayy,1,1,2
saz,0,1,1
sazzy,1,0,1
sb,10,2,12
sbaby,1,0,1
sbb,0,1,1
sbc,0,1,1
sbg,0,1,1
sbi,0,4,4
sbidwai,1,0,1
sbirthday,1,0,1
sbs,0,5,5
sbux,0,2,2
sc,6,7,13
sca,0,2,2
scab,1,0,1
scabs,0,1,1
scad,0,1,1
scaglione,1,0,1
scala,2,1,3
scalded,2,0,2
scalding,0,1,1
scale,4,3,7
scales,0,1,1
scaling,2,0,2
scallops,0,1,1
scalp,2,1,3
scam,5,2,7
scamers,0,1,1
scammed,0,2,2
scampers,1,0,1
scampi,0,1,1
scampie,0,1,1
scan,3,5,8
scandal,2,2,4
scandalous,1,1,2
scandinavian,0,1,1
scanner,1,0,1
scanning,2,5,7
scans,1,2,3
scanton,1,0,1
scappy,0,1,1
scar,3,5,8
scarce,1,1,2
scare,9,16,25
scarecrow,0,1,1
scared,75,56,131
scareded,0,1,1
scaredy,1,0,1
scares,6,7,13
scarey,3,0,3
scarf,3,1,4
scarier,0,1,1
scariest,0,1,1
scaring,3,5,8
scarlett,1,0,1
scarpered,1,0,1
scarred,1,2,3
scarry,0,2,2
scars,0,1,1
scarsdale,0,1,1
scarves,0,1,1
scary,63,55,118
scaryest,0,1,1
scarykids,1,0,1
scaryness,0,1,1
scaryyyyy,1,0,1
scattered,2,2,4
scattergories,1,0,1
scatty,1,0,1
scavenger,0,1,1
scenar,1,0,1
scenario,1,2,3
scenarios,2,1,3
scene,21,29,50
sceneries,0,1,1
scenery,1,2,3
scenes,4,7,11
scenie,1,0,1
scent,4,1,5
scented,1,0,1
scentsy,0,1,1
sch,6,4,10
schadenfreude,1,0,1
schande,0,1,1
schatz,1,0,1
schaut,0,1,1
sched,2,2,4
schedual,1,0,1
schedue,0,1,1
schedule,26,38,64
scheduled,5,6,11
scheduler,1,0,1
schedules,1,6,7
scheduling,3,1,4
schematics,0,1,1
scheme,2,5,7
schemeing,0,1,1
schemers,1,0,1
scheming,1,0,1
schicksal,0,1,1
schildkr,0,1,1
schimbat,1,0,1
schindler,1,0,1
schism,1,0,1
schitzo,1,0,1
schizm,1,0,1
schl,0,1,1
schlaft,0,1,1
schleck,0,1,1
schlepping,1,1,2
schmancer,1,0,1
schmerrands,0,1,1
schmidt,0,1,1
schnapps,1,0,1
schnauzer,0,1,1
schnauzers,1,0,1
schneider,3,3,6
scholarship,4,3,7
scholarships,1,0,1
schon,0,1,1
schonefeld,0,1,1
school,388,276,664
schoolconcert,1,0,1
schoolday,0,1,1
schooled,1,0,1
schooler,0,2,2
schoolers,1,0,1
schoolies,1,2,3
schooling,1,2,3
schoollll,1,0,1
schools,9,9,18
schoolwork,0,1,1
schooners,0,1,1
schoool,2,1,3
schooollll,1,0,1
schooool,2,2,4
schoooool,2,0,2
schossow,1,0,1
schrader,1,0,1
schraeder,0,1,1
schudule,0,1,1
schuf,1,0,1
schuhmacher,1,0,1
schwans,1,0,1
schwartz,0,3,3
schweet,1,3,4
schweizer,1,0,1
schwinnjoyride,0,1,1
sci,4,11,15
sciatic,1,0,1
sciatica,1,0,1
sciau,1,0,1
science,26,20,46
sciency,1,0,1
scientific,2,2,4
scientifically,0,1,1
scientist,2,0,2
scientists,1,0,1
scifi,2,3,5
scion,1,1,2
scip,1,0,1
scissors,0,1,1
scnr,1,0,1
sco,1,0,1
scoala,1,0,1
scoff,0,1,1
scoffed,0,1,1
scoffing,1,0,1
scolari,0,1,1
scolded,2,1,3
scolding,1,0,1
scones,2,3,5
scoobs,1,0,1
scooby,3,3,6
scoobydoo,0,1,1
scoop,1,5,6
scoops,0,3,3
scoot,2,0,2
scooter,3,2,5
scooters,0,2,2
scope,1,1,2
scoped,0,1,1
scorcher,0,1,1
scorching,1,1,2
score,21,24,45
scorecards,0,1,1
scorecenter,1,0,1
scored,6,10,16
scoree,0,1,1
scoreless,1,0,1
scores,4,3,7
scorned,1,0,1
scorpian,1,0,1
scorpio,1,0,1
scorpions,0,1,1
scotch,2,0,2
scotia,0,2,2
scotland,13,12,25
scots,0,1,1
scotsman,1,0,1
scott,10,5,15
scottie,0,1,1
scottish,6,10,16
scottishcupfinal,1,0,1
scottsdale,0,3,3
scotty,2,3,5
scour,0,1,1
scouse,1,1,2
scouser,0,1,1
scout,1,1,2
scouts,1,1,2
scowl,0,1,1
scowling,1,0,1
scowls,0,1,1
scquiq,0,1,1
scrabble,5,4,9
scramble,2,1,3
scrambled,2,1,3
scranton,1,1,2
scrap,3,1,4
scrapbook,1,1,2
scrapbooking,1,0,1
scrape,0,1,1
scraped,0,1,1
scraping,0,1,1
scrapped,0,1,1
scrapple,0,1,1
scraps,1,0,1
scratch,12,11,23
scratched,4,4,8
scratches,0,3,3
scratching,2,1,3
scray,0,1,1
scream,13,11,24
screamed,9,1,10
screamer,1,0,1
screamin,0,1,1
screaming,14,14,28
screams,8,2,10
screamyx,0,1,1
screen,34,54,88
screencapping,0,1,1
screened,1,0,1
screening,2,2,4
screenings,0,1,1
screenlets,0,1,1
screenplay,0,2,2
screenplays,1,1,2
screenprinting,1,0,1
screens,5,8,13
screenshot,0,2,2
screenshots,0,1,1
screw,14,19,33
screwd,1,0,1
screwdriver,2,1,3
screwed,23,16,39
screwedddd,0,1,1
screwing,5,0,5
screws,1,0,1
screwy,0,1,1
scribble,1,0,1
scribblenauts,0,1,1
scribbling,0,1,1
scrip,0,1,1
script,13,5,18
scriptaculous,1,0,1
scripting,0,1,1
scripts,0,1,1
scripture,1,0,1
scriptwriting,1,0,1
scrivner,1,0,1
scrobble,1,0,1
scrobbles,0,1,1
scroll,4,7,11
scrolled,1,0,1
scrolling,1,1,2
scrolls,1,0,1
scrounge,1,0,1
scrub,2,1,3
scrubbed,2,2,4
scrubbing,1,0,1
scrubs,8,4,12
scruff,1,0,1
scruffle,0,1,1
scruffs,1,0,1
scrum,0,2,2
scrummy,0,1,1
scrumptious,1,2,3
scrunched,1,0,1
scuba,2,1,3
scuffed,1,0,1
scuffs,0,1,1
sculpt,0,1,1
sculpting,0,2,2
sculptor,1,0,1
sculpture,1,0,1
scum,1,0,1
scummvm,0,1,1
scummy,1,0,1
scuppered,1,0,1
scurred,1,0,1
scurrying,1,0,1
scurvy,0,1,1
scuurd,1,0,1
scuzz,1,0,1
scvhon,1,0,1
sd,6,20,26
sdcc,1,1,2
sdick,1,0,1
sdig,0,1,1
sdjd,1,0,1
sdk,1,0,1
sdljf,0,1,1
se,20,21,41
sea,22,18,40
seaba,0,1,1
seacoast,1,0,1
seacreat,1,0,1
seaech,1,0,1
seafm,1,0,1
seafood,0,4,4
seafront,0,1,1
seagate,0,1,1
seaglass,0,1,1
seagull,0,1,1
seagulls,1,1,2
seahawk,1,0,1
seal,3,4,7
sealed,3,4,7
sealing,2,0,2
seals,0,1,1
seam,1,0,1
seamless,1,0,1
seamlessly,0,1,1
seams,0,2,2
sean,8,11,19
seanp,3,0,3
seara,2,0,2
search,39,55,94
searchable,2,1,3
searched,7,10,17
searches,2,0,2
searching,7,20,27
searh,0,1,1
sears,3,0,3
seas,4,0,4
seashore,1,0,1
seaside,1,2,3
seasideee,1,0,1
season,115,119,234
seasonal,3,1,4
seasoned,1,0,1
seasoning,1,2,3
seasons,11,13,24
seat,13,23,36
seatbelt,0,3,3
seater,0,1,1
seating,1,0,1
seaton,1,0,1
seats,22,19,41
seattle,19,26,45
seattleeee,0,1,1
seaworld,0,1,1
seb,41,0,41
sebagai,1,0,1
sebastian,2,0,2
sebbie,1,0,1
sebeel,0,1,1
sebelahan,0,1,1
sebelum,1,0,1
sebenarnya,1,0,1
sec,9,15,24
secert,1,0,1
secks,0,1,1
secluded,0,1,1
seclusion,1,0,1
second,77,100,177
secondary,2,3,5
secondchancemusic,0,1,1
seconded,0,1,1
secondlife,1,0,1
secondrecord,1,0,1
seconds,19,21,40
secondstomars,23,6,29
secondstomarsiscoming,1,0,1
secrecy,0,1,1
secret,21,50,71
secretaly,0,1,1
secretary,0,3,3
secretcrush,1,0,1
secretly,6,6,12
secrets,11,7,18
secretsinsation,0,1,1
secretts,1,0,1
secrety,1,0,1
secs,4,4,8
section,16,27,43
sections,0,4,4
sector,4,0,4
secure,4,1,5
secured,2,0,2
security,18,10,28
sed,4,5,9
sedang,0,1,1
sedated,2,0,2
sedeylah,1,0,1
sedih,3,2,5
sedona,1,0,1
seduce,0,1,1
seductie,1,0,1
seduction,0,1,1
seductive,2,1,3
see,1291,1971,3262
seed,3,2,5
seedcamp,0,1,1
seedling,0,1,1
seedlings,0,1,1
seeds,0,5,5
seee,3,2,5
seeee,1,1,2
seeeea,0,1,1
seeeee,1,1,2
seeeeee,1,0,1
seeen,0,1,1
seeester,1,0,1
seeger,0,1,1
seein,3,7,10
seeing,109,196,305
seek,12,1,13
seeker,1,0,1
seekers,1,0,1
seeking,2,0,2
seem,71,132,203
seemed,18,18,36
seemes,0,1,1
seeming,1,0,1
seemingly,3,0,3
seemly,0,1,1
seemore,1,0,1
seems,150,212,362
seen,196,280,476
seeng,0,1,1
seenmy,0,1,1
seeped,1,0,1
seeps,1,0,1
sees,8,6,14
seesmic,2,4,6
seestar,1,0,1
seexyyyyy,0,1,1
seeya,3,2,5
seeyou,0,1,1
sefton,0,1,1
sega,2,3,5
segala,0,1,1
segel,0,1,1
seger,1,0,1
segfault,1,0,1
segfaults,1,0,1
segment,1,6,7
segments,0,1,1
segregating,0,1,1
segregation,1,0,1
segreggation,0,1,1
seguir,1,0,1
seh,1,0,1
seharusnya,0,1,1
sehe,1,0,1
sehr,0,1,1
sei,2,0,2
seinfeld,2,1,3
seing,1,1,2
seismic,0,1,1
seitan,0,1,1
seize,1,0,1
seized,1,0,1
seizures,2,1,3
sej,0,1,1
seja,1,0,1
sejarah,1,1,2
sekali,0,1,1
sekarang,1,0,1
sekelas,0,1,1
sekolah,1,0,1
sekrit,0,1,1
sel,0,1,1
selain,0,1,1
selamat,2,1,3
selasa,1,0,1
selbst,0,1,1
seldom,2,1,3
select,5,2,7
selected,3,3,6
selection,2,4,6
selections,2,1,3
selective,0,5,5
selects,1,0,1
selena,7,6,13
selesai,0,1,1
seleya,0,1,1
self,116,58,174
selffish,0,1,1
selfish,9,7,16
selfless,1,1,2
selfportrait,1,0,1
selfpr,0,1,1
selfridges,3,0,3
selingg,0,1,1
selkirk,1,0,1
sell,40,50,90
seller,2,5,7
sellers,1,1,2
selling,14,18,32
sellotape,0,1,1
sellout,0,2,2
sells,3,4,7
selma,1,1,2
selotape,1,0,1
selves,1,0,1
sem,4,6,10
semanas,1,0,1
semangat,0,1,1
semantic,0,2,2
sembuh,1,0,1
semester,8,10,18
semesters,0,1,1
semi,11,13,24
seminar,2,1,3
semis,0,4,4
semisonic,1,0,1
sempat,0,1,1
sempre,1,0,1
sempuh,1,0,1
semua,1,0,1
semweb,0,1,1
sen,5,3,8
senareo,0,1,1
senate,1,0,1
senator,1,0,1
senayan,0,1,1
sence,4,0,4
senci,0,1,1
send,171,297,468
sender,0,1,1
sendin,2,1,3
sending,39,80,119
sendiri,2,1,3
sends,9,7,16
senegal,1,0,1
seneng,0,1,1
senfaye,0,1,1
seng,0,1,1
sengoku,0,1,1
senidng,0,1,1
senile,0,1,1
senin,2,0,2
senior,14,5,19
senioritis,0,1,1
seniors,6,2,8
senna,1,0,1
senorial,1,0,1
sens,1,0,1
sensation,0,1,1
sensational,2,0,2
sensationalism,0,1,1
sensationalist,1,0,1
sensations,0,1,1
sense,54,67,121
sensed,0,1,1
senseless,1,2,3
senses,5,2,7
sensha,0,1,1
sensibility,0,1,1
sensible,1,0,1
sensimilla,1,0,1
sensitive,3,8,11
sensor,3,1,4
sensors,0,2,2
sensual,0,2,2
sent,103,160,263
senta,1,0,1
sented,1,0,1
sentence,9,0,9
sentences,3,6,9
sentiment,8,2,10
sentimental,0,2,2
sentiments,3,0,3
sentinel,1,0,1
sentosa,2,0,2
sentra,0,1,1
seo,7,9,16
seoadvice,1,1,2
seolyk,2,0,2
seoncd,1,0,1
seoul,0,2,2
sep,0,2,2
sepaking,1,0,1
separate,5,4,9
separated,3,2,5
separately,0,1,1
separating,1,1,2
separation,0,1,1
seperate,3,1,4
seperated,1,1,2
sephora,1,1,2
sepia,0,1,1
sepopcorn,2,0,2
sept,9,12,21
september,13,22,35
septic,1,0,1
seq,1,0,1
seqouia,1,0,1
sequel,6,5,11
sequels,0,1,1
sequence,4,2,6
sequin,0,1,1
sequins,0,1,1
ser,0,1,1
sera,1,0,1
serafina,1,0,1
serani,1,0,1
serato,1,1,2
serbia,3,1,4
serbian,0,1,1
serched,0,1,1
serem,1,0,1
serena,1,1,2
serenaa,1,0,1
serenade,0,1,1
serenaded,0,2,2
serenas,1,0,1
serendipity,1,1,2
serenity,1,1,2
sergio,1,0,1
sergioooooo,1,0,1
serial,3,3,6
serie,0,1,1
serienjunkies,0,1,1
series,54,46,100
serio,1,1,2
seriosly,0,1,1
seriosuly,0,1,1
serious,50,74,124
seriously,113,157,270
seriouslyy,1,0,1
seriouslyyy,1,0,1
seriousness,0,2,2
serius,0,1,1
sermon,1,4,5
serriously,1,0,1
seru,1,1,2
serum,1,0,1
serums,0,1,1
servant,0,1,1
serve,10,6,16
served,5,2,7
server,40,24,64
servers,7,16,23
serves,5,2,7
servian,0,1,1
service,46,62,108
services,13,14,27
servicing,1,0,1
servin,0,1,1
serving,3,9,12
servlet,2,0,2
servontay,1,0,1
ses,4,0,4
sesame,3,3,6
sesh,3,2,5
sess,2,0,2
sessh,1,0,1
session,27,22,49
sessions,8,9,17
set,71,125,196
setan,1,0,1
setanta,2,2,4
setback,0,1,1
setbacks,0,1,1
setelah,1,0,1
seth,1,0,1
setia,1,0,1
setiap,2,0,2
setion,0,1,1
setlist,1,1,2
setlle,1,0,1
sets,11,11,22
setsurenka,1,0,1
sett,1,0,1
settas,0,1,1
setter,0,1,1
setting,11,13,24
settings,13,19,32
settle,14,11,25
settled,3,8,11
settledon,0,1,1
settlers,0,1,1
settling,1,5,6
settn,1,0,1
setup,4,7,11
seu,1,0,1
seungri,1,0,1
seuss,1,1,2
seussical,1,0,1
seven,13,7,20
seventeen,3,1,4
seventh,1,2,3
several,25,34,59
severe,6,6,12
severed,0,1,1
severely,1,0,1
severin,1,0,1
severly,0,1,1
severn,0,1,1
severs,0,1,1
seville,2,0,2
sew,1,1,2
sewa,0,1,1
sewer,0,1,1
sewing,7,2,9
sewn,0,1,1
seworld,1,0,1
sex,37,49,86
sexaayy,0,1,1
sexaayyy,0,1,1
sexbloggercalendar,0,1,1
sexbusters,0,1,1
sexi,1,0,1
sexier,1,0,1
sexies,1,0,1
sexiest,4,3,7
sexin,1,0,1
sexist,1,1,2
sexplain,0,1,1
sexta,2,0,2
sextuplets,0,1,1
sexual,4,9,13
sexuality,1,2,3
sexxii,1,0,1
sexxx,1,0,1
sexxxvideoclips,0,1,1
sexxxy,0,1,1
sexxyyyyy,0,1,1
sexy,73,71,144
sexyonaman,1,0,1
sexytime,1,1,2
sexyyy,1,0,1
sexyyyyy,0,1,1
seyfried,1,0,1
seymour,1,0,1
sez,0,1,1
sf,12,27,39
sfa,3,0,3
sfg,1,0,1
sfgiants,3,0,3
sfn,1,1,2
sfo,0,2,2
sfshkfhskjfhksdjfh,1,0,1
sfsu,1,0,1
sftw,1,0,1
sfu,1,0,1
sfyb,1,0,1
sg,7,5,12
sga,0,2,2
sgd,1,1,2
sgp,3,2,5
sgt,1,1,2
sgtweetup,1,2,3
sh,11,9,20
sha,2,5,7
shaaa,1,0,1
shaaaaaarks,1,0,1
shaaat,0,1,1
shabbat,1,0,1
shabby,0,4,4
shack,1,1,2
shacktac,0,1,1
shad,1,0,1
shadae,0,1,1
shaddduppp,1,0,1
shade,7,5,12
shades,7,9,16
shadow,7,5,12
shadowcast,1,0,1
shadowden,1,0,1
shadowed,1,0,1
shadows,2,1,3
shadowsorrw,1,0,1
shady,2,4,6
shaf,0,1,1
shafer,1,0,1
shag,2,1,3
shaggy,0,1,1
shah,2,2,4
shaheen,6,2,8
shaheens,1,0,1
shahhht,1,0,1
shaiya,2,0,2
shaka,1,0,1
shake,27,26,53
shaken,2,2,4
shakeout,1,0,1
shaker,1,0,1
shakes,13,5,18
shakespeare,1,2,3
shakespearesaturday,0,2,2
shakey,2,0,2
shakin,1,1,2
shaking,14,7,21
shakinggg,1,0,1
shakira,0,1,1
shakti,1,0,1
shaky,1,3,4
shalah,1,0,1
shalalalala,1,0,1
shalaylee,0,1,1
shaljem,0,1,1
shall,64,89,153
shallow,3,2,5
shallowness,0,1,1
sham,1,1,2
shaman,1,0,1
shame,62,91,153
shamed,0,4,4
shameful,1,1,2
shameless,5,3,8
shamelessly,1,0,1
shamelsss,1,0,1
shaming,0,1,1
shammi,1,0,1
shammond,0,1,1
shammy,0,1,1
shamp,1,0,1
shampoo,5,4,9
shamr,0,1,1
shamrocks,0,1,1
shamu,1,1,2
shamus,0,1,1
shamwow,1,0,1
shan,1,5,6
shanajaca,1,0,1
shanay,0,1,1
shands,1,0,1
shandy,0,1,1
shane,6,1,7
shanerz,1,0,1
shang,0,2,2
shanghai,2,2,4
shanghainese,2,0,2
shanholtz,1,0,1
shani,0,1,1
shania,1,0,1
shank,2,0,2
shanklin,1,0,1
shanks,1,0,1
shann,1,0,1
shannaaa,1,0,1
shannagins,0,1,1
shannen,0,1,1
shannie,0,1,1
shannimal,1,0,1
shannon,2,5,7
shanti,0,1,1
shape,11,14,25
shaped,2,2,4
shapes,2,1,3
shapeshifter,1,0,1
shaping,1,0,1
shaq,2,1,3
shara,1,1,2
sharapova,0,1,1
shards,2,0,2
share,62,100,162
shareasale,1,0,1
shared,6,9,15
shareeee,0,1,1
shareholder,5,7,12
shareholders,1,0,1
sharen,0,1,1
sharepoint,5,1,6
shares,6,4,10
sharesies,1,0,1
sharffenberger,0,1,1
sharin,0,1,1
sharing,42,83,125
shark,5,4,9
sharkies,0,1,1
sharks,1,2,3
sharon,5,0,5
sharona,0,1,1
sharons,1,0,1
sharonveazey,1,0,1
sharp,8,2,10
sharpay,1,2,3
sharpie,1,0,1
sharpies,0,1,1
sharpness,1,0,1
sharpsvn,0,1,1
sharr,1,0,1
sharsies,0,1,1
shart,0,1,1
shasta,1,0,1
shat,1,0,1
shatner,0,1,1
shattered,5,8,13
shatters,0,1,1
shattrd,0,1,1
shaun,13,14,27
shaundara,1,0,1
shaundivine,1,0,1
shaundiviney,43,0,43
shaunjumpnow,27,0,27
shauns,0,1,1
shauny,1,0,1
shaunza,1,0,1
shausau,0,1,1
shavam,0,1,1
shave,2,6,8
shaved,2,3,5
shaves,1,0,1
shaving,4,5,9
shavout,0,1,1
shavuot,0,1,1
shawarma,1,0,1
shawarmas,0,1,1
shawn,1,3,4
shawnie,1,0,1
shawshank,0,1,1
shawty,2,1,3
shawtyy,1,0,1
shay,0,3,3
shaya,0,1,1
shaytards,0,1,1
shaz,1,0,1
shazam,1,0,1
shazza,1,1,2
shd,1,2,3
she,940,1038,1978
sheaf,0,1,1
shearing,1,1,2
sheata,0,1,1
shed,6,8,14
shedding,0,2,2
sheeeesh,0,1,1
sheehan,0,1,1
sheeit,1,0,1
sheen,1,1,2
sheena,0,1,1
sheep,4,9,13
sheeple,2,0,2
sheeps,0,1,1
sheepy,0,1,1
sheepz,0,1,1
sheer,1,1,2
sheesh,9,11,20
sheeshing,0,1,1
sheet,5,11,16
sheets,3,7,10
shef,1,0,1
sheffer,1,0,1
sheffield,3,1,4
shegeeks,0,1,1
sheiit,1,0,1
sheila,2,1,3
sheild,0,1,1
shelby,2,0,2
sheldon,1,0,1
shelf,7,9,16
shelfari,0,1,1
shelia,1,0,1
shell,4,7,11
shelley,1,1,2
shellfish,1,0,1
shellin,1,0,1
shells,0,2,2
shelly,2,0,2
shelter,2,1,3
sheltered,2,0,2
shelve,0,2,2
shem,1,0,1
shemade,0,1,1
shemar,2,0,2
shenanigans,2,0,2
shenmue,0,1,1
shenton,0,1,1
shenzhen,1,1,2
shep,0,1,1
shepards,0,1,1
shepherd,0,1,1
sheppey,1,0,1
sheraton,0,1,1
sherbert,1,0,1
sherbet,0,1,1
sherdinator,0,1,1
shergillonnet,1,0,1
sheribaby,1,0,1
sheridaaan,1,0,1
sherie,0,2,2
sheriff,1,0,1
sherin,1,0,1
sherina,1,0,1
sherlock,2,0,2
sherlyyyy,1,0,1
sherman,0,1,1
sherr,0,1,1
sherri,0,1,1
sherrie,1,0,1
sherrieshepherd,1,0,1
sherry,1,0,1
sherwood,1,1,2
sherwoods,1,0,1
sheryl,0,1,1
shes,36,54,90
shescape,1,0,1
shesh,0,1,1
shesss,0,1,1
shet,6,2,8
shetingness,0,1,1
shevon,0,1,1
shezan,0,1,1
shft,0,2,2
shh,1,3,4
shhh,5,10,15
shhhh,3,4,7
shhhhfffttttt,0,1,1
shhhhhhhh,1,0,1
shhhweet,1,0,1
shi,2,2,4
shia,3,2,5
shiat,0,1,1
shibpur,1,0,1
shibuya,1,0,1
shield,1,1,2
shift,27,16,43
shifted,1,1,2
shifting,1,2,3
shifts,9,7,16
shifty,1,1,2
shiggles,1,0,1
shiiiit,1,2,3
shiiit,0,2,2
shiiitt,0,1,1
shiiittt,1,0,1
shiit,1,1,2
shiitake,1,0,1
shikari,2,0,2
shilin,1,0,1
shilling,0,1,1
shillington,1,0,1
shimmy,2,0,2
shin,1,4,5
shine,13,12,25
shinedown,1,2,3
shines,2,3,5
shingshing,1,0,1
shinin,2,0,2
shining,15,6,21
shiningggg,1,0,1
shinning,2,0,2
shinra,1,1,2
shins,2,2,4
shiny,16,23,39
shiok,1,0,1
ship,19,11,30
shiply,1,0,1
shipment,1,1,2
shipments,1,1,2
shipped,6,8,14
shipper,0,2,2
shipping,10,12,22
shippinggg,1,0,1
ships,3,3,6
shipyard,1,0,1
shira,1,0,1
shiraz,0,2,2
shire,0,1,1
shirk,0,1,1
shirked,0,1,1
shirl,0,1,1
shirley,3,1,4
shirlington,1,0,1
shirt,54,90,144
shirtless,1,2,3
shirts,17,25,42
shish,1,0,1
shisha,2,1,3
shit,187,210,397
shitake,1,0,1
shitass,1,0,1
shitbox,1,0,1
shite,6,7,13
shiteeeeeeeee,1,0,1
shiteshift,1,0,1
shitest,0,1,1
shitful,1,0,1
shithole,3,1,4
shitless,1,1,2
shitload,3,0,3
shits,1,4,5
shitsawoon,1,0,1
shitss,0,1,1
shitt,3,0,3
shittee,1,0,1
shitter,1,2,3
shittin,2,0,2
shitting,4,2,6
shittt,0,3,3
shitttt,1,0,1
shittttttttttttttt,0,1,1
shitty,16,25,41
shittysweet,1,0,1
shity,1,1,2
shiva,0,1,1
shiver,1,1,2
shivering,2,0,2
shivers,3,4,7
shiz,4,4,8
shiznat,0,1,1
shiznit,1,2,3
shizz,1,1,2
shizzle,2,2,4
shizzlebisc,0,1,1
shld,6,7,13
shldnt,0,1,1
shloon,1,0,1
shmellz,1,0,1
shmoni,0,1,1
shmonis,0,1,1
shnapp,1,0,1
shniedddd,1,0,1
shnuggles,0,1,1
sho,8,17,25
shobaye,0,1,1
shock,9,12,21
shocked,10,11,21
shocker,2,0,2
shocking,4,10,14
shockingly,1,0,1
shocks,2,0,2
shockwave,1,0,1
shoddy,1,1,2
shoe,7,11,18
shoebox,1,0,1
shoediva,1,0,1
shoehorned,1,0,1
shoeless,1,0,1
shoes,45,59,104
shoesongs,1,0,1
shoestring,1,0,1
shogun,0,1,1
shoipping,1,0,1
shoko,1,0,1
shonda,1,0,1
shondarhimes,1,0,1
shongut,1,0,1
shonteion,1,0,1
shonuff,1,0,1
shoocked,0,1,1
shooesss,0,1,1
shook,2,1,3
shooking,1,0,1
shooot,2,0,2
shooping,0,1,1
shooppingg,0,1,1
shoot,34,50,84
shooter,1,0,1
shootfest,2,0,2
shootin,1,1,2
shooting,13,12,25
shootings,0,1,1
shootingstar,1,0,1
shootong,1,0,1
shootq,0,1,1
shoots,2,5,7
shooty,0,1,1
shop,48,53,101
shopaholic,0,1,1
shopette,1,0,1
shopkeeper,1,1,2
shoppach,0,1,1
shopped,1,1,2
shopper,1,2,3
shopperannie,0,1,1
shoppin,2,2,4
shopping,85,88,173
shoppings,0,1,1
shops,10,4,14
shopw,0,1,1
shore,4,2,6
shoreline,1,0,1
shores,1,1,2
shorry,0,1,1
short,74,97,171
shortage,0,1,1
shortcake,1,2,3
shortcut,1,1,2
shortcuts,2,1,3
shorten,2,0,2
shortened,4,3,7
shortener,1,0,1
shortening,1,0,1
shorter,9,12,21
shortest,0,1,1
shorthand,1,1,2
shortie,0,1,1
shorting,1,0,1
shortlist,1,0,1
shortly,11,18,29
shorts,12,11,23
shortstack,32,18,50
shorty,2,7,9
shot,45,64,109
shotgun,2,0,2
shotoshi,0,1,1
shots,16,19,35
shottas,1,0,1
shotts,1,0,1
shoud,0,2,2
shoudl,0,1,1
shoul,1,0,1
should,663,1024,1687
shoulda,13,24,37
shouldd,0,1,1
shouldddddddddddd,0,1,1
shoulder,13,20,33
shoulders,4,5,9
shouldn,0,3,3
shouldnt,2,12,14
shouldnttt,0,1,1
shouldve,3,3,6
shouln,1,0,1
shout,34,57,91
shouted,3,7,10
shouting,5,5,10
shoutout,10,15,25
shoutouts,2,1,3
shoutoutsaturday,1,0,1
shouts,4,2,6
shouty,1,1,2
shouuuuuld,0,1,1
shoval,0,1,1
shove,2,2,4
shoved,0,2,2
shovel,2,0,2
shoves,0,1,1
shoving,0,2,2
show,485,601,1086
showa,1,0,1
showball,1,0,1
showcase,1,3,4
showcased,0,1,1
showcases,0,1,1
showed,16,29,45
showem,0,1,1
shower,49,41,90
showered,4,4,8
showering,1,1,2
showers,3,6,9
showgirls,0,1,1
showign,1,0,1
showin,1,5,6
showing,35,43,78
showings,1,1,2
showmanship,1,0,1
shown,7,10,17
showoff,0,1,1
shows,70,105,175
showss,0,1,1
showtime,4,3,7
showtunessssssssssssssssssss,1,0,1
showw,2,0,2
showww,0,1,1
showy,0,1,1
shozu,0,1,1
shraddha,1,0,1
shred,1,0,1
shredded,4,0,4
shredder,0,2,2
shredding,1,0,1
shreded,0,1,1
shreika,1,0,1
shrek,1,1,2
shrewsbury,0,1,1
shri,0,1,1
shriek,2,0,2
shrieks,1,0,1
shrill,1,0,1
shrimp,5,2,7
shrine,1,0,1
shrink,1,0,1
shrinkage,1,1,2
shrinking,0,1,1
shrinks,1,0,1
shrits,1,0,1
shrivel,0,1,1
shrivell,0,1,1
shroud,1,1,2
shroup,0,1,1
shrub,1,0,1
shrubbery,0,1,1
shrug,4,2,6
shrugggssss,1,0,1
shrugs,3,0,3
shrulk,1,0,1
shrunk,0,3,3
shrute,1,0,1
shs,0,1,1
shsh,1,0,1
sht,1,0,1
shtbox,1,0,1
shtick,1,0,1
shu,1,0,1
shubhu,1,0,1
shuch,1,0,1
shucks,6,12,18
shud,7,13,20
shudder,1,0,1
shudders,2,3,5
shuddup,1,2,3
shuffle,4,6,10
shufflers,0,1,1
shuffles,0,1,1
shuffling,1,0,1
shugg,1,0,1
shui,0,1,1
shuk,0,1,1
shukra,1,0,1
shuks,0,1,1
shuld,7,3,10
shulda,0,1,1
shultz,1,0,1
shunning,1,0,1
shup,0,1,1
shupps,1,0,1
shure,2,4,6
shush,3,2,5
shushhhh,0,1,1
shut,119,51,170
shutdown,1,1,2
shuting,1,1,2
shuts,1,0,1
shutt,0,1,1
shutter,0,2,2
shutting,1,3,4
shuttle,6,1,7
shutup,5,3,8
shuuupberb,1,0,1
shuxx,0,1,1
shw,0,1,1
shwank,0,1,1
shway,1,0,1
shwaya,0,1,1
shweet,0,1,1
shwr,1,0,1
shy,7,16,23
shyest,1,0,1
shylock,0,1,1
shyness,1,2,3
shyt,2,4,6
shytt,1,0,1
shyyaat,0,1,1
shyyt,0,1,1
shyyy,1,0,1
si,18,22,40
sia,1,0,1
siam,1,0,1
siamese,0,1,1
sian,0,1,1
siap,1,0,1
siapa,1,0,1
siares,0,1,1
siargao,1,0,1
sib,0,1,1
sibject,1,0,1
sibling,0,2,2
siblings,2,2,4
sibol,0,1,1
sibuk,1,1,2
sic,2,0,2
sica,2,0,2
sicamp,1,0,1
sicc,0,1,1
sich,1,0,1
sicilians,0,1,1
sicily,1,0,1
sick,267,274,541
sickagain,0,1,1
sickens,1,0,1
sicker,1,2,3
sickest,1,0,1
sickfriday,0,1,1
sickie,1,1,2
sickiepoo,0,1,1
sickies,1,0,1
sickkkkk,1,1,2
sickly,3,0,3
sickness,8,7,15
sicko,1,0,1
sickos,0,1,1
sicks,0,1,1
sicky,3,1,4
sicuro,1,0,1
sid,0,1,1
side,86,129,215
sidebar,8,2,10
sidebustin,0,1,1
sidecar,1,0,1
sided,0,1,1
sideeee,0,1,1
sidekick,5,3,8
sidekicks,0,1,1
sidelines,0,1,1
sidenote,2,4,6
sidereel,0,1,1
siders,1,2,3
sides,4,8,12
sidetracked,0,1,1
sidewalk,1,0,1
sidewalks,1,0,1
sidewall,1,0,1
sideways,1,4,5
sidies,1,0,1
sidis,0,1,1
sidney,2,2,4
sido,1,0,1
sidus,0,1,1
sieedahh,1,0,1
sien,1,0,1
sience,1,0,1
sienna,0,1,1
siento,0,4,4
sierra,3,1,4
sierracharts,1,0,1
sierre,1,0,1
siesta,2,1,3
sieve,0,1,1
siew,0,1,1
sif,1,2,3
sig,4,3,7
sige,0,3,3
sigghh,1,0,1
sigghhh,1,0,1
sigh,344,81,425
sighed,3,0,3
sighh,2,0,2
sighhh,1,0,1
sighhhh,1,0,1
sighin,1,0,1
sighing,1,0,1
sighs,43,6,49
sight,6,10,16
sighted,1,1,2
sighting,1,1,2
sightings,1,0,1
sights,2,0,2
sightseeing,0,1,1
sigjeans,1,1,2
siglo,1,0,1
sigma,0,1,1
sign,61,88,149
signage,0,2,2
signal,10,11,21
signature,2,1,3
signed,18,36,54
significance,1,1,2
significant,1,4,5
signifigant,1,0,1
signin,2,1,3
signing,30,16,46
signings,2,0,2
signoff,0,1,1
signofthetimes,1,0,1
signs,4,13,17
signup,1,0,1
sigourney,0,1,1
sigur,1,0,1
siguro,2,0,2
sih,4,6,10
sihh,0,2,2
sii,1,1,2
siick,0,1,1
siiiccckkkk,1,0,1
siiicck,1,0,1
siiick,0,1,1
siiigh,1,0,1
siiiiii,1,0,1
siiiiiiiiiiiiiiiiiiiiiiiiigh,1,0,1
siiiiiiike,0,1,1
siiiiike,0,1,1
siiiiimmmmsssss,0,1,1
siingle,1,0,1
siitter,0,1,1
sijazoea,1,0,1
sik,1,0,1
sike,6,2,8
sikkim,0,1,1
sikwate,1,0,1
siky,0,1,1
sil,1,3,4
sila,0,1,1
silah,1,0,1
silas,1,0,1
silence,7,5,12
silenced,1,1,2
silent,6,5,11
silently,1,0,1
silhouette,0,1,1
silicon,0,1,1
silicone,3,1,4
silk,1,6,7
silkroad,1,0,1
silky,0,2,2
sill,1,0,1
sillier,1,0,1
silliness,0,1,1
silly,62,91,153
sillyheads,0,1,1
sillyness,0,1,1
sillywilly,0,1,1
silver,8,15,23
silverfish,1,0,1
silverlight,1,1,2
silversmithing,0,1,1
silverstein,0,1,1
silverstone,4,1,5
silverton,1,0,1
sily,0,1,1
sim,8,9,17
simba,1,0,1
simcard,1,0,1
simferopol,0,1,1
simi,0,2,2
similair,0,1,1
similar,20,35,55
similarity,0,1,1
similarly,0,1,1
similey,0,1,1
similiar,1,1,2
simmons,0,2,2
simon,12,8,20
simone,0,1,1
simp,0,1,1
simple,38,39,77
simpler,5,2,7
simpleton,0,1,1
simpletownusa,1,2,3
simplicity,2,1,3
simplifies,1,0,1
simplify,0,1,1
simply,11,24,35
simpson,3,1,4
simpsons,5,3,8
sims,45,42,87
simulating,1,0,1
simulation,1,0,1
simulator,1,0,1
simultaneous,2,0,2
simultaneously,1,2,3
simz,1,0,1
sin,9,5,14
sina,0,1,1
sinal,1,0,1
since,216,354,570
sinceras,1,0,1
sincere,3,2,5
sincerely,3,2,5
sincerity,1,0,1
sinceshe,0,1,1
sinclair,0,1,1
sind,2,1,3
sine,1,1,2
sinead,1,0,1
sinetron,0,1,1
sinfest,1,0,1
sinformally,0,1,1
sinful,1,0,1
sing,50,68,118
singalong,3,2,5
singalongs,0,1,1
singapore,17,24,41
singaporean,1,0,1
singaporeans,0,2,2
singed,0,1,1
singer,14,15,29
singers,2,0,2
singh,1,1,2
singin,6,1,7
singing,47,41,88
singingggg,0,1,1
single,71,62,133
singledom,0,1,1
singleplayer,1,0,1
singles,1,7,8
singlet,0,1,1
singleton,0,1,1
singlets,1,0,1
singlish,1,0,1
singlllleeeee,1,0,1
sings,26,12,38
singstar,1,0,1
singtel,0,1,1
singulair,1,0,1
singular,0,2,2
singularity,1,0,1
singularly,1,0,1
sinhalese,0,1,1
sini,0,1,1
sinigang,1,0,1
sinister,0,1,1
sink,7,5,12
sinking,2,1,3
sinks,2,1,3
sinnections,0,1,1
sinnnnngggggg,0,1,1
sino,1,0,1
sinong,1,0,1
sins,2,0,2
sintok,0,1,1
sinumpong,0,1,1
sinus,5,4,9
sinuses,3,0,3
siobhan,1,0,1
siomai,1,0,1
siomething,1,0,1
sioux,2,0,2
siouxsie,0,1,1
sip,3,11,14
sippin,5,1,6
sipping,3,3,6
siquijor,0,1,1
sir,47,63,110
sire,0,2,2
sirens,2,2,4
siri,1,0,1
sirius,3,2,5
siriusxm,1,0,1
sirpengi,1,0,1
sirs,2,0,2
sis,65,60,125
sisas,1,0,1
siska,0,1,1
sisky,1,0,1
sisqo,0,1,1
siss,0,1,1
sissies,0,1,1
sisss,1,0,1
sissy,3,5,8
sist,2,1,3
sista,8,10,18
sistah,4,3,7
sistahhhhhhhhhhhhh,0,1,1
sister,95,107,202
sisterhood,0,1,1
sisters,20,19,39
sisx,0,1,1
sit,46,43,89
sitcom,2,0,2
sitcoms,2,0,2
site,124,184,308
sited,0,1,1
sitemaps,1,0,1
sitemeter,0,1,1
sites,12,25,37
sitewarming,0,1,1
sith,0,1,1
siting,1,1,2
sits,5,4,9
sitten,1,0,1
sitter,0,5,5
sitters,0,2,2
sittin,1,5,6
sitting,65,67,132
sittiphol,0,1,1
sittng,1,0,1
situation,26,34,60
situations,4,1,5
situatn,1,0,1
situps,2,0,2
siuk,0,1,1
siwwy,0,1,1
six,23,22,45
sixdegrees,0,1,1
sixer,0,1,1
sixers,1,0,1
sixpence,1,0,1
sixteenth,0,1,1
sixth,0,1,1
sixty,1,1,2
sixtyseven,1,0,1
siya,1,4,5
size,35,25,60
sizeable,0,1,1
sized,7,6,13
sizeof,1,0,1
sizes,3,7,10
sizzling,2,1,3
sj,2,0,2
sja,0,1,1
sjb,0,1,1
sjd,0,1,1
sjkdfhasdf,0,1,1
sjo,1,0,1
sjp,0,1,1
sjs,0,1,1
sk,2,4,6
ska,0,2,2
skagway,1,0,1
skait,1,0,1
skandal,1,0,1
skank,3,1,4
skanked,0,1,1
skanks,0,2,2
skanky,0,1,1
skappy,1,0,1
skarang,0,1,1
skarsg,1,0,1
skate,4,4,8
skateboard,1,2,3
skateboarding,2,1,3
skated,0,1,1
skater,0,1,1
skaters,1,0,1
skates,1,0,1
skating,4,1,5
skedaddle,0,1,1
skeeball,0,1,1
skeeeeeet,0,1,1
skeelz,0,1,1
skeeps,0,1,1
skeeter,1,0,1
skeezy,0,1,1
skelaxin,1,0,1
skeleton,1,0,1
skeptic,0,1,1
skeptical,0,3,3
skeptically,0,1,1
skeptics,0,1,1
sketch,1,8,9
sketchbooks,0,1,1
sketched,0,1,1
sketches,1,2,3
sketching,0,1,1
sketchup,0,1,1
sketchy,1,2,3
skewed,1,1,2
skewerd,1,0,1
skewered,0,1,1
skewl,0,1,1
skg,0,1,1
ski,1,2,3
skiba,0,1,1
skid,1,0,1
skies,9,8,17
skiing,2,4,6
skill,5,6,11
skilled,2,3,5
skillfull,0,1,1
skills,14,18,32
skillz,2,5,7
skim,2,0,2
skimlinks,1,0,1
skimmed,0,2,2
skimmer,1,1,2
skimming,1,0,1
skimp,0,1,1
skimped,1,0,1
skin,18,27,45
skinless,1,0,1
skinmusic,0,1,1
skinn,1,0,1
skinned,4,1,5
skinnerian,1,0,1
skinney,1,0,1
skinnier,1,0,1
skinnies,1,0,1
skinning,0,1,1
skinny,10,9,19
skinnys,1,0,1
skins,6,3,9
skinsunday,1,0,1
skint,4,4,8
skinty,1,0,1
skip,9,11,20
skipbo,0,1,1
skipped,1,7,8
skipper,2,0,2
skippers,1,0,1
skipping,6,8,14
skippy,3,0,3
skips,1,2,3
skirmish,0,1,1
skirt,8,1,9
skirts,1,4,5
skis,1,0,1
skit,0,4,4
skittles,6,8,14
skivving,0,1,1
skl,0,2,2
sko,0,1,1
skokie,1,0,1
skool,14,9,23
skools,1,0,1
skrapin,1,0,1
skripsi,1,0,1
skul,2,1,3
skulas,0,1,1
skull,3,4,7
skulls,0,1,1
skully,0,1,1
skunk,2,2,4
skunks,1,0,1
skurrrd,0,1,1
skuttles,0,1,1
skwisgar,0,1,1
skwl,0,1,1
sky,31,24,55
skyblue,2,0,2
skydivers,0,1,1
skydiving,1,2,3
skye,1,1,2
skygate,1,0,1
skylar,1,0,1
skylark,1,0,1
skylarksandsquirrels,1,0,1
skylars,0,1,1
skylights,0,1,1
skyline,1,1,2
skynet,1,2,3
skynyrd,0,1,1
skype,19,27,46
skypermyface,1,0,1
skyping,1,0,1
skyrocket,1,0,1
skyrocketing,0,1,1
skys,1,0,1
skysports,1,0,1
skytrain,2,0,2
skyyed,0,1,1
skyyy,1,0,1
sl,3,3,6
sla,8,1,9
slab,1,1,2
slack,2,4,6
slacked,1,0,1
slacker,2,4,6
slackin,0,1,1
slacking,2,3,5
slade,1,0,1
slag,0,1,1
slagging,1,0,1
slam,3,7,10
slamb,1,0,1
slamdunk,1,0,1
slamed,1,0,1
slammed,2,1,3
slammin,0,1,1
slamming,1,0,1
slander,1,0,1
slandering,0,1,1
slang,2,5,7
slap,5,12,17
slapchop,1,1,2
slapped,0,2,2
slapping,0,1,1
slaps,3,1,4
slash,4,5,9
slashdot,1,0,1
slashing,1,0,1
slashy,1,0,1
slate,0,1,1
slater,1,2,3
slatin,0,1,1
slating,1,0,1
slaughter,1,1,2
slaughtered,1,2,3
slaughterhouse,2,0,2
slaughtering,0,1,1
slavage,1,0,1
slave,0,5,5
slavery,1,0,1
slaves,1,0,1
slavin,0,1,1
slaving,1,2,3
slay,0,2,2
slayers,1,0,1
slaying,0,1,1
slc,1,0,1
sleazy,1,0,1
sledge,0,1,1
sleeeeeeeeeeep,0,1,1
sleeeeeeeeping,1,0,1
sleeeeeeep,1,0,1
sleeeeeep,0,1,1
sleeeep,3,2,5
sleeeepy,0,1,1
sleeep,2,2,4
sleeeppy,1,0,1
sleek,2,1,3
sleemans,0,1,1
sleep,459,425,884
sleeper,1,1,2
sleepi,0,1,1
sleepies,1,0,1
sleepin,10,2,12
sleeping,83,70,153
sleepinggg,0,1,1
sleepless,3,0,3
sleeplessness,0,1,1
sleepover,4,7,11
sleepovers,0,1,1
sleeps,2,4,6
sleeptalk,1,0,1
sleeptime,0,1,1
sleepwell,0,1,1
sleepy,47,43,90
sleepyhead,0,1,1
sleepypants,1,0,1
sleepyqueen,3,0,3
sleepyyy,1,0,1
sleepyyyy,1,0,1
sleepz,1,0,1
sleeve,6,2,8
sleever,0,1,1
sleeves,3,0,3
sleigh,0,1,1
sleipnir,0,1,1
sleppy,1,0,1
slept,41,30,71
sleuth,0,1,1
slh,0,2,2
slhers,0,1,1
sli,1,0,1
slice,6,14,20
sliced,0,2,2
slices,4,2,6
slicing,1,1,2
slickerrrr,0,1,1
slid,0,1,1
slide,10,8,18
slider,1,2,3
sliders,1,0,1
slides,3,5,8
slideshow,0,2,2
sliding,2,2,4
slight,2,6,8
slightest,2,4,6
slightly,29,28,57
sligo,0,1,1
slim,1,0,1
slime,1,0,1
slimer,0,1,1
slimming,0,1,1
slimnas,1,0,1
slimshine,1,0,1
sling,0,3,3
slinger,0,1,1
slings,1,0,1
slinks,0,1,1
slinky,0,1,1
slip,6,12,18
slippahs,0,1,1
slipped,3,2,5
slipper,0,1,1
slippers,1,2,3
slippery,1,1,2
slippin,1,1,2
slipping,0,7,7
slips,1,1,2
slipstream,0,1,1
slist,1,0,1
slit,1,0,1
slitting,0,1,1
sliver,1,0,1
slmam,1,0,1
slo,1,1,2
slob,3,1,4
slobbery,0,1,1
slocama,0,1,1
slog,1,0,1
slogging,0,1,1
slooowly,0,1,1
sloow,0,1,1
slope,1,1,2
sloppy,0,3,3
slot,2,1,3
sloth,1,0,1
slothliness,1,0,1
slots,0,2,2
slouch,0,1,1
slough,0,1,1
slovakia,1,0,1
slovenia,2,1,3
slovenian,0,1,1
slow,83,75,158
slowed,0,1,1
slower,4,5,9
slowin,1,0,1
slowly,19,22,41
slows,3,0,3
slp,0,3,3
slr,2,2,4
slrs,1,0,1
slsmn,0,1,1
sltc,0,1,1
sludge,1,0,1
slugger,1,0,1
sluggish,4,1,5
slugs,1,2,3
slum,0,1,1
slumber,2,2,4
slumbers,1,0,1
slumdog,2,2,4
slump,2,1,3
slurpee,4,2,6
slurpees,0,1,1
slurps,0,1,1
slush,2,2,4
slushie,1,1,2
slusho,1,0,1
slushy,1,0,1
slut,1,4,5
sluts,1,1,2
slutty,1,0,1
sly,3,4,7
sm,8,11,19
smack,8,6,14
smackdown,1,0,1
smacking,0,4,4
smacks,2,2,4
smae,1,0,1
smaht,0,1,1
smal,0,1,1
smalin,1,0,1
small,64,81,145
smaller,5,12,17
smallest,2,0,2
smallville,0,2,2
smallwins,1,0,1
smao,1,0,1
smart,47,50,97
smarta,1,0,1
smartarse,1,0,1
smartass,2,0,2
smarter,1,3,4
smartest,1,0,1
smarticle,0,1,1
smarties,1,0,1
smartphone,1,0,1
smartpunk,0,1,1
smartwater,0,1,1
smash,3,2,5
smashed,6,4,10
smashing,0,3,3
smbd,0,1,1
smbmsp,2,0,2
smbs,1,0,1
smc,5,0,5
smcsea,0,1,1
smcslc,1,0,1
smcsyd,1,0,1
smdh,2,2,4
smdhmoment,1,0,1
sme,1,0,1
smear,1,0,1
smeared,1,0,1
smeezy,0,1,1
smegma,0,1,1
smell,19,42,61
smellavision,0,1,1
smelled,1,2,3
smelling,6,5,11
smelllllllllllllll,1,0,1
smells,13,15,28
smelly,4,7,11
smelt,0,1,1
smelyalata,1,0,1
smf,1,0,1
smfh,2,0,2
smg,0,1,1
smgt,1,0,1
smh,43,31,74
smhhhhh,1,0,1
smhx,1,0,1
smidge,2,1,3
smiggle,1,0,1
smile,117,107,224
smiled,2,1,3
smilees,1,0,1
smiler,1,0,1
smiles,24,18,42
smilesandhugs,1,0,1
smilesaturday,0,2,2
smilesss,1,0,1
smiletime,1,0,1
smiley,9,12,21
smileys,1,1,2
smilie,1,2,3
smilies,0,1,1
smilin,4,2,6
smiling,29,17,46
smirk,0,2,2
smirks,2,1,3
smirnoff,1,0,1
smishes,1,0,1
smitch,1,0,1
smite,1,1,2
smith,14,9,23
smithhhhhh,0,1,1
smiths,3,0,3
smithsonian,0,1,1
smithwicks,0,1,1
smitten,2,2,4
smo,1,0,1
smog,1,0,1
smoga,1,0,1
smoke,21,19,40
smoked,5,3,8
smokers,0,1,1
smokerswebsite,1,0,1
smokes,3,4,7
smokey,0,3,3
smokez,0,1,1
smokin,5,3,8
smoking,15,9,24
smokings,0,1,1
smokins,0,1,1
smoldering,2,0,2
smoltz,1,1,2
smoo,0,1,1
smooch,2,1,3
smooches,0,1,1
smoochfest,1,0,1
smoochies,0,1,1
smooching,1,0,1
smoooooooooooooooooooooooooches,0,1,1
smoooooove,0,1,1
smooooothhhh,0,1,1
smooshed,1,0,1
smooshy,0,1,1
smooth,13,7,20
smoothie,6,6,12
smoothies,2,5,7
smoothly,2,0,2
smores,1,1,2
smothered,0,1,1
smpr,1,0,1
smroi,0,1,1
sms,14,19,33
smsd,0,1,1
smss,1,0,1
smtb,0,1,1
smth,0,4,4
smthg,1,2,3
smthin,0,1,1
smthing,0,1,1
smthn,1,0,1
smthng,1,0,1
smtp,1,0,1
smtv,1,0,1
smu,0,1,1
smudged,3,0,3
smug,1,3,4
smugbro,0,1,1
smuggle,1,0,1
smugly,0,1,1
smugmug,1,2,3
smulan,1,0,1
smurds,0,1,1
smurf,2,0,2
smurfette,1,0,1
smut,3,2,5
smutsmutsmut,0,1,1
smuttness,0,1,1
smwhere,0,1,1
smx,3,1,4
smxlondon,1,0,1
sna,0,1,1
snack,8,8,16
snacked,0,1,1
snacking,0,1,1
snacks,7,4,11
snacky,0,1,1
snacl,0,1,1
snaffled,0,1,1
snafus,0,1,1
snag,0,1,1
snagged,1,2,3
snail,0,2,2
snaileh,0,1,1
snails,3,3,6
snake,2,3,5
snakelike,0,1,1
snakes,1,6,7
snap,23,8,31
snape,1,1,2
snapp,1,0,1
snapped,2,3,5
snappin,0,1,1
snapping,1,0,1
snappy,0,2,2
snaps,1,2,3
snapshot,0,1,1
snapshots,1,1,2
snaptu,1,0,1
snapture,1,0,1
snark,0,3,3
snarky,0,1,1
snarl,1,0,1
snatch,0,1,1
snatched,2,1,3
snatchedand,1,0,1
snatches,1,0,1
snazzy,1,1,2
snd,1,0,1
snds,1,0,1
sndtrk,1,0,1
sneak,9,15,24
sneaker,1,0,1
sneakers,2,1,3
sneaking,1,1,2
sneaks,0,2,2
sneaky,2,2,4
sneeezy,0,1,1
sneek,1,0,1
sneeze,1,4,5
sneezed,3,1,4
sneezes,2,0,2
sneezing,4,9,13
sneezometer,0,1,1
sneezy,0,1,1
sneighbourtv,0,2,2
snejana,1,0,1
snes,1,1,2
sng,1,0,1
snibston,0,1,1
snick,0,1,1
snicker,0,1,1
snickering,1,0,1
snickers,1,2,3
snif,2,0,2
sniff,52,21,73
sniffel,2,0,2
sniffi,1,0,1
sniffily,1,0,1
sniffing,0,2,2
sniffle,14,7,21
sniffles,7,2,9
sniffling,0,2,2
sniffly,1,0,1
sniffs,7,1,8
snifsnif,0,1,1
snifter,0,1,1
sniggering,0,1,1
sniper,0,1,1
snipers,1,0,1
snipets,0,1,1
snippet,2,1,3
snippets,1,0,1
snipurl,0,1,1
snitching,0,1,1
snl,8,3,11
snn,1,0,1
sno,0,1,1
snob,2,2,4
snobby,1,0,1
snobiz,0,1,1
snobscrilla,0,1,1
snocone,0,1,1
snoepje,0,1,1
snog,2,0,2
snogging,2,1,3
snoinkkk,0,1,1
snoo,0,4,4
snood,1,0,1
snooping,0,1,1
snoopy,0,2,2
snooty,1,0,1
snooze,2,4,6
snoozing,1,0,1
snores,2,0,2
snoring,7,3,10
snorkel,1,1,2
snorkeling,0,2,2
snorkers,1,0,1
snort,3,2,5
snot,1,0,1
snotbuster,1,0,1
snoting,1,0,1
snotty,1,1,2
snow,20,31,51
snowball,1,1,2
snowboarding,1,1,2
snowed,2,1,3
snowflake,1,1,2
snowflakes,0,1,1
snowhite,0,1,1
snowing,0,5,5
snowleopard,1,0,1
snowman,0,1,1
snowy,1,1,2
snozzle,0,1,1
snp,1,0,1
sns,1,0,1
snt,1,0,1
snubbed,0,1,1
snubbing,0,1,1
snuck,0,2,2
snuckums,0,1,1
snuff,0,2,2
snuffies,0,1,1
snuffles,1,0,1
snuggie,1,0,1
snuggle,7,7,14
snuggler,0,1,1
snuggles,3,6,9
snugglin,1,0,1
snuggling,0,3,3
so,3932,5299,9231
soak,4,1,5
soaked,3,8,11
soaker,1,1,2
soakin,1,0,1
soaking,2,2,4
soal,0,1,1
soalnya,2,1,3
soap,8,14,22
soaped,1,0,1
soaps,2,0,2
soapy,2,1,3
soar,0,2,2
sob,12,8,20
sobalds,1,0,1
sobbing,1,2,3
sobe,1,1,2
sober,8,8,16
soberbob,1,0,1
sobering,1,0,1
soberr,1,0,1
sobi,0,1,1
sobrang,0,1,1
sobriety,0,1,1
sobrietyyyyyy,1,0,1
sobs,9,3,12
sobys,1,0,1
soc,1,1,2
soca,1,0,1
socal,6,6,12
socap,0,1,1
soccer,22,17,39
soccergame,1,1,2
soces,0,1,1
soch,1,0,1
sociable,1,1,2
social,25,41,66
socialblaster,1,0,1
socialism,1,0,1
socialist,0,3,3
socialize,1,0,1
socialized,1,0,1
socially,1,0,1
socialradar,1,0,1
socials,1,2,3
socialscope,1,0,1
socialtoo,0,1,1
society,13,10,23
sociologically,1,0,1
sociology,2,3,5
sociomat,2,0,2
sociopathic,0,1,1
sock,5,6,11
socked,1,0,1
socket,1,1,2
sockpuppet,0,1,1
socks,10,12,22
soco,0,3,3
socpsych,0,1,1
socrates,1,0,1
sod,4,6,10
soda,10,10,20
sodas,0,2,2
sodding,0,1,1
soderling,4,0,4
sodmg,0,1,1
sodomized,1,0,1
sods,0,1,1
soeasyy,0,1,1
soemone,1,0,1
soemthing,1,0,1
sof,1,0,1
sofa,1,3,4
sofia,1,0,1
sofies,0,1,1
soft,13,20,33
softball,9,4,13
soften,0,1,1
softer,1,3,4
softie,0,1,1
softly,2,1,3
softmore,1,0,1
softnes,0,1,1
softpaws,1,0,1
softsynths,0,1,1
software,26,16,42
softwares,1,0,1
softy,0,4,4
soggy,4,5,9
sogns,1,0,1
sohna,0,1,1
soho,2,1,3
soi,2,0,2
soil,2,1,3
soilder,0,1,1
soir,1,0,1
soiree,1,1,2
sojourn,0,1,1
sokay,0,1,1
soko,0,1,1
sol,3,1,4
sola,1,1,2
solace,0,1,1
solana,0,1,1
solar,8,3,11
solaris,1,0,1
solars,0,1,1
sold,61,60,121
solded,1,0,1
soldier,4,0,4
soldiers,3,1,4
soldout,1,1,2
soled,0,2,2
solely,0,1,1
solent,1,0,1
soles,1,1,2
solevites,1,0,1
soley,1,0,1
solfing,0,1,1
solicited,0,1,1
solicitors,0,1,1
solictor,0,1,1
solid,10,9,19
solidarity,0,1,1
solidly,0,1,1
solidworks,0,2,2
solihull,0,1,1
solipsism,0,1,1
solitaire,1,0,1
solitare,1,0,1
solitary,0,1,1
solits,1,0,1
solly,0,2,2
solo,11,17,28
soloist,1,1,2
solos,0,1,1
solstace,0,1,1
solstice,2,1,3
solution,8,18,26
solutions,0,1,1
solve,7,5,12
solved,7,5,12
solvent,1,0,1
solves,0,3,3
solving,1,0,1
som,2,2,4
soma,1,0,1
somalian,0,1,1
somas,0,1,1
sombody,1,0,1
sombrero,0,2,2
some,1047,1418,2465
somebodies,1,0,1
somebody,40,22,62
someday,24,34,58
somedays,2,0,2
somefing,0,1,1
somehow,29,39,68
somehting,0,1,1
somehwere,0,1,1
somemore,0,2,2
someon,1,0,1
someone,328,309,637
someoneeeee,1,0,1
someones,2,7,9
someplace,0,1,1
somera,1,0,1
somerset,3,2,5
somesso,1,0,1
somet,0,2,2
somethign,1,0,1
somethin,17,18,35
something,439,563,1002
somethingfor,0,1,1
somethings,2,4,6
somethingyou,0,1,1
somethng,1,1,2
sometime,32,65,97
sometimes,135,160,295
someting,1,2,3
somewair,1,0,1
someway,1,1,2
somewhat,10,9,19
somewhere,52,62,114
someytimes,0,1,1
sommat,0,1,1
sommerville,1,0,1
sommmme,0,1,1
somn,1,0,1
somone,2,1,3
somthin,0,2,2
somthing,2,2,4
somtime,0,1,1
somtimes,0,2,2
somwhere,0,1,1
son,60,77,137
sonar,0,2,2
sonata,2,0,2
soneones,1,0,1
sonetime,0,1,1
song,381,297,678
songbird,2,0,2
songg,1,0,1
songoftheday,1,0,1
songs,93,102,195
songsduringsex,1,0,1
songss,0,1,1
songsss,0,1,1
songstuckinmyheadwheniwokeup,1,0,1
songtwit,0,1,1
songwriter,2,0,2
songwriting,1,0,1
songz,8,0,8
sonic,4,11,15
sonics,2,2,4
sonifi,0,1,1
soniinho,1,0,1
sonique,0,1,1
sonne,1,0,1
sonnet,0,1,1
sonnetmusic,0,1,1
sonny,5,5,10
sono,0,1,1
sonoma,1,1,2
sonos,1,0,1
sonrisa,1,0,1
sons,2,5,7
sonst,0,1,1
sony,13,7,20
sonyericsson,1,0,1
sonyfail,0,1,1
soo,111,136,247
sook,0,1,1
sookie,1,2,3
soon,472,706,1178
sooner,13,22,35
soonish,1,0,1
soonly,0,1,1
soonn,0,1,1
soonz,1,0,1
sooo,126,147,273
soooi,1,0,1
sooon,4,2,6
soooner,0,1,1
sooonerrrr,0,1,1
soooo,76,95,171
soooon,0,1,1
sooooner,0,1,1
sooooo,35,37,72
sooooome,0,1,1
sooooon,4,4,8
soooooo,10,22,32
soooooon,2,3,5
soooooonn,1,0,1
sooooooo,3,7,10
sooooooon,0,1,1
soooooooo,0,5,5
soooooooon,0,1,1
sooooooooo,2,3,5
soooooooooo,2,3,5
sooooooooooo,1,2,3
soooooooooooo,2,1,3
soooooooooooooo,1,2,3
sooooooooooooooooo,0,2,2
sooooooooooooooooooooooooo,0,1,1
sooooooooooooooooooooooooooo,1,0,1
sooooooooooooooooooooooooooooooooooooo,0,1,1
soooooop,1,0,1
soooooorrryyyyy,0,1,1
soooorrryyyyy,1,0,1
sooper,0,1,1
soorrry,0,1,1
soorrryyy,1,0,1
soory,1,1,2
soos,0,1,1
soothe,2,1,3
soothes,1,0,1
soothie,0,1,1
soothin,0,1,1
soothing,6,1,7
sooty,1,0,1
sooy,1,0,1
sop,1,0,1
sopa,1,0,1
sopapillas,0,1,1
soph,4,2,6
sophia,3,3,6
sophie,7,7,14
sophisticated,0,1,1
sophistication,1,0,1
sophomore,4,0,4
sophs,0,3,3
sopn,0,1,1
soppy,0,1,1
soprano,1,2,3
sopranos,1,0,1
soproudofyou,0,1,1
sor,0,1,1
soraya,1,0,1
sorayama,1,0,1
sorbet,2,0,2
sorcha,0,1,1
sordid,0,1,1
sore,46,45,91
soreal,0,1,1
soreen,0,1,1
sorely,1,2,3
soren,2,0,2
soreness,0,1,1
sori,2,1,3
sorority,1,2,3
sorraayy,1,0,1
sorray,0,1,1
sorreh,1,1,2
sorridente,0,1,1
sorrie,1,0,1
sorries,0,2,2
sorriz,0,1,1
sorrow,3,2,5
sorrows,1,4,5
sorrrrrrrrrrry,0,1,1
sorrrrrry,0,1,1
sorrrrry,0,1,1
sorrrry,2,1,3
sorrry,4,9,13
sorrryyy,0,1,1
sorrwee,0,1,1
sorry,897,1625,2522
sorryfor,0,1,1
sorrys,0,1,1
sorrysaturday,0,1,1
sorryu,0,1,1
sorryy,0,1,1
sorryyy,3,2,5
sorryyyy,1,2,3
sorryyyyy,0,2,2
sorryyyyyy,1,0,1
sorryzies,0,1,1
sort,42,76,118
sorta,11,14,25
sortd,1,0,1
sorted,11,25,36
sorting,4,4,8
sorts,4,5,9
sorty,1,0,1
sory,1,2,3
soryy,1,0,1
sos,2,1,3
sosa,2,0,2
sososo,0,2,2
sosyal,1,0,1
sotm,1,2,3
sotomayor,1,0,1
sotr,1,0,1
sou,0,2,2
souchong,1,0,1
soucis,1,0,1
souf,1,0,1
soul,36,28,64
soulclap,1,0,1
sould,0,2,2
souldiers,1,0,1
soulfest,1,0,1
soulfish,1,0,1
soulful,2,0,2
soulfull,1,0,1
soulja,4,3,7
souljaboy,1,0,1
souljah,2,0,2
souljahboytellem,1,0,1
soulmate,1,3,4
soulmates,1,1,2
soulove,1,0,1
soulpower,0,1,1
souls,1,2,3
soume,1,0,1
sound,113,166,279
sounda,0,1,1
soundcheck,0,1,1
soundchecked,0,1,1
soundchecking,1,0,1
soundchecks,0,1,1
soundcloud,1,1,2
sounded,13,19,32
sounders,1,0,1
soundest,1,0,1
soundflower,1,0,1
soundgarden,0,1,1
sounding,4,6,10
soundly,1,0,1
sounds,288,559,847
soundslike,1,0,1
soundss,1,0,1
soundtrack,9,6,15
soundtracks,1,3,4
soundtripping,1,0,1
soundwave,2,1,3
soundz,0,1,1
sountrack,1,0,1
soup,22,31,53
soupstengel,0,1,1
soupy,1,2,3
souq,1,0,1
sour,11,2,13
source,16,15,31
sources,3,7,10
soursally,1,0,1
sous,0,1,1
south,41,41,82
southamericalovesmcfly,1,0,1
southampton,2,2,4
southbank,0,2,2
southbanks,0,1,1
southbound,0,1,1
southeast,1,2,3
southend,0,1,1
southern,4,7,11
southerner,1,0,1
southpark,2,2,4
southparkfl,1,0,1
southport,0,1,1
southshire,0,1,1
southwark,0,1,1
southwell,0,1,1
southwest,1,2,3
southwestern,1,0,1
souveniers,1,0,1
souvenir,0,1,1
souvenirs,1,0,1
soval,0,1,1
sovereign,1,0,1
soviet,0,1,1
sow,0,1,1
sowa,1,0,1
sowee,1,1,2
sowie,0,3,3
sowiee,1,0,1
sowry,0,2,2
sowweee,0,1,1
sowwi,0,2,2
sowwie,1,4,5
sowwies,1,1,2
sowwy,5,8,13
sowwyyy,0,1,1
sowy,1,0,1
sox,6,9,15
soy,6,4,10
soya,3,0,3
soybeans,0,1,1
soylent,0,1,1
soz,3,8,11
sozzzle,1,0,1
sp,9,13,22
spa,1,9,10
spaamming,0,1,1
spaccanapoli,0,1,1
space,50,37,87
spaceaids,0,1,1
spaceballs,1,0,1
spacebooks,1,0,1
spaced,1,0,1
spacemodulator,1,0,1
spaces,1,4,5
spacey,1,2,3
spacing,1,1,2
spacious,0,1,1
spades,4,0,4
spadge,0,1,1
spag,1,2,3
spaghetti,4,3,7
spahkly,0,1,1
spain,12,18,30
spake,0,1,1
spam,32,41,73
spamaster,1,0,1
spambots,1,2,3
spammed,1,5,6
spammer,1,6,7
spammers,10,11,21
spamming,2,9,11
spammos,0,1,1
spammy,0,4,4
spamn,1,0,1
spams,1,1,2
spamshit,1,0,1
span,4,6,10
spandex,0,1,1
spangled,1,0,1
spaniels,0,1,1
spanish,37,32,69
spank,1,3,4
spanked,1,1,2
spanking,4,0,4
spanks,1,1,2
spanky,1,1,2
spann,1,0,1
spans,1,0,1
spaotp,0,1,1
spare,16,18,34
spared,0,2,2
spareparts,1,0,1
spares,1,2,3
sparingly,1,1,2
spark,1,4,5
sparked,2,0,2
sparkies,0,1,1
sparkiing,1,0,1
sparking,0,1,1
sparkle,4,2,6
sparkler,1,0,1
sparkles,0,1,1
sparkling,1,1,2
sparkly,2,4,6
sparknotes,1,0,1
sparkplugging,0,1,1
sparks,7,3,10
sparky,1,1,2
sparro,1,0,1
sparrow,1,1,2
sparrows,0,1,1
sparse,0,1,1
sparta,1,0,1
spartan,0,1,1
spasm,0,2,2
spasms,2,0,2
spatial,0,2,2
spats,0,1,1
spatu,1,0,1
spawn,2,0,2
spawns,0,1,1
spay,1,0,1
spaz,4,1,5
spaztastic,1,0,1
spazz,2,0,2
spazzes,1,0,1
spazziness,1,0,1
spazzing,2,0,2
spazzzzzzzzzzzzz,0,1,1
spbpuk,1,0,1
spc,1,1,2
speacial,0,1,1
spead,1,1,2
speak,43,69,112
speakeasy,1,1,2
speaker,4,4,8
speakers,15,5,20
speakin,2,0,2
speaking,25,28,53
speakn,1,0,1
speaks,5,3,8
spear,2,0,2
spearhead,0,1,1
spearheaded,1,0,1
spears,5,7,12
spec,3,4,7
specail,2,0,2
speccy,0,1,1
special,90,86,176
specialise,0,2,2
specialising,0,1,1
specialist,3,4,7
specialisterne,0,1,1
speciality,0,1,1
specializes,0,2,2
specializing,0,1,1
specially,5,8,13
specials,1,2,3
specialties,0,2,2
specialty,0,1,1
species,2,3,5
specific,8,16,24
specifically,1,5,6
specifics,1,0,1
specify,0,1,1
specil,0,1,1
speckles,0,1,1
specs,2,0,2
spectacle,0,2,2
spectacles,0,1,1
spectacular,7,6,13
spectacularly,0,1,1
spectate,1,0,1
spectating,1,0,1
spectator,1,1,2
spectaular,0,1,1
spectra,0,2,2
spectrum,0,2,2
speculation,1,1,2
speculations,1,0,1
speech,14,6,20
speeches,1,4,5
speechless,7,6,13
speed,21,31,52
speedboat,1,0,1
speedial,1,0,1
speedin,1,0,1
speeding,4,3,7
speedingtickets,1,0,1
speedlite,1,0,1
speedo,0,1,1
speeds,1,1,2
speedtester,0,1,1
speedway,1,0,1
speedy,5,4,9
speek,1,2,3
speidi,1,3,4
spek,1,0,1
speke,0,1,1
spektor,3,0,3
speleed,0,1,1
spell,22,23,45
spellcheck,0,1,1
spelled,9,13,22
speller,1,1,2
spellin,0,1,1
spelling,16,28,44
spellings,0,1,1
spells,1,1,2
spelt,7,5,12
spencer,5,5,10
spencermitchell,1,0,1
spencers,1,0,1
spend,53,56,109
spending,24,20,44
spends,1,0,1
spensive,1,1,2
spent,52,43,95
speram,1,0,1
sperm,0,2,2
spermination,0,1,1
spertinya,0,1,1
spesh,1,1,2
spesific,1,0,1
spet,0,1,1
spew,0,1,1
spewed,1,0,1
spewing,1,2,3
spf,0,3,3
sph,1,0,1
sphere,0,4,4
spheres,0,1,1
sphinx,0,1,1
sphygmomonanometers,0,1,1
sphynx,0,1,1
spic,1,1,2
spice,2,2,4
spices,1,1,2
spicie,1,0,1
spicksandspecks,1,0,1
spicy,6,9,15
spider,11,8,19
spiderman,2,2,4
spiderr,1,0,1
spiders,6,7,13
spiderwebs,1,0,1
spidey,3,0,3
spies,1,0,1
spiffy,2,2,4
spike,2,3,5
spiked,1,1,2
spikes,2,0,2
spill,5,6,11
spilled,4,0,4
spilling,3,1,4
spills,1,0,1
spilt,1,1,2
spin,7,7,14
spinach,0,4,4
spinal,0,1,1
spindle,1,0,1
spine,3,3,6
spineless,1,0,1
spinellis,1,0,1
spinlocks,0,1,1
spinner,0,2,2
spinning,2,5,7
spinoff,0,1,1
spinoza,1,0,1
spins,4,1,5
spinster,1,0,1
spinsterville,0,1,1
spinto,0,1,1
spinwheel,0,1,1
spiral,1,0,1
spiraled,0,1,1
spirals,0,1,1
spire,0,1,1
spirit,15,29,44
spirited,1,0,1
spiritedness,0,1,1
spiritful,1,0,1
spirits,4,3,7
spiritsong,0,1,1
spiritt,0,1,1
spiritual,5,3,8
spiritualized,1,0,1
spit,1,4,5
spitalfield,0,1,1
spite,2,3,5
spitguards,0,1,1
spitrit,1,0,1
spits,1,0,1
spitting,0,3,3
spitzu,0,1,1
spl,0,1,1
splash,3,3,6
splashes,1,2,3
splat,0,1,1
splatered,0,1,1
splatterday,1,0,1
splendid,6,2,8
splendidly,0,1,1
spliffs,0,1,1
splint,1,0,1
splinter,0,2,2
splintered,1,1,2
splints,2,1,3
splish,1,0,1
split,13,15,28
splits,0,1,1
splitting,2,0,2
splix,1,0,1
splode,0,1,1
splosh,1,0,1
splurged,1,0,1
splutter,1,0,1
spluttering,1,0,1
spn,1,1,2
spo,1,0,1
spoaker,1,0,1
spock,3,3,6
spocom,1,0,1
spoil,4,15,19
spoilars,1,0,1
spoild,1,0,1
spoiled,6,12,18
spoiler,2,5,7
spoilers,5,16,21
spoiling,4,2,6
spoilsport,0,1,1
spoilt,2,5,7
spokane,0,3,3
spoke,15,9,24
spoken,8,7,15
spokesman,0,1,1
spokin,0,1,1
spondent,0,1,1
sponge,1,1,2
spongebob,5,3,8
spongy,0,1,1
sponser,1,0,1
sponsor,2,3,5
sponsored,1,2,3
sponsoring,2,0,2
sponsors,1,1,2
sponsorship,2,0,2
sponsorships,0,1,1
spontaneous,1,6,7
spontaneously,1,0,1
sponteneity,0,1,1
spoof,1,0,1
spooked,1,1,2
spooky,2,3,5
spookychan,1,0,1
spools,0,2,2
spoon,11,3,14
spooncraft,0,1,1
spooner,0,1,1
spoonerisms,1,0,1
spoonfull,0,1,1
spoonie,0,1,1
spooning,1,1,2
spoonman,0,1,1
spoons,3,3,6
spoooooooonnn,0,1,1
sporadic,1,0,1
sporadically,0,1,1
spore,1,1,2
sporks,0,1,1
sport,6,8,14
sporting,2,4,6
sports,16,17,33
sportscaster,0,1,1
sportscenter,1,1,2
sportsman,0,1,1
sporty,0,2,2
sposda,1,0,1
spose,3,3,6
sposed,2,0,2
spot,38,48,86
spotify,13,9,22
spotless,1,0,1
spotlight,2,1,3
spotlite,1,0,1
spotquiz,1,0,1
spots,2,12,14
spotted,2,5,7
spotting,1,3,4
spouse,1,1,2
spouses,0,1,1
sppear,1,0,1
sprain,0,1,1
sprained,1,3,4
sprang,0,1,1
sprawling,0,1,1
spray,8,7,15
sprayed,2,1,3
spraying,1,0,1
spraypainting,1,0,1
sprays,1,0,1
spread,25,28,53
spreadg,0,1,1
spreading,8,12,20
spreadloveday,1,0,1
spreads,1,3,4
spreadsheets,0,1,1
spreadshirt,1,0,1
spree,3,4,7
spring,17,17,34
springboard,0,1,1
springfield,0,2,2
springleap,1,0,1
springroll,0,1,1
springs,6,8,14
springsteen,1,0,1
springsteentalktomcfly,1,0,1
springstenn,1,0,1
springtime,1,0,1
springwatch,2,0,2
sprinkle,1,3,4
sprinkles,6,4,10
sprinkley,0,1,1
sprinkling,1,0,1
sprinkls,0,1,1
sprint,6,6,12
sprinted,0,1,1
sprinter,0,1,1
sprints,2,1,3
sprite,1,2,3
spritely,0,1,1
sprites,0,1,1
spritesheet,0,1,1
spritz,1,0,1
sprog,0,1,1
sprout,0,2,2
spruce,1,1,2
sprung,1,1,2
spuce,1,0,1
spud,1,0,1
spuds,1,1,2
spulcio,0,1,1
spumoni,0,1,1
spun,1,2,3
spunk,2,1,3
spur,1,0,1
spurs,3,6,9
spurt,1,0,1
spurts,0,1,1
spush,0,1,1
spy,6,8,14
spying,1,5,6
spymaster,19,15,34
spymasters,4,0,4
spyonvegas,1,0,1
spyring,0,1,1
spywars,1,0,1
sq,3,3,6
sqaurespace,1,0,1
sql,0,3,3
sqlbuddy,0,1,1
sqlsaturday,1,0,1
sqnm,1,0,1
squad,3,2,5
squamish,1,1,2
square,10,16,26
squared,1,0,1
squaredance,0,1,1
squarely,0,1,1
squarepace,1,0,1
squarepants,1,1,2
squares,1,2,3
squaresp,1,0,1
squarespac,1,0,1
squarespace,127,10,137
squarespaced,1,0,1
squarespaceneed,1,0,1
squarespacing,1,0,1
squarespce,1,0,1
squash,3,1,4
squashed,0,1,1
squat,1,1,2
squats,0,2,2
squeaaal,0,1,1
squeak,0,1,1
squeakerbox,1,0,1
squeaks,0,1,1
squeaky,2,1,3
squeals,2,0,2
squee,4,5,9
squeee,1,0,1
squeeee,0,1,1
squeeeee,0,1,1
squeeeeeeeeeeeeeeeeeeeeeeeeee,1,0,1
squeeeeeeeeeeeeeeeeeeeeeeeeeeeeeeeeeeeeeeeeeeeeeeeeeeeeeeze,0,1,1
squeeing,1,1,2
squeek,0,2,2
squeeky,1,2,3
squeeze,8,4,12
squeezed,1,0,1
squeezes,1,0,1
squeezing,0,1,1
squelching,0,1,1
squenix,0,1,1
squibs,0,1,1
squid,0,10,10
squidgy,1,0,1
squidoo,2,0,2
squids,0,1,1
squiffy,1,1,2
squigglicious,1,0,1
squiiiish,1,0,1
squint,0,2,2
squints,1,0,1
squinty,1,0,1
squire,0,1,1
squirel,1,0,1
squirels,0,1,1
squirm,0,1,1
squirming,1,0,1
squirrel,5,7,12
squirrelmail,1,0,1
squirrels,2,2,4
squirt,2,0,2
squish,1,0,1
squished,2,1,3
squishing,1,0,1
squishy,2,0,2
squrited,1,0,1
sr,4,0,4
sra,0,1,1
sram,0,1,1
srch,0,1,1
sream,0,1,1
sree,1,1,2
srewart,1,0,1
sri,1,2,3
srike,0,1,1
srk,3,0,3
srm,0,1,1
sro,0,1,1
srq,0,1,1
srry,15,9,24
srs,3,3,6
srsly,10,16,26
srslyyyy,0,1,1
srv,1,0,1
sry,15,28,43
sryy,0,1,1
ss,5,11,16
ssaaiilliinnggggg,1,0,1
sschen,1,0,1
sseenitthinksitsgreat,1,0,1
ssen,0,1,1
sserd,0,1,1
ssh,1,2,3
sshh,1,0,1
ssick,1,0,1
ssis,0,1,1
sskritch,1,0,1
ssl,0,1,1
sslyby,1,0,1
ssorry,1,0,1
sss,1,1,2
sssh,1,0,1
ssshhheeeeessshhh,1,0,1
ssshhhh,0,1,1
ssss,0,1,1
ssssoooo,0,2,2
sssss,1,0,1
ssssss,1,0,1
sssssscccoooooreee,0,1,1
ssssssoooooooooo,1,0,1
sssssssss,1,0,1
sst,1,0,1
sster,1,0,1
sstv,1,0,1
ssup,0,1,1
ssvsut,0,1,1
sswug,1,0,1
st,122,143,265
staarrving,0,1,1
stab,1,1,2
stabbed,4,0,4
stabber,0,1,1
stabbing,1,0,1
stabilo,0,1,1
stable,4,1,5
stabs,0,2,2
stabstabstab,0,1,1
stacey,3,1,4
staci,0,2,2
stack,13,8,21
stackhouse,1,1,2
stackis,0,1,1
stackoverflow,0,1,1
stacks,1,1,2
stackvision,1,0,1
stackz,1,0,1
stacy,3,4,7
stadium,5,4,9
staff,7,12,19
staffdev,1,0,1
staffel,1,0,1
staffs,0,1,1
staffy,0,1,1
stag,0,1,1
stage,19,39,58
staged,2,1,3
stages,2,3,5
stagga,1,0,1
stagged,0,1,1
staggered,1,0,1
staight,1,0,1
stain,6,2,8
stained,1,1,2
staining,0,1,1
stains,4,0,4
stair,0,1,1
staircases,1,0,1
staired,0,1,1
stairs,10,9,19
stairway,1,0,1
stairwell,1,0,1
stake,0,2,2
stakes,4,1,5
stale,3,2,5
stalin,0,1,1
stalk,6,18,24
stalked,2,3,5
stalkeees,1,0,1
stalker,11,12,23
stalkerlicious,1,0,1
stalkers,2,5,7
stalkerwords,5,0,5
stalkin,1,1,2
stalking,7,17,24
stall,1,1,2
stalling,1,2,3
stalls,0,1,1
stamina,0,1,1
stammer,1,0,1
stamp,3,3,6
stampede,0,1,1
stamps,0,5,5
stampybrown,1,0,1
stan,1,2,3
stance,1,1,2
stanchart,0,1,1
stand,40,48,88
standalone,1,1,2
standard,7,13,20
standardised,0,1,1
standardish,0,1,1
standards,5,5,10
standby,2,2,4
standfield,1,0,1
standforlove,1,0,1
standin,1,0,1
standing,13,26,39
standouts,1,0,1
standpoint,0,1,1
stands,6,4,10
standup,1,0,1
stanford,1,0,1
stangely,0,1,1
stank,0,1,1
stanky,2,1,3
stanley,1,2,3
stanleyyyyy,1,0,1
stannery,0,1,1
stans,1,0,1
stanstead,1,1,2
staple,1,0,1
staples,1,2,3
star,65,85,150
starboard,1,0,1
starbs,1,0,1
starbuck,0,1,1
starbucks,30,22,52
starbursts,2,1,3
starbux,1,0,1
starcon,0,1,1
starcraft,0,1,1
stardoll,0,1,1
stardust,1,0,1
stare,4,3,7
stared,1,1,2
staredown,1,0,1
stares,2,2,4
starfish,1,0,1
starfleet,1,1,2
stargate,2,0,2
stargirlinspace,3,0,3
staring,7,8,15
stark,1,1,2
starland,0,1,1
starlite,0,1,1
starman,1,0,1
starplayer,1,0,1
starr,3,1,4
starred,1,0,1
starrers,0,1,1
starring,2,3,5
starry,1,1,2
starryeyed,1,0,1
stars,26,25,51
starscream,1,0,1
starship,3,1,4
starss,1,0,1
starstrukk,5,0,5
start,240,275,515
startd,1,0,1
started,118,169,287
startender,1,0,1
starter,0,1,1
starters,1,0,1
startin,4,2,6
starting,72,83,155
startinq,1,0,1
startled,0,1,1
startling,2,0,2
startrek,8,2,10
starts,47,39,86
startup,1,5,6
startuphb,1,0,1
starvation,1,2,3
starve,1,2,3
starvin,1,1,2
starving,12,13,25
starvinggggggg,0,1,1
starwars,3,1,4
starwarsday,1,1,2
starwing,0,1,1
starz,0,1,1
stash,0,3,3
stat,2,9,11
state,46,47,93
stated,1,0,1
statement,7,12,19
statements,4,3,7
staten,1,0,1
states,16,21,37
statesboro,0,1,1
stateside,0,1,1
static,1,3,4
staticelectricitified,1,0,1
stating,1,2,3
statins,1,0,1
station,33,28,61
stationary,1,1,2
stationed,1,1,2
stationery,2,1,3
stations,3,3,6
statistics,2,3,5
stats,12,6,18
statto,1,0,1
statty,1,0,1
statue,1,0,1
stature,1,0,1
status,27,35,62
statuses,1,2,3
statutes,0,1,1
statutory,1,0,1
statz,1,0,1
staunchly,0,1,1
stavros,12,5,17
stavrosflatley,1,0,1
stavross,0,1,1
stay,193,199,392
staycation,1,0,1
staye,1,0,1
stayed,30,38,68
stayin,7,4,11
staying,30,57,87
stays,8,8,16
stayyy,0,1,1
stb,1,0,1
std,1,0,1
stdnt,1,0,1
stds,1,1,2
ste,1,0,1
stead,2,1,3
steadfastness,0,1,1
steady,0,1,1
steak,13,16,29
steaks,3,1,4
steal,18,25,43
stealer,1,1,2
stealers,1,0,1
stealin,1,0,1
stealing,8,9,17
steals,2,6,8
stealth,0,2,2
stealthy,0,1,1
steam,4,0,4
steamboats,1,1,2
steamed,1,1,2
steaming,1,1,2
steampunk,1,0,1
steamroller,0,1,1
steel,3,2,5
steeler,0,2,2
steelers,0,1,1
steeling,0,1,1
steep,1,0,1
steer,2,2,4
steering,0,1,1
steers,0,1,1
steezy,2,0,2
stef,2,0,2
stefani,1,0,1
steff,2,0,2
steffffff,1,0,1
steigy,1,0,1
stein,0,1,1
stejne,2,0,2
stella,7,5,12
stellar,0,2,2
stellas,0,1,1
stelletos,1,0,1
stelly,1,1,2
stems,1,0,1
stench,3,0,3
stendhal,1,0,1
stengel,1,0,1
step,40,52,92
stepbrothers,1,0,1
stepchild,0,1,1
stepdad,1,2,3
stepford,1,2,3
steph,7,5,12
stephan,1,0,1
stephanie,3,4,7
stephen,5,6,11
stephenbaldwin,1,0,1
stephenie,0,2,2
stephenson,1,0,1
stephfoo,1,0,1
stephie,1,2,3
stephsiau,0,1,1
stepkids,1,0,1
stepmom,2,0,2
stepped,6,4,10
stepper,0,1,1
stepping,3,0,3
steps,8,9,17
stepsister,1,0,1
stepson,2,0,2
stepupforms,1,0,1
stereo,1,2,3
stereos,1,0,1
stereotype,1,1,2
stereotypes,1,1,2
sterling,2,2,4
sterlz,0,1,1
stern,1,2,3
steroids,2,2,4
sters,1,0,1
stetson,0,1,1
steve,20,17,37
stevecraven,1,0,1
stevedc,1,0,1
steven,7,5,12
stevenage,0,1,1
stevens,3,1,4
stevenson,1,0,1
stevie,9,3,12
steviewonder,1,0,1
stew,2,2,4
steward,1,1,2
stewart,3,2,5
stewed,2,0,2
stewie,1,0,1
steyn,1,0,1
stfu,4,0,4
sth,5,7,12
sthe,0,1,1
sthing,0,1,1
sthlm,2,0,2
stiam,0,1,1
stich,0,1,1
stick,26,56,82
stickam,4,1,5
sticker,1,7,8
stickers,4,6,10
stickies,1,0,1
stickin,2,0,2
sticking,4,9,13
stickler,1,0,1
sticks,7,7,14
sticky,3,6,9
sticth,1,0,1
stiff,4,5,9
stiffened,1,0,1
stifles,1,1,2
stifling,0,1,1
stig,1,0,1
stigma,0,1,1
stiilllll,1,0,1
stil,6,9,15
stilettos,2,0,2
still,1081,1333,2414
stilleto,0,1,1
stilletoes,1,0,1
stilling,1,0,1
stilll,3,0,3
stillll,1,0,1
stills,0,2,2
stimpy,0,1,1
stimulation,0,1,1
stimulus,0,1,1
stina,0,1,1
sting,2,6,8
stinging,0,1,1
stingray,0,1,1
stings,1,2,3
stingy,0,1,1
stink,3,4,7
stinkbug,0,1,1
stinker,1,0,1
stinkers,1,0,1
stinkin,1,4,5
stinking,3,1,4
stinks,8,11,19
stinkss,1,0,1
stinky,6,3,9
stint,1,3,4
stints,1,0,1
stinx,0,2,2
stip,0,1,1
stiple,1,0,1
stir,0,2,2
stirling,1,4,5
stirred,2,0,2
stitch,2,3,5
stitched,1,0,1
stitches,3,7,10
stitchs,1,0,1
stiu,1,1,2
stiuuu,0,2,2
stl,3,2,5
stlkr,1,0,1
stm,8,2,10
stmglyphs,1,0,1
sto,0,1,1
stocetop,1,0,1
stock,10,23,33
stockholm,4,0,4
stocking,0,1,1
stockings,2,1,3
stockington,1,0,1
stockman,1,0,1
stockpiles,0,1,1
stocks,5,2,7
stocktake,0,2,2
stockton,1,3,4
stogies,1,0,1
stoic,0,1,1
stoichiometry,0,1,1
stoke,2,1,3
stoked,20,19,39
stokes,0,1,1
stokke,0,1,1
stokled,1,0,1
stole,17,19,36
stoled,1,0,1
stolen,7,20,27
stollen,0,2,2
stomach,59,23,82
stomp,2,0,2
stomped,1,0,1
stomper,1,1,2
stompers,1,0,1
stomping,1,2,3
stomps,0,1,1
stone,11,11,22
stonebriar,0,1,1
stoned,0,1,1
stonefall,1,0,1
stonehenge,1,1,2
stoner,0,1,1
stoneridge,1,0,1
stoners,1,2,3
stones,2,2,4
stoney,1,0,1
stonking,0,1,1
stood,12,3,15
stoof,1,0,1
stooge,1,0,1
stool,1,3,4
stoooooop,0,1,1
stoooopid,1,0,1
stooopid,1,0,1
stoop,0,1,1
stoopid,4,3,7
stoops,0,1,1
stop,206,242,448
stopcryingyourheartout,1,0,1
stoped,0,2,2
stopniley,1,0,1
stopo,0,1,1
stopover,0,1,1
stopped,41,42,83
stoppin,1,0,1
stopping,12,8,20
stopppp,0,1,1
stops,4,15,19
stopthebnp,1,0,1
storage,9,9,18
store,83,89,172
stored,4,1,5
stores,13,17,30
storey,1,0,1
stories,27,31,58
storing,0,1,1
storm,34,31,65
stormin,1,0,1
storminess,0,1,1
storming,2,0,2
storms,12,18,30
stormy,3,2,5
story,141,152,293
storyboard,0,1,1
storyboarded,0,1,1
storybooks,0,1,1
storycasting,0,1,1
storyline,1,4,5
storylines,0,1,1
storys,1,1,2
storyteller,2,0,2
storyy,1,0,1
stot,2,0,2
stourbridge,0,1,1
stout,3,0,3
stove,3,3,6
stp,1,1,2
stpancras,0,1,1
stps,1,0,1
str,4,1,5
strada,1,0,1
straggler,0,1,1
stragic,1,0,1
straight,42,50,92
straighten,4,2,6
straightened,2,1,3
straightener,1,1,2
straightening,3,4,7
straightforward,1,0,1
straights,0,1,1
straightshooting,1,0,1
strain,0,1,1
straiten,1,0,1
straits,1,0,1
strampelt,1,0,1
stranded,0,2,2
strange,25,44,69
strangebrew,0,1,1
strangely,5,4,9
strangeness,0,1,1
stranger,12,10,22
strangers,4,3,7
strangled,1,0,1
strangling,0,1,1
strap,2,3,5
strapless,1,0,1
strapped,1,2,3
straps,0,3,3
strasse,0,1,1
strat,1,1,2
strategic,1,0,1
strategically,1,0,1
strategy,2,5,7
stratus,0,1,1
strauss,1,0,1
strave,1,0,1
stravros,1,0,1
straw,2,2,4
strawberries,12,8,20
strawberry,13,19,32
strawbs,0,1,1
strawpineorangbana,0,1,1
straws,2,1,3
stray,3,1,4
straying,0,1,1
strays,0,1,1
streak,5,2,7
streaking,2,0,2
streaks,3,0,3
stream,26,25,51
streamed,0,1,1
streamers,1,0,1
streames,1,0,1
streaming,9,10,19
streams,2,2,4
streatham,1,0,1
strecher,0,1,1
streeeaachh,1,0,1
streeeet,1,0,1
streep,1,0,1
street,41,39,80
streets,6,5,11
streetz,0,1,1
streisand,1,0,1
strength,12,9,21
strengthen,1,0,1
strengths,1,1,2
strenuous,0,1,1
strep,1,1,2
strepsil,1,0,1
stres,1,0,1
stress,33,45,78
stressed,22,17,39
stressful,6,10,16
stressin,1,0,1
stressing,3,7,10
stressinnnn,0,1,1
stressless,1,0,1
stretch,8,9,17
stretched,4,1,5
stretchered,0,1,1
stretches,1,1,2
stretching,1,3,4
stretchy,0,1,1
streusel,1,0,1
stricke,1,0,1
strict,3,2,5
strictly,4,10,14
strid,0,1,1
strida,2,0,2
strides,0,1,1
striding,1,0,1
striiid,0,1,1
striiiiike,0,1,1
strike,9,6,15
striker,0,1,1
strikes,7,1,8
striking,1,2,3
strimming,2,1,3
string,1,10,11
strings,4,3,7
strip,7,7,14
stripe,1,1,2
striped,2,1,3
stripes,2,1,3
stripey,1,0,1
stripp,1,0,1
stripped,0,2,2
stripper,2,3,5
strippers,0,1,1
strippin,1,0,1
stripping,2,0,2
strips,1,1,2
strirrers,1,0,1
strive,1,0,1
strives,0,1,1
strngers,0,1,1
strobing,1,0,1
stroget,1,0,1
stroke,4,6,10
strokes,1,0,1
strokin,0,1,1
stroking,0,2,2
stroll,7,5,12
strolled,1,0,1
stroller,0,1,1
stronest,0,1,1
strong,44,41,85
stronge,1,0,1
stronger,8,2,10
strongest,0,1,1
strongly,0,3,3
strooooongg,1,0,1
stroup,0,1,1
strssd,0,1,1
strt,0,1,1
strts,0,2,2
struck,3,6,9
struct,2,0,2
structure,2,2,4
structured,0,1,1
structures,0,1,1
struggle,6,5,11
struggled,1,1,2
struggles,2,2,4
struggling,9,4,13
strugling,0,1,1
strum,0,1,1
strut,1,0,1
sts,0,1,1
stt,1,0,1
sttepped,1,0,1
sttng,1,0,1
sttoped,1,0,1
stu,3,0,3
stuart,0,1,1
stuarts,0,1,1
stubble,0,1,1
stubborn,4,2,6
stubbornly,0,1,1
stubbornness,1,0,1
stubby,1,0,1
stubs,0,1,1
stuck,112,114,226
stucked,0,2,2
stuckk,1,0,1
stud,1,2,3
studding,0,1,1
studen,1,0,1
student,22,27,49
students,12,22,34
studied,4,6,10
studies,6,6,12
studiii,1,0,1
studio,28,27,55
studios,0,2,2
studious,2,0,2
study,65,68,133
studyed,1,0,1
studyin,2,2,4
studying,48,56,104
studyless,1,0,1
studyn,1,0,1
studyy,0,1,1
studyyyyyyyyy,0,1,1
stueps,0,1,1
stuff,261,405,666
stuffed,6,8,14
stuffeddd,0,1,1
stuffff,1,1,2
stuffin,1,0,1
stuffing,2,2,4
stuffn,1,0,1
stuffs,8,4,12
stuffwotimadeup,4,1,5
stuffy,4,2,6
stuggling,0,1,1
stuhhh,1,0,1
stuk,1,0,1
stumble,2,2,4
stumbled,0,2,2
stumbleupon,2,2,4
stumblr,0,1,1
stummy,0,1,1
stump,0,2,2
stumped,1,2,3
stumpy,0,1,1
stung,1,0,1
stunna,1,0,1
stunned,4,3,7
stunning,6,17,23
stunnninnnng,1,0,1
stunt,1,2,3
stuph,0,1,1
stupid,170,142,312
stupidest,1,0,1
stupidity,3,3,6
stupidly,3,4,7
stupido,1,0,1
stupids,1,0,1
stupidy,0,1,1
stupiid,0,1,1
stuppid,0,1,1
sturgess,1,0,1
sturya,0,1,1
stutter,1,1,2
stuttered,0,1,1
stuttering,1,0,1
stuttgart,0,1,1
stuuuck,0,1,1
stuuudddddyyy,0,1,1
stuyding,1,0,1
stvpark,1,0,1
stweet,0,1,1
sty,1,0,1
styl,0,1,1
style,34,40,74
styled,0,1,1
styleeee,0,1,1
styles,5,0,5
stylettoz,0,1,1
stylin,1,2,3
styling,1,0,1
stylish,2,4,6
stylist,3,4,7
stylistics,0,1,1
stylists,0,1,1
stylus,0,2,2
styrofoam,0,2,2
styx,0,1,1
su,6,1,7
suaminya,1,0,1
suan,1,1,2
suarany,0,1,1
suaranya,1,0,1
suarez,1,0,1
sub,5,9,14
subaru,0,1,1
subbed,1,2,3
subbing,1,1,2
subconscious,0,1,1
subdirectories,1,0,1
subdomain,1,0,1
subdued,0,1,1
subernova,1,0,1
subham,1,0,1
subheads,0,1,1
subic,0,1,1
subidised,0,1,1
subiect,1,0,1
subj,0,1,1
subject,10,13,23
subjected,0,1,1
subjective,1,1,2
subjects,3,1,4
subliminal,1,2,3
submission,6,4,10
submissions,1,1,2
submit,3,9,12
submited,0,1,1
submiting,1,0,1
submitted,5,6,11
submitting,1,0,1
submodule,1,0,1
subo,1,2,3
subpar,0,1,1
subreddit,1,0,1
subs,2,6,8
subscribe,5,4,9
subscribed,3,3,6
subscriber,1,0,1
subscribers,2,2,4
subscribing,2,1,3
subscription,3,3,6
subscriptions,0,1,1
subsequent,0,1,1
subside,1,2,3
subsided,0,2,2
subsides,0,1,1
subsiding,1,0,1
subsidised,0,1,1
subsidized,1,0,1
substance,4,1,5
substances,0,1,1
substitute,4,1,5
substitutes,0,1,1
subtiles,0,1,1
subtitle,0,1,1
subtitles,0,2,2
subtle,1,2,3
subtly,0,1,1
subtract,0,1,1
suburb,1,0,1
suburbia,1,1,2
suburbs,0,1,1
subwaaaay,0,1,1
subway,10,8,18
subways,2,0,2
subzero,0,1,1
sucat,1,0,1
succ,0,1,1
succcccccks,1,0,1
succcckssssss,0,1,1
succeed,4,2,6
succeeded,2,0,2
succes,3,1,4
success,25,20,45
successful,14,12,26
successfull,1,0,1
successfully,2,3,5
successfuly,1,0,1
succinctly,1,0,1
succkk,1,0,1
succumb,1,1,2
succumbing,0,1,1
sucess,0,2,2
sucessful,2,0,2
sucessfull,0,1,1
such,227,290,517
sucha,4,1,5
suck,114,137,251
sucka,1,2,3
suckas,0,1,1
suckcces,1,0,1
suckd,1,0,1
suckdavidelliott,1,0,1
sucked,22,24,46
suckedd,1,0,1
sucker,4,6,10
suckerrrrrrr,0,1,1
suckers,4,1,5
sucketh,1,0,1
suckin,0,1,1
suckiness,1,1,2
sucking,5,4,9
suckish,0,1,1
suckit,2,0,2
suckity,0,1,1
suckk,1,1,2
suckkkkkkkkkkkkk,0,1,1
suckkksss,0,1,1
suckmyhypotheticalballs,2,0,2
sucks,317,424,741
sucksm,0,1,1
suckss,2,2,4
sucksss,1,2,3
suckssss,1,2,3
sucksssssss,1,0,1
sucky,7,8,15
suculent,1,0,1
sucuri,0,1,1
sud,0,1,1
suda,1,0,1
sudafed,0,1,1
sudah,1,1,2
sudden,5,5,10
suddenly,21,8,29
sudeep,1,0,1
sudetenland,1,0,1
sudoku,0,1,1
sue,9,7,16
suecosby,1,0,1
suerte,0,1,1
suerteeeeeeeee,1,0,1
sues,2,0,2
suet,0,1,1
suey,1,0,1
suffer,10,14,24
suffered,2,2,4
suffering,8,15,23
suffers,1,2,3
suffice,1,2,3
sufficiency,0,1,1
sufficient,1,1,2
suffocate,1,0,1
suffocating,0,2,2
suffolk,1,0,1
suficiente,1,0,1
sufjan,1,2,3
sug,0,1,1
suga,1,5,6
sugababes,1,0,1
sugakane,1,0,1
sugar,15,25,40
sugardaddy,1,0,1
sugarland,0,1,1
sugarray,1,0,1
sugars,1,2,3
suger,0,1,1
sugestie,0,1,1
sugestion,1,0,1
suggest,10,23,33
suggested,5,8,13
suggesting,2,6,8
suggestion,19,18,37
suggestions,11,14,25
suggests,2,3,5
sugoi,0,1,1
suh,2,1,3
suhreal,0,1,1
suhushdus,0,1,1
sui,0,1,1
suicidal,2,1,3
suicide,5,5,10
suicides,0,2,2
suicidle,1,0,1
suidoo,1,0,1
suis,1,2,3
suit,17,11,28
suitable,3,7,10
suitably,1,1,2
suitcase,7,2,9
suitcases,0,1,1
suite,4,6,10
suited,1,1,2
suites,1,0,1
suitible,1,0,1
suiting,0,1,1
suits,8,6,14
suivez,1,0,1
suka,0,1,1
suki,2,0,2
sukk,1,0,1
suks,1,1,2
sul,1,0,1
sulekha,0,1,1
sulfides,0,1,1
sulit,1,0,1
sulk,0,2,2
sulked,0,1,1
sulkin,1,0,1
sulking,1,2,3
sulks,1,0,1
sullivan,1,0,1
sully,3,0,3
sum,36,44,80
sumabay,0,1,1
sumakay,1,0,1
sumasabay,0,1,1
sumat,2,0,2
sumbody,2,0,2
sumfink,1,0,1
sumir,0,1,1
summ,1,0,1
summa,3,2,5
summaa,1,0,1
summaries,1,0,1
summarise,0,1,1
summarize,0,1,1
summary,2,3,5
summat,0,2,2
summed,0,1,1
summer,247,248,495
summercymru,1,0,1
summerfeeling,2,0,2
summerfest,1,2,3
summerr,0,2,2
summerrrr,1,1,2
summerrrrrrr,0,1,1
summerrs,1,0,1
summers,4,6,10
summerschool,2,0,2
summerside,0,1,1
summersoul,0,1,1
summerspoon,0,1,1
summertime,7,2,9
summerville,0,1,1
summery,2,1,3
summing,1,0,1
summit,17,4,21
summitsaturday,1,0,1
summmerrrrrr,0,1,1
summmers,1,0,1
summmm,1,0,1
summmmeerrrr,1,0,1
summmmmmer,0,1,1
summoned,0,1,1
summonees,1,0,1
sumn,3,0,3
sumo,3,0,3
sumone,2,0,2
sumptuous,2,0,2
sums,1,1,2
sumshin,1,0,1
sumthin,5,5,10
sumthing,1,3,4
sumthn,1,0,1
sumthng,0,1,1
sumtime,2,0,2
sumtimes,1,2,3
sumtn,0,1,1
sumtym,1,0,1
sumwear,1,0,1
sumwer,2,0,2
sumwhat,0,1,1
sumwhur,1,0,1
sun,161,169,330
sunbathe,0,1,1
sunbathin,2,0,2
sunbathing,3,2,5
sunbeam,1,0,1
sunbeams,1,2,3
sunblock,0,3,3
sunburn,11,11,22
sunburned,10,1,11
sunburns,1,1,2
sunburnt,5,4,9
sunchips,2,0,2
suncream,2,1,3
sundaaaay,1,0,1
sundae,3,1,4
sunday,144,201,345
sundayblues,0,1,1
sundays,11,5,16
sundayy,0,1,1
sundayyy,0,1,1
sundeck,1,0,1
sunderland,0,2,2
sundin,0,1,1
sundown,0,1,1
sundrenched,0,1,1
sundress,1,1,2
sunfest,1,0,1
sunflowers,1,2,3
sung,3,3,6
sungai,0,1,1
sungirl,0,1,1
sunglasses,11,6,17
sunhat,0,1,1
sunhillow,0,1,1
sunk,3,1,4
sunlight,2,0,2
sunlounger,0,1,1
sunn,1,0,1
sunnies,1,0,1
sunning,2,0,2
sunnnn,0,1,1
sunnnnshine,1,0,1
sunnny,1,0,1
sunny,67,83,150
sunnyside,1,0,1
sunnyvale,0,1,1
sunrise,9,4,13
sunrises,1,0,1
sunroof,1,1,2
suns,4,5,9
sunscreen,4,8,12
sunset,6,5,11
sunsets,1,1,2
sunshine,50,56,106
sunshineeeeee,1,0,1
sunshiney,0,1,1
sunshiny,1,2,3
sunsilk,1,0,1
sunsine,0,1,1
sunsplash,1,0,1
sunsunsun,1,0,1
sunt,0,2,2
sunway,1,0,1
suomessa,1,0,1
sup,8,9,17
supa,1,0,1
supafly,0,1,1
supah,1,0,1
supanova,1,1,2
supascroll,0,1,1
super,119,176,295
superasian,1,0,1
superb,0,8,8
superbad,1,1,2
superblond,0,1,1
superbly,1,0,1
superbru,1,0,1
supercalifragilisticexpialidocious,1,0,1
supercats,1,0,1
supercool,0,1,1
supercosmical,0,1,1
supercreative,0,1,1
superdre,1,0,1
superdrive,0,1,1
superduper,1,0,1
superficial,1,0,1
superfresh,1,0,1
superfriend,0,1,1
supergirl,1,0,1
superhappy,1,0,1
superhero,2,1,3
superheroes,1,0,1
superheros,0,1,1
superior,1,2,3
superjam,0,1,1
superman,4,2,6
supermario,1,0,1
supermarket,1,3,4
supermarkets,1,0,1
supermassive,3,0,3
supermodels,0,1,1
supernatual,0,1,1
supernatural,12,8,20
supernova,1,0,1
superpainful,0,1,1
superpersuasive,0,1,1
superpoke,0,1,1
superpower,0,1,1
superr,1,0,1
superrr,1,0,1
superrrr,0,1,1
supersize,0,1,1
supersquishies,1,0,1
superstar,3,3,6
superstars,0,1,1
superstore,0,1,1
superstrclo,1,0,1
supersunday,0,1,1
supertastebuds,1,0,1
supertramp,1,0,1
supervet,0,1,1
supervision,1,1,2
superwoman,2,1,3
suplused,0,1,1
suport,0,1,1
supose,0,1,1
suposed,1,0,1
supossed,2,0,2
supp,2,1,3
suppa,0,1,1
supper,4,3,7
supperman,1,0,1
supperrr,0,1,1
suppers,1,0,1
supplement,3,0,3
supplied,1,2,3
supplier,1,1,2
suppliers,2,0,2
supplies,2,5,7
supply,1,4,5
support,71,101,172
supported,6,4,10
supporter,1,5,6
supporters,2,1,3
supportin,2,0,2
supporting,7,7,14
supportive,4,3,7
supportnya,0,1,1
supports,4,0,4
suppose,41,53,94
supposed,99,120,219
supposedly,2,5,7
supposedto,0,1,1
suppositories,0,1,1
supppeerr,1,0,1
supppp,0,1,1
suppppppppp,1,1,2
suppressing,0,1,1
supprisingly,1,0,1
supreme,1,0,1
supremely,3,0,3
suprise,6,5,11
suprised,3,1,4
suprises,2,2,4
suprising,2,0,2
suprisingly,2,0,2
supt,0,1,1
sur,0,1,1
surabaya,0,2,2
sure,443,870,1313
suree,0,4,4
sureee,1,0,1
sureeee,1,1,2
surely,14,17,31
suresh,0,1,1
surest,1,0,1
surf,3,8,11
surface,3,2,5
surfaced,0,1,1
surfaces,1,0,1
surfacing,0,1,1
surfboard,0,2,2
surfer,2,1,3
surfers,1,0,1
surfin,1,1,2
surfing,5,6,11
surg,1,0,1
surgary,1,0,1
surge,2,0,2
surgeon,1,1,2
surgeries,1,1,2
surgery,18,24,42
surgury,0,1,1
surip,1,0,1
surly,1,0,1
surname,2,0,2
surpassed,0,2,2
surplus,2,0,2
surpreender,1,0,1
surpressed,1,0,1
surprise,15,35,50
surprised,17,36,53
surprises,3,4,7
surprising,3,7,10
surprisingly,3,6,9
surr,1,0,1
surre,1,0,1
surreal,0,4,4
surrender,0,1,1
surrey,0,1,1
surrogates,1,0,1
surround,0,3,3
surrounded,7,5,12
surrounding,0,3,3
surroundings,2,0,2
surrrious,1,0,1
surrrrrously,0,1,1
survey,1,2,3
surveyed,1,0,1
surveys,1,0,1
surviive,1,0,1
survival,2,3,5
survive,15,21,36
survived,6,9,15
survives,1,1,2
surviving,0,5,5
survivor,3,2,5
survivors,8,5,13
sury,1,0,1
sus,0,1,1
susaa,0,1,1
susaaah,0,1,1
susah,0,1,1
susan,22,24,46
susanna,0,1,1
susans,1,0,1
suscribe,0,1,1
suscription,0,1,1
suse,1,1,2
sushi,37,28,65
sushifriday,1,0,1
sushigroove,1,0,1
sushitu,0,1,1
susi,0,1,1
susiclub,0,1,1
susie,0,1,1
susp,0,1,1
suspect,10,17,27
suspected,2,2,4
suspects,0,1,1
suspend,0,1,1
suspended,8,7,15
suspenders,0,1,1
suspending,1,0,1
suspense,3,3,6
suspension,0,1,1
suspicion,0,1,1
suspicions,0,1,1
suspicious,1,1,2
suss,2,0,2
sussex,0,2,2
sustained,0,3,3
susteren,1,0,1
sustitute,0,1,1
sut,0,1,1
sutanas,0,1,1
sutherland,1,0,1
sutn,1,0,1
sutra,2,0,2
suttle,1,0,1
sutton,0,1,1
suure,2,0,2
suuucks,1,0,1
suuuper,1,1,2
suuure,1,2,3
suuuuch,1,0,1
suuuucks,0,1,1
suuuuper,1,0,1
suuuusshhhhiiii,1,0,1
suuuuucks,0,1,1
suuuuure,1,0,1
suuuuuucks,0,1,1
suuuuuuuuuuubwaaaaay,0,1,1
suuuxxx,1,0,1
suv,2,2,4
sux,18,31,49
suxs,1,1,2
suxx,0,1,1
suxxor,0,1,1
suz,0,1,1
suzanne,1,3,4
suze,2,0,2
suzeormanshow,1,0,1
suzi,0,1,1
suzie,4,0,4
suzuki,1,0,1
suzumiya,1,0,1
suzzzz,1,0,1
sv,2,1,3
svc,0,1,1
sveikinu,0,1,1
svelt,1,0,1
sveta,0,1,1
svg,2,0,2
svn,3,0,3
svpt,0,1,1
svr,1,0,1
svu,4,4,8
sw,6,4,10
swa,1,0,1
swac,0,1,1
swaddle,1,0,1
swag,0,5,5
swagd,1,0,1
swagg,1,2,3
swaggg,2,0,2
swagggflu,1,0,1
swallen,0,1,1
swallerin,0,1,1
swalllowing,1,0,1
swallo,1,0,1
swallow,5,3,8
swallowed,1,1,2
swallowing,0,1,1
swaluws,0,1,1
swam,0,2,2
swamp,0,1,1
swamped,3,4,7
swan,2,5,7
swanage,0,1,1
swancon,1,0,1
swanky,1,0,1
swann,1,2,3
swannies,1,0,1
swans,1,0,1
swap,3,19,22
swapped,2,2,4
swapping,0,2,2
sware,1,1,2
swarga,1,0,1
swarley,0,1,1
swarm,0,2,2
swarming,0,1,1
swarovski,0,1,1
swartz,1,0,1
swastikas,1,0,1
swat,1,0,1
sway,14,15,29
sways,0,1,1
swaysway,0,2,2
swayswaybaby,2,0,2
swaywithme,1,0,1
swayyy,0,1,1
swayze,1,0,1
swc,0,2,2
swear,22,38,60
swearbots,0,1,1
swearing,4,5,9
swears,1,0,1
sweat,9,8,17
sweater,4,3,7
sweaters,2,0,2
sweatfest,1,0,1
sweatiest,0,1,1
sweating,1,2,3
sweatpants,3,2,5
sweats,0,2,2
sweatshirt,2,0,2
sweatshop,0,2,2
sweaty,7,9,16
sweden,5,20,25
swedes,2,2,4
swedish,4,4,8
sweeeeden,0,1,1
sweeeeeeeet,1,0,1
sweeeeeeet,1,0,1
sweeeeeet,0,1,1
sweeeeet,2,1,3
sweeeell,0,1,1
sweeeet,1,3,4
sweeet,1,5,6
sweeetdreams,1,0,1
sweeettt,0,1,1
sweem,0,1,1
sween,0,1,1
sweep,2,5,7
sweeping,1,0,1
sweepstake,1,0,1
sweepstakes,1,0,1
sweet,203,292,495
sweetdreams,1,2,3
sweetens,1,0,1
sweeter,4,1,5
sweetest,6,9,15
sweetgirl,1,0,1
sweetheart,21,24,45
sweethearts,1,1,2
sweetie,44,77,121
sweeties,1,2,3
sweetjamielee,0,1,1
sweetly,0,1,1
sweetness,2,4,6
sweetnyt,1,0,1
sweetpea,0,2,2
sweetpenn,1,0,1
sweets,13,15,28
sweetsucker,0,1,1
sweett,1,1,2
sweettoothkickingin,0,1,1
sweetums,0,1,1
sweety,3,13,16
sweetz,0,1,1
swell,3,7,10
swelling,0,4,4
swells,0,1,1
sweltering,1,0,1
swensens,1,0,1
swept,3,0,3
swerte,0,1,1
swerve,2,0,2
swerves,1,0,1
swettie,0,1,1
swf,0,1,1
swfdec,0,1,1
swiffer,0,1,1
swift,23,5,28
swig,1,0,1
swilling,1,0,1
swim,15,20,35
swimcast,1,0,1
swiming,1,0,1
swimmer,1,2,3
swimmers,2,0,2
swimmin,0,2,2
swimming,21,21,42
swimmingly,0,1,1
swims,1,0,1
swimsuit,2,4,6
swimwear,0,1,1
swindle,0,1,1
swindon,2,1,3
swine,24,24,48
swineflu,6,0,6
swiney,1,0,1
swing,4,14,18
swinger,1,0,1
swingers,2,0,2
swinging,2,2,4
swings,0,1,1
swipe,1,0,1
swiping,0,1,1
swirl,1,0,1
swirls,0,1,1
swish,1,0,1
swisher,0,1,1
swiss,2,3,5
switch,19,31,50
switcharoo,1,0,1
switched,4,13,17
switcher,1,0,1
switches,1,2,3
switching,5,4,9
switzerland,1,3,4
swo,0,1,1
swollen,14,10,24
swoo,0,1,1
swoon,5,1,6
swooning,0,1,1
swoons,1,0,1
swooon,0,1,1
swooooon,0,1,1
swoop,0,1,1
swooped,0,1,1
swoosh,1,0,1
swoozie,1,0,1
sword,1,0,1
swords,2,2,4
swore,3,3,6
sworn,1,2,3
swrsc,1,0,1
swt,0,1,1
swtichoff,1,0,1
swtor,0,1,1
swty,0,1,1
swung,0,1,1
swv,1,0,1
sww,1,0,1
sx,0,1,1
sxc,0,1,1
syang,1,0,1
syas,1,0,1
sybear,0,1,1
sybil,2,0,2
sych,1,0,1
sycho,0,1,1
syd,2,0,2
sydney,27,22,49
sydneyyyy,1,0,1
syg,1,1,2
sygg,1,0,1
sygh,1,0,1
sykes,2,0,2
sykkline,1,0,1
sylar,1,1,2
sylb,1,0,1
syllable,2,0,2
syllables,1,0,1
syllabus,1,1,2
sylvie,1,0,1
sym,0,1,1
syma,1,0,1
symbian,1,1,2
symbol,2,3,5
symbolic,0,2,2
symbolism,0,2,2
symmo,0,1,1
symp,0,1,1
sympathetic,1,0,1
sympatheties,0,1,1
sympathies,2,4,6
sympathise,0,1,1
sympathize,1,3,4
sympathy,1,13,14
symphonic,0,1,1
symphony,3,0,3
symphonysoldier,1,0,1
symposium,0,1,1
symptom,0,3,3
symptoms,2,6,8
synapses,0,1,1
sync,12,2,14
synced,4,2,6
synchronicity,1,0,1
synchronization,1,0,1
syncing,1,1,2
syncs,2,0,2
syndicate,0,1,1
syndrome,3,6,9
synergies,0,1,1
synology,1,0,1
synopsis,0,4,4
syntax,5,1,6
syntaxeditor,1,0,1
synth,1,3,4
synthetic,0,1,1
synths,1,0,1
syracuse,0,2,2
syrita,1,0,1
syrup,7,7,14
syrupy,0,1,1
sys,2,2,4
system,38,33,71
systemet,0,1,1
systems,5,6,11
sytycd,17,6,23
sytycda,1,0,1
sz,1,3,4
szechuan,0,1,1
szerint,1,0,1
ta,22,22,44
taa,0,1,1
taaaaaadinho,1,0,1
taali,0,1,1
taar,0,1,1
taasiaar,1,0,1
tab,4,9,13
tabanan,1,0,1
tabby,2,3,5
tabea,1,0,1
tabi,1,1,2
tabii,1,0,1
table,16,26,42
tables,3,7,10
tablet,2,1,3
tablets,3,0,3
tabloid,1,2,3
tabloids,1,0,1
taboo,0,2,2
tabor,1,0,1
tabs,2,1,3
tabulous,0,1,1
tac,2,0,2
tack,1,2,3
tacking,0,1,1
tackle,3,1,4
tackled,1,1,2
tackling,0,2,2
tackroom,0,1,1
tacky,0,5,5
taco,7,12,19
tacobell,0,1,1
tacoma,1,1,2
tacos,9,9,18
tacoville,1,0,1
tactics,1,0,1
tactile,0,2,2
tactive,0,1,1
tad,12,12,24
tadi,0,1,1
tadinho,1,0,1
tae,1,1,2
taekwondo,1,0,1
taemin,0,1,1
taeyang,1,0,1
tafe,0,3,3
taft,0,1,1
taftas,1,0,1
tag,12,26,38
tagal,1,1,2
tagalog,0,1,1
tagaytay,0,2,2
tagged,4,1,5
tagging,6,2,8
tagine,1,0,1
tagle,0,2,2
tagliatelle,1,0,1
tagline,1,1,2
tags,2,2,4
tah,1,1,2
tahan,0,1,1
tahir,1,0,1
tahiti,1,0,1
tahlia,1,0,1
tahmoh,0,1,1
tahoe,0,2,2
tahun,0,1,1
tahune,0,1,1
tai,3,7,10
taichidreams,1,0,1
taico,1,0,1
taiko,0,1,1
tail,5,6,11
tailgate,1,0,1
tailored,0,1,1
tails,3,1,4
tainted,1,2,3
taipei,1,1,2
taired,0,1,1
taiusshtniane,1,0,1
taiwan,1,6,7
taj,1,0,1
tajon,1,0,1
tajur,1,0,1
tak,3,3,6
take,511,665,1176
takeaway,1,0,1
takecare,0,1,1
takecntrl,1,0,1
takeeee,1,0,1
taken,54,65,119
takeoff,0,1,1
takeout,0,2,2
taker,0,1,1
takers,0,1,1
takes,47,65,112
takeuchi,1,0,1
takin,7,8,15
taking,102,139,241
takingdonation,1,0,1
takitos,0,2,2
takk,0,2,2
takn,1,0,1
taknin,1,0,1
takot,1,1,2
takov,1,0,1
takt,1,0,1
tal,0,2,2
talaga,1,7,8
talamasca,1,0,1
talan,0,1,1
talbot,0,1,1
talby,0,1,1
tale,5,1,6
taleneted,0,1,1
talent,28,15,43
talented,22,34,56
talentless,1,0,1
talents,4,6,10
tales,4,1,5
talesfrmsurbs,1,0,1
taley,1,0,1
talga,0,1,1
talgujuhtide,1,0,1
taliban,1,0,1
taliwang,1,0,1
talk,262,334,596
talkabout,0,1,1
talkative,0,2,2
talked,41,46,87
talker,1,0,1
talkies,0,2,2
talkin,21,18,39
talking,121,205,326
talkn,2,1,3
talks,10,4,14
talksoon,1,0,1
tall,9,7,16
tallah,1,0,1
tallahassee,1,1,2
tallent,1,0,1
taller,2,4,6
talong,2,0,2
talvez,1,0,1
tam,0,1,1
tama,1,0,1
tamaki,4,0,4
tamales,1,2,3
tamara,0,1,1
tamb,0,1,1
tambak,1,0,1
tambien,0,1,1
tambourine,1,0,1
tambuli,0,1,1
tamburrini,0,1,1
tame,2,0,2
tamera,0,1,1
tamia,1,0,1
tamiflu,2,1,3
tamiko,0,1,1
tamila,0,1,1
tamils,0,2,2
tammy,0,4,4
tampa,12,5,17
tampons,0,1,1
tams,1,1,2
tamyra,1,0,1
tan,24,28,52
tandem,0,1,1
tang,2,1,3
tanga,0,1,1
tangan,0,1,1
tangent,0,1,1
tangerine,0,1,1
tangfastics,0,1,1
tangible,1,0,1
tangielou,1,0,1
tangled,1,2,3
tango,4,8,12
tangoed,1,0,1
tangogps,0,1,1
tangy,1,0,1
tania,0,1,1
taniaaaaaaa,0,1,1
tanit,0,1,1
taniyah,1,0,1
tanjong,0,1,1
tank,8,6,14
tanked,0,1,1
tanks,4,8,12
tanline,1,0,1
tanlined,1,0,1
tann,0,1,1
tanned,2,0,2
tanner,1,3,4
tannice,0,1,1
tannin,0,1,1
tanning,6,7,13
tannins,0,1,1
tanong,0,1,1
tanpinpuk,1,0,1
tanqueray,1,0,1
tans,0,1,1
tanslate,0,1,1
tanstaafl,0,1,1
tantas,1,0,1
tantrum,1,2,3
tantrums,1,0,1
tanty,1,0,1
tanx,1,0,1
tanya,3,2,5
tanz,1,0,1
tao,1,1,2
taoist,0,1,1
taos,2,0,2
tap,13,10,23
tapas,0,1,1
tapatio,0,1,1
tape,16,10,26
taped,3,1,4
taper,1,0,1
taperna,0,1,1
tapes,2,1,3
tapex,1,0,1
tapi,2,3,5
taping,1,2,3
tapioca,1,0,1
tapos,0,2,2
tapp,0,1,1
tapped,0,2,2
tappering,1,0,1
tapping,0,1,1
taps,0,1,1
taquito,0,1,1
tar,1,3,4
tara,3,3,6
taram,1,0,1
tarantulas,1,0,1
tard,2,2,4
tarde,2,2,4
tardis,1,0,1
taree,0,1,1
target,11,16,27
targeted,1,0,1
targets,0,3,3
targus,0,1,1
tarheel,0,1,1
tarik,0,1,1
tarleton,1,0,1
tarmac,0,1,1
taro,1,1,2
tarot,3,0,3
tarotwise,1,0,1
tarpar,1,0,1
tarpon,1,0,1
tarra,1,0,1
tarryn,1,0,1
tart,1,3,4
tartan,1,0,1
tarts,1,3,4
tartshapedbox,0,1,1
tarumorales,0,1,1
tarzan,1,0,1
tas,0,3,3
tash,3,0,3
tasha,1,2,3
tashas,1,0,1
task,5,7,12
taskbar,1,0,1
tasked,0,1,1
tasker,0,1,1
tasking,0,8,8
tasks,7,6,13
tasmania,0,1,1
tassie,2,0,2
tast,1,0,1
tastatur,1,0,1
taste,36,61,97
tasted,2,7,9
tasteful,1,0,1
tasteless,0,1,1
tastes,15,11,26
tastic,1,1,2
tastier,0,1,1
tasting,2,6,8
tastings,1,0,1
tasty,10,14,24
tat,8,10,18
tata,1,1,2
tatd,1,0,1
tate,1,1,2
tater,0,1,1
taters,2,0,2
tates,0,1,1
tato,2,0,2
tatoos,0,1,1
tators,0,1,1
tatort,1,0,1
tats,5,0,5
tatt,2,0,2
tatted,2,1,3
tattletale,0,1,1
tattoes,1,0,1
tattoo,13,18,31
tattooed,3,2,5
tattooing,0,1,1
tattoos,3,4,7
tatts,0,2,2
tau,2,1,3
taught,8,15,23
taum,0,1,1
taunt,0,1,1
taunting,0,1,1
taunton,1,1,2
taunya,1,0,1
taurendruidsadface,0,1,1
taurus,2,4,6
taut,1,0,1
tautology,1,0,1
tav,1,0,1
tave,1,0,1
tavener,1,0,1
tavenu,1,0,1
tavern,1,0,1
tavie,0,3,3
taviem,1,0,1
tawne,0,1,1
tawny,1,0,1
tax,17,15,32
taxd,1,0,1
taxdisc,1,0,1
taxed,0,3,3
taxes,6,5,11
taxi,3,8,11
taxidermist,1,0,1
taxing,1,0,1
taxman,1,0,1
taxpaying,0,1,1
tay,1,8,9
tayg,1,0,1
taylena,0,1,1
taylie,0,1,1
taylor,47,24,71
taylorlautner,1,0,1
taylorrhicks,1,0,1
taylorrmarshall,1,0,1
taylors,1,1,2
taylorswift,1,0,1
tayne,0,1,1
tayo,2,2,4
tayong,1,1,2
tayyib,1,0,1
taz,1,0,1
tazer,1,0,1
tazzu,0,1,1
tb,8,3,11
tball,0,1,1
tbbt,0,1,1
tbe,1,0,1
tbf,2,0,2
tbff,0,3,3
tbg,0,1,1
tbh,7,16,23
tbia,0,1,1
tbird,0,1,1
tbitten,0,1,1
tbone,1,0,1
tbqh,1,0,1
tbs,6,1,7
tbsn,0,1,1
tbt,0,1,1
tc,7,8,15
tcbl,0,1,1
tce,1,0,1
tch,3,1,4
tchau,0,2,2
tches,1,0,1
tchin,0,2,2
tchr,2,0,2
tcm,1,1,2
tcot,8,7,15
td,5,4,9
tda,1,0,1
tday,4,0,4
tdc,1,0,1
tdf,0,3,3
tdg,1,0,1
tdort,1,0,1
tdot,0,2,2
tdr,0,1,1
tdy,2,2,4
te,19,16,35
tea,66,88,154
teach,29,22,51
teacher,31,29,60
teachers,7,6,13
teaches,2,2,4
teachin,0,1,1
teaching,11,14,25
teachn,0,1,1
teachs,2,0,2
teacup,0,3,3
teal,1,0,1
team,73,102,175
teamageddon,1,0,1
teamblg,1,0,1
teambritney,1,0,1
teaming,0,1,1
teammember,0,1,1
teams,4,8,12
teamwork,1,4,5
teapix,1,0,1
tear,31,31,62
teardrops,3,1,4
tearful,0,1,1
tearin,1,0,1
tearing,4,2,6
tearooms,1,0,1
tears,36,24,60
tearx,1,0,1
teary,5,6,11
tearz,1,0,1
teas,1,5,6
tease,10,14,24
teased,1,0,1
teasee,1,0,1
teaser,5,1,6
teases,0,1,1
teashop,0,1,1
teasin,4,0,4
teasing,2,15,17
teaspoon,0,1,1
teaspoons,1,0,1
teat,0,1,1
tebe,1,1,2
tebel,0,1,1
tech,17,27,44
techacad,1,0,1
techcrunch,0,1,1
techdays,1,0,1
teched,0,2,2
techhelp,0,1,1
techie,2,2,4
techies,0,2,2
technet,1,0,1
technical,4,8,12
technicalities,0,1,1
technically,6,11,17
technician,0,1,1
technight,2,0,2
technique,0,5,5
techniques,1,3,4
techno,6,7,13
technologic,1,0,1
technological,3,0,3
technologically,1,0,1
technologies,1,0,1
technology,9,14,23
technologyfail,1,0,1
technophilia,0,1,1
technotronic,1,0,1
technu,1,0,1
techs,0,3,3
techstars,1,0,1
techy,1,0,1
teck,1,0,1
teckinika,1,0,1
tecky,0,1,1
tecnology,0,1,1
ted,8,4,12
teda,1,0,1
teddy,6,10,16
teddys,1,0,1
tedglobal,1,0,1
tedgloobal,1,0,1
tedindia,1,0,1
tedious,2,4,6
teds,0,1,1
tedxsh,0,2,2
tedxtaipei,1,0,1
tee,14,13,27
teee,1,0,1
teeeexxt,1,0,1
teehee,6,8,14
teehehehe,1,0,1
teehheee,1,0,1
teemu,1,0,1
teen,8,11,19
teena,1,0,1
teenaer,0,1,1
teenage,5,4,9
teenager,2,3,5
teenagers,4,2,6
teencamp,1,0,1
teenie,0,1,1
teens,3,4,7
teeny,1,2,3
tees,3,2,5
teeter,1,0,1
teeth,27,35,62
teethed,0,1,1
teething,4,0,4
teets,1,0,1
teevo,1,0,1
teezy,0,1,1
tegan,1,2,3
tegel,0,2,2
tegus,1,0,1
teh,13,15,28
tehbored,1,0,1
tehe,4,5,9
tehehe,1,0,1
tehehehe,0,1,1
teheran,1,0,1
tehila,1,0,1
tehilim,1,0,1
tehn,0,1,1
tehran,9,2,11
tei,1,0,1
tejas,0,2,2
tek,3,0,3
tekan,1,0,1
teke,1,0,1
tel,0,3,3
telara,0,1,1
telco,0,1,1
tele,0,2,2
telecom,0,1,1
telecoms,1,0,1
teleconf,0,1,1
telegraph,1,1,2
telemarketer,1,0,1
telemundo,0,1,1
telenovelas,1,0,1
telepathy,0,1,1
telephone,3,1,4
teleporation,1,0,1
teleport,2,1,3
teleportation,2,1,3
teleporter,0,1,1
teleporting,1,2,3
teleprompter,0,2,2
teler,0,1,1
telerik,0,1,1
telescope,1,2,3
telescopes,1,0,1
teleseminars,0,1,1
televised,1,1,2
television,4,5,9
televoting,1,0,1
telford,0,2,2
tell,369,566,935
tellemwhyyoumadson,1,0,1
teller,2,0,2
tellim,0,1,1
tellin,3,1,4
telling,47,60,107
tellll,0,1,1
telllll,0,2,2
tellmrtweet,4,0,4
tello,0,1,1
tells,10,21,31
telly,6,8,14
tellz,0,1,1
telnet,1,0,1
telstra,3,4,7
telstraclear,0,1,1
tem,1,2,3
tema,0,1,1
temecula,4,0,4
temp,7,7,14
tempe,0,1,1
temped,0,1,1
tempeh,0,1,1
temper,2,0,2
temperature,2,5,7
temperatures,1,0,1
tempermental,2,0,2
temperpedic,1,0,1
tempest,1,0,1
tempeted,0,1,1
temping,1,0,1
template,2,4,6
templates,2,0,2
temple,5,4,9
temples,0,1,1
temporariamente,1,0,1
temporarily,8,6,14
temporary,4,5,9
tempranillo,0,1,1
temps,0,1,1
tempt,3,1,4
temptation,2,9,11
tempted,9,16,25
tempting,6,14,20
temptress,0,1,1
tempura,2,0,2
tempurpedic,0,1,1
ten,23,16,39
tenacious,1,0,1
tend,13,18,31
tended,0,1,1
tendency,0,2,2
tender,3,4,7
tending,0,2,2
tendon,1,2,3
tendonosis,1,0,1
tendre,0,1,1
tends,2,2,4
teneriffe,1,0,1
tengah,1,0,1
tengo,0,2,2
tenho,2,1,3
tenis,1,1,2
tenk,1,0,1
tenkyupordadisprabidenssteeker,0,1,1
tenn,0,1,1
tennant,1,2,3
tennessee,0,3,3
tennesseeeeeee,1,0,1
tennis,16,15,31
tenny,0,1,1
tens,0,1,1
tense,2,0,2
tenser,0,1,1
tension,6,0,6
tensuppe,0,1,1
tent,5,10,15
tentative,0,1,1
tented,0,1,1
tenth,1,2,3
tenticle,0,1,1
tents,0,3,3
tenuous,1,0,1
teonn,0,1,1
teoria,0,1,1
tepes,1,0,1
teplying,1,0,1
tequila,6,7,13
tequilas,0,1,1
tequilla,1,0,1
ter,0,5,5
terabyte,1,0,1
terakhir,0,1,1
terbakar,1,0,1
terential,0,1,1
teresa,1,1,2
teri,0,2,2
teriyaki,1,1,2
terlalu,0,1,1
term,17,18,35
termbreak,0,1,1
termed,1,0,1
terminal,5,0,5
terminartor,0,1,1
terminator,18,10,28
terminators,1,0,1
terminatorsalvation,1,0,1
terminology,0,2,2
termnator,0,1,1
terms,10,16,26
terokar,1,0,1
terra,0,2,2
terrace,1,3,4
terracotta,1,0,1
terrasar,1,0,1
terrefied,0,1,1
terrence,1,0,1
terrestrial,0,1,1
terri,2,0,2
terrible,52,56,108
terribly,8,9,17
terrier,1,8,9
terriers,0,1,1
terrific,4,4,8
terrifically,1,0,1
terrified,3,5,8
terrify,0,1,1
terrifying,2,5,7
terrilll,0,1,1
territory,1,3,4
terror,2,2,4
terrorism,3,0,3
terrorist,4,1,5
terrorvision,1,0,1
terry,3,3,6
terschelling,1,0,1
tersyg,1,0,1
tes,1,0,1
tesa,0,1,1
tesco,7,4,11
tesla,1,1,2
tessa,0,2,2
tessie,1,1,2
test,66,58,124
testament,0,1,1
testdrive,1,0,1
tested,5,4,9
tester,3,1,4
testers,0,1,1
testicle,1,0,1
testimonial,1,0,1
testin,0,1,1
testing,21,18,39
testingaspnet,0,1,1
testingcheatsenabled,1,0,1
testings,1,0,1
testosterone,0,1,1
tests,14,15,29
testtmw,1,0,1
tetanus,1,0,1
tether,0,1,1
tethered,1,0,1
tethering,2,6,8
tetleys,0,1,1
tetris,9,4,13
tetteh,0,1,1
teuk,1,0,1
teurer,0,1,1
teva,0,1,1
tew,2,0,2
tex,1,2,3
texan,3,0,3
texans,1,1,2
texas,17,29,46
texd,1,0,1
texed,0,1,1
texenza,0,1,1
text,105,120,225
textbook,1,1,2
textbroker,1,0,1
texted,12,17,29
texteditor,0,1,1
texter,1,1,2
textin,0,1,1
texting,17,18,35
textmate,1,0,1
texts,23,16,39
texttting,1,0,1
textttt,1,0,1
texttttt,0,1,1
texture,1,1,2
texty,1,1,2
tey,1,1,2
teyana,1,0,1
tez,0,1,1
teze,0,1,1
tf,3,3,6
tfa,1,1,2
tface,0,1,1
tfarp,1,0,1
tfe,2,0,2
tff,0,2,2
tft,0,2,2
tg,0,2,2
tgc,1,0,1
tge,1,1,2
tgese,1,0,1
tgi,1,0,1
tgif,14,5,19
tgk,0,2,2
tgl,0,1,1
tgo,0,1,1
tgrichardson,1,0,1
tgt,1,2,3
tgu,0,1,1
th,259,269,528
tha,45,22,67
thaa,1,2,3
thaaa,1,0,1
thaaaaaaaat,0,1,1
thaaaaaat,0,1,1
thaaaaanks,1,0,1
thaaaanks,1,1,2
thaaanks,1,1,2
thaaanx,0,1,1
thaaat,1,1,2
thaank,0,1,1
thaanks,1,1,2
thaankyouu,0,1,1
thaanx,0,1,1
thaat,0,1,1
thab,0,1,1
thabk,0,2,2
thackeray,1,0,1
thai,14,21,35
thailand,5,6,11
thaimaeup,1,0,1
thaipbs,1,0,1
thair,1,0,1
thaks,0,2,2
thakur,1,0,1
thala,1,0,1
thalaiva,1,0,1
thalia,2,0,2
thalits,1,0,1
tham,1,0,1
thamai,0,1,1
thames,2,0,2
than,432,524,956
thanet,1,0,1
thang,6,4,10
thangs,0,1,1
thank,597,1038,1635
thankd,1,0,1
thankee,0,3,3
thankful,9,9,18
thankfully,3,15,18
thankgod,1,0,1
thankgosh,1,0,1
thankies,1,7,8
thankiesss,1,0,1
thankiieees,0,1,1
thankin,1,0,1
thanking,4,3,7
thankkk,1,0,1
thankkkkkkkk,0,1,1
thankkss,0,1,1
thanks,1400,2700,4100
thanksdude,0,1,1
thanksh,1,0,1
thankss,4,6,10
thanksss,0,3,3
thanksssss,1,0,1
thankssssssssss,0,1,1
thanksssssssssss,0,1,1
thanku,4,2,6
thankuu,0,1,1
thankuuu,1,0,1
thankx,1,1,2
thankxx,0,1,1
thanky,0,1,1
thankyou,27,44,71
thankyougod,1,0,1
thankyoup,0,1,1
thankyouu,2,2,4
thankyouuuu,1,1,2
thankyouuuuuu,1,0,1
thankyouuuuuuuuu,1,0,1
thankz,0,2,2
thans,0,1,1
thansk,0,1,1
thanx,40,79,119
thanxies,1,0,1
thanxs,0,1,1
thanxx,0,4,4
thanxxx,1,0,1
thar,1,2,3
thart,1,0,1
thas,6,3,9
thass,0,1,1
thassright,1,0,1
thasss,0,1,1
thast,0,1,1
that,5308,8384,13692
thatcameraguy,2,0,2
thatching,1,0,1
thatd,0,1,1
thatdoen,0,1,1
thati,0,1,1
thatll,1,0,1
thatnks,0,2,2
thats,350,540,890
thatsmooth,0,1,1
thatsss,0,1,1
thatsssss,0,1,1
thatswhatshesaid,1,0,1
thatsz,1,0,1
thatt,2,2,4
thatta,1,0,1
thatters,1,0,1
thattt,1,0,1
thatttt,1,0,1
thatz,1,2,3
thay,1,0,1
thc,0,1,1
thd,0,1,1
the,13330,16682,30012
theadamlambert,1,0,1
theangelwithout,2,0,2
theapprentice,2,0,2
theatan,1,0,1
theater,13,7,20
theaters,2,5,7
theatre,15,12,27
theatres,1,1,2
thebackdoor,1,0,1
thebigbounce,0,1,1
thebnparetwats,1,0,1
thebomb,0,1,1
thebrandicyrus,1,0,1
thebrittanyhale,1,0,1
thecabb,0,1,1
thecoolniverse,0,1,1
thecsperspective,0,1,1
thedzer,1,0,1
thee,15,7,22
theee,1,0,1
theeee,1,1,2
theeem,1,0,1
theeere,0,1,1
theek,1,0,1
theem,1,0,1
theenks,0,1,1
theeok,1,0,1
theerrree,1,0,1
theese,1,0,1
theevilsunshine,1,0,1
theft,2,1,3
thefts,1,0,1
theganjabus,1,0,1
thegathering,1,0,1
thegreenteen,0,2,2
their,257,315,572
theirs,1,6,7
theists,1,0,1
theives,1,0,1
thejlu,1,0,1
thejoshuablog,0,1,1
theke,1,0,1
thelo,1,0,1
thelonious,0,1,1
thelostexperience,0,1,1
thelovelybones,1,0,1
them,828,1221,2049
thematically,0,1,1
thembisa,0,1,1
theme,20,17,37
themed,3,1,4
themeforest,1,0,1
themeroller,1,0,1
themers,1,0,1
themes,4,8,12
themm,2,2,4
themmmm,0,1,1
themmmmmmm,1,0,1
themmmmmmmmmmm,1,0,1
themorningafter,0,1,1
thems,0,1,1
themselves,9,15,24
themseves,0,1,1
themz,0,1,1
then,833,1093,1926
thenagain,1,0,1
thenn,1,0,1
thennn,0,1,1
thennnnnnnnnn,0,1,1
thens,0,1,1
theo,0,2,2
theocracy,1,0,1
theonlinemom,0,1,1
theorapist,0,1,1
theorem,0,1,1
theoretical,1,0,1
theoretically,0,1,1
theories,0,1,1
theorists,2,0,2
theory,10,15,25
thep,0,1,1
theplan,1,0,1
thepool,1,0,1
theprofessionalidiot,1,0,1
thepug,0,1,1
ther,5,6,11
thera,0,1,1
theraflu,1,0,1
therapist,2,2,4
therapy,11,16,27
there,1371,2163,3534
therealjaymills,1,0,1
therealmigo,0,1,1
thereby,0,1,1
theree,1,6,7
thereee,0,3,3
thereeeeeeeeeee,1,0,1
therefor,0,1,1
therefore,9,9,18
theregister,1,0,1
therell,1,0,1
therenis,0,1,1
thereof,0,2,2
theres,41,62,103
theresa,1,0,1
therescue,1,0,1
therfore,0,1,1
thermal,0,1,1
thermodynamic,0,1,1
theroux,0,1,1
therrr,1,0,1
therrre,0,1,1
therun,0,1,1
thes,1,0,1
thesavvyseller,0,1,1
these,220,209,429
theses,0,1,1
thesims,0,1,1
thesis,5,4,9
thesmartecard,1,0,1
thestreetforce,1,0,1
thesucky,1,0,1
thet,0,1,1
thetrent,0,1,1
theu,0,1,1
thevenominside,1,0,1
they,1386,2020,3406
theyd,1,0,1
theyll,2,3,5
theyr,2,1,3
theyre,19,20,39
theyve,3,2,5
theyy,0,1,1
theyyyy,0,1,1
thgeneration,0,1,1
thghts,0,1,1
thgough,0,1,1
thhhhh,0,1,1
thi,3,2,5
thia,0,1,1
thibault,1,0,1
thick,9,6,15
thicke,2,0,2
thicker,1,0,1
thickness,1,1,2
thie,2,0,2
thief,0,2,2
thier,5,4,9
thieves,1,1,2
thig,0,1,1
thigh,0,1,1
thighs,4,3,7
thigns,1,0,1
thigy,1,0,1
thihi,1,0,1
thiink,0,1,1
thiki,1,0,1
thikn,1,0,1
thin,16,13,29
thing,431,634,1065
thingamabobs,1,0,1
thinger,0,1,1
thinggy,2,1,3
thingie,2,3,5
thingies,0,1,1
thingking,0,1,1
thingo,0,1,1
things,355,394,749
thingsihate,2,0,2
thingsilove,2,0,2
thingsmummysaid,9,0,9
thingssss,1,0,1
thingsthathavebadtiming,1,0,1
thingsthathavetowait,0,1,1
thingswotimadeup,1,0,1
thingy,14,19,33
thingys,1,2,3
thingyy,1,0,1
think,1194,1693,2887
thinkdigital,1,0,1
thinkers,0,1,1
thinkgeek,0,1,1
thinkgs,1,0,1
thinkin,17,12,29
thinking,184,229,413
thinkinq,1,0,1
thinkk,1,1,2
thinkpad,1,0,1
thinkpads,0,1,1
thinks,47,41,88
thinktweet,1,0,1
thinkx,1,0,1
thinlk,0,1,1
thinly,1,0,1
thinned,1,0,1
thinner,4,1,5
thinnnk,1,0,1
thins,2,0,2
third,21,26,47
thirst,2,0,2
thirstily,0,1,1
thirsty,5,5,10
thirteen,2,0,2
thirties,1,0,1
thirty,3,1,4
this,2371,2392,4763
thisday,1,0,1
thish,1,0,1
thisisit,1,0,1
thisiswhyyourefat,0,1,1
thiss,1,1,2
thisss,1,1,2
thissss,1,1,2
thisssssss,0,1,1
thistle,0,1,1
thit,1,0,1
thiught,0,1,1
thks,3,6,9
thm,1,1,2
thn,4,5,9
thnak,0,1,1
thnaks,1,1,2
thng,0,1,1
thngs,0,1,1
thnk,4,5,9
thnks,7,11,18
thnkx,2,0,2
thnkz,1,0,1
thnx,21,37,58
thnxx,0,2,2
thnxxx,0,1,1
tho,204,354,558
thoart,1,0,1
thodi,1,0,1
thoe,0,1,1
thoery,0,1,1
thoes,1,0,1
thoguht,1,0,1
thoguth,1,1,2
thoi,1,0,1
thom,1,0,1
thomas,11,8,19
thomasdofficial,1,0,1
thomass,0,1,1
thomassss,0,1,1
thompson,0,2,2
thong,2,2,4
thongs,3,2,5
thongz,2,0,2
thoo,1,2,3
thooo,1,0,1
thoooose,0,1,1
thoose,1,1,2
thoq,1,0,1
thoreau,1,1,2
thorn,1,0,1
thorne,1,0,1
thornesworld,1,0,1
thornridge,0,1,1
thorns,3,0,3
thornton,1,0,1
thorough,1,0,1
thoroughly,7,5,12
thorp,0,1,1
thorpe,1,1,2
thorstensen,0,1,1
thorugh,0,1,1
thos,1,1,2
those,312,487,799
thosedays,1,0,1
thosee,1,0,1
thoses,0,1,1
thot,2,2,4
thou,7,14,21
thoug,0,1,1
though,684,1076,1760
thoughh,0,1,1
thoughhh,2,1,3
thoughhhhhhh,1,0,1
thought,372,531,903
thoughtful,1,4,5
thoughts,42,49,91
thousand,12,5,17
thousands,5,6,11
thousends,0,1,1
thout,0,1,1
thr,2,3,5
thrashed,1,1,2
thrashing,1,0,1
thre,0,1,1
thread,9,17,26
threaded,1,4,5
threadedtweets,1,0,1
threading,0,1,1
threadless,4,2,6
threads,1,4,5
threat,5,4,9
threaten,0,1,1
threatened,1,3,4
threatening,5,3,8
three,58,91,149
threesome,4,0,4
threethingsilove,1,0,1
threw,19,16,35
thrice,0,1,1
thrift,1,2,3
thrifty,1,0,1
thrill,2,2,4
thrillbilly,2,5,7
thrilled,7,8,15
thriller,1,2,3
thrilling,1,4,5
thrills,1,0,1
thrilltastic,0,1,1
thrisday,1,0,1
thrive,1,0,1
thriving,1,1,2
throat,40,30,70
throatey,1,0,1
throats,3,3,6
throbbing,1,3,4
throdwn,0,1,1
throne,0,1,1
throtlte,1,0,1
throttle,0,1,1
throttled,0,1,1
throug,1,1,2
through,173,200,373
throughh,1,0,1
throughout,3,4,7
throught,0,1,1
throw,26,50,76
throwback,1,2,3
throwbie,1,0,1
throwdown,0,2,2
throwed,0,1,1
throwers,0,1,1
throwin,2,1,3
throwing,12,14,26
throwingher,1,0,1
thrown,6,8,14
throws,4,7,11
thrs,0,1,1
thrsd,0,1,1
thru,45,51,96
thruout,0,1,1
thrusdayyyy,0,1,1
thrust,0,1,1
thruxton,0,1,1
thrw,1,0,1
ths,1,3,4
tht,27,35,62
thtas,0,1,1
thtink,1,0,1
thtr,1,0,1
thts,5,11,16
thu,3,5,8
thua,1,0,1
thuderstorms,1,0,1
thudertstorms,0,1,1
thug,1,1,2
thuggish,0,1,1
thuggishness,0,1,1
thugh,1,1,2
thugs,0,2,2
thui,0,1,1
thumb,5,8,13
thumbdrive,2,0,2
thumbnail,2,0,2
thumbnails,0,1,1
thumbs,16,16,32
thumbtack,1,0,1
thumps,1,0,1
thumpssss,1,0,1
thunda,1,0,1
thundastorms,1,0,1
thunder,24,21,45
thunderbird,0,1,1
thunderbirds,1,0,1
thunderdome,0,1,1
thundering,1,0,1
thunders,1,0,1
thunderstorm,4,1,5
thunderstorming,1,0,1
thunderstorms,7,4,11
thunk,0,1,1
thur,2,3,5
thurday,0,1,1
thurogood,1,0,1
thurr,0,1,1
thurs,22,27,49
thursdag,0,1,1
thursday,56,73,129
thursdays,2,3,5
thursdayyy,0,1,1
thus,11,11,22
thusly,0,1,1
thwarty,0,1,1
thx,109,162,271
thxs,0,2,2
thxxx,0,1,1
thy,7,3,10
thye,1,0,1
thyme,0,1,1
thyphoid,1,0,1
thyre,1,0,1
thyvuong,1,0,1
ti,9,6,15
tia,1,7,8
tiananmen,0,1,1
tianjin,0,1,1
tiara,3,1,4
tibby,0,1,1
tibia,0,1,1
tic,1,0,1
tick,5,2,7
ticker,1,0,1
tickest,1,0,1
ticket,57,51,108
ticketb,1,0,1
ticketek,1,0,1
ticketing,1,0,1
ticketluck,0,1,1
ticketmaster,2,3,5
tickets,98,84,182
ticketsandpassports,1,0,1
tickinnnnnn,0,1,1
tickity,0,1,1
tickle,4,3,7
tickled,1,1,2
tickles,1,0,1
tickling,1,1,2
ticklish,0,1,1
ticks,4,1,5
tico,1,0,1
tics,0,1,1
tidak,1,1,2
tidbit,1,0,1
tidbits,0,1,1
tide,2,4,6
tides,0,1,1
tiding,1,0,1
tidings,0,1,1
tidy,4,4,8
tidyed,0,1,1
tidying,1,2,3
tie,14,8,22
tied,8,7,15
tiem,0,2,2
tien,1,0,1
tiene,0,1,1
tienes,3,1,4
tier,3,0,3
tierd,3,0,3
tierney,0,1,1
tiersen,1,0,1
ties,1,1,2
tiesto,3,0,3
tieu,1,0,1
tiff,3,4,7
tiffany,3,3,6
tiffanys,0,1,1
tifffff,0,1,1
tiffy,1,1,2
tifosi,1,0,1
tiful,1,0,1
tiger,11,13,24
tigerjam,0,1,1
tigers,3,2,5
tigersfan,1,0,1
tigger,3,0,3
tight,20,24,44
tighten,1,0,1
tightened,0,2,2
tighter,4,1,5
tightest,0,1,1
tightpants,1,0,1
tights,4,4,8
tightt,1,0,1
tighttt,1,0,1
tigor,0,1,1
tihnk,1,0,1
tiight,0,1,1
tiiiiiiiiiiiiiiiiiiiiiiired,1,0,1
tiiiiiired,0,1,1
tiiiiime,1,0,1
tiiiiired,1,0,1
tiiiime,0,1,1
tiiiired,1,0,1
tiime,0,2,2
tiiny,1,0,1
tiired,1,0,1
tijuana,0,1,1
tikets,0,1,1
tiki,2,1,3
tikillo,0,1,1
tiks,2,0,2
til,103,123,226
tila,4,0,4
tilapia,0,1,1
tilde,1,0,1
tile,1,1,2
tiled,0,2,2
tilen,0,1,1
tiles,2,1,3
till,174,204,378
tiller,3,1,4
tilll,1,0,1
tilt,2,0,2
tim,14,5,19
timberlake,3,1,4
timberwolves,0,1,1
timbo,1,1,2
timbre,0,2,2
time,1323,1761,3084
timed,4,3,7
timedout,1,0,1
timee,1,0,1
timeeee,0,2,2
timeeeeee,0,1,1
timeeeeeeeee,1,0,1
timeless,0,1,1
timelike,0,1,1
timeline,2,13,15
timemachine,3,1,4
timeout,3,1,4
timeouts,1,0,1
timepass,0,1,1
timer,2,1,3
timers,1,2,3
times,214,248,462
timesss,0,1,1
timessss,1,0,1
timestamp,0,1,1
timetable,1,0,1
timetables,0,1,1
timetoast,0,1,1
timewarp,1,0,1
timezone,2,1,3
timezones,2,3,5
timid,0,1,1
timing,12,14,26
timings,2,0,2
timmee,0,1,1
timmy,2,2,4
timmysutton,1,0,1
timothy,1,1,2
timp,0,1,1
tims,0,1,1
timtam,0,1,1
timtams,0,1,1
timtodd,0,1,1
tin,5,3,8
tina,2,5,7
tinchy,1,0,1
tincture,0,1,1
ting,0,3,3
tingie,1,0,1
tingle,1,1,2
tingles,1,0,1
tingling,0,1,1
tings,1,1,2
tingz,0,1,1
tini,0,1,1
tink,2,2,4
tinker,0,3,3
tinkerbell,0,2,2
tinkering,0,1,1
tinks,0,1,1
tinnitus,0,1,1
tino,1,0,1
tinolao,1,0,1
tins,0,1,1
tint,2,0,2
tinted,1,3,4
tintedwindows,0,1,1
tintin,0,1,1
tinuod,0,1,1
tinutusok,0,1,1
tiny,17,44,61
tinychat,0,1,1
tinyrul,0,1,1
tinytwi,1,0,1
tinytwitter,0,1,1
tinyurl,3,1,4
tio,0,1,1
tioman,0,2,2
tip,23,30,53
tipa,0,1,1
tipi,1,0,1
tipoftheday,1,0,1
tipong,0,1,1
tipped,1,1,2
tipping,0,1,1
tippy,0,1,1
tips,11,20,31
tipster,0,1,1
tipsy,2,4,6
tiptoe,1,0,1
tipton,0,2,2
tipulator,1,0,1
tiramisu,0,2,2
tire,5,8,13
tirebiter,1,0,1
tired,252,145,397
tiredd,2,0,2
tireddd,3,0,3
tiredddd,1,1,2
tireddddd,0,1,1
tiredest,0,1,1
tiredness,2,2,4
tireds,1,0,1
tireeeeeed,1,0,1
tires,3,2,5
tiring,8,8,16
tirthankar,1,0,1
tis,14,25,39
tisdale,3,5,8
tish,0,1,1
tisk,2,1,3
tiskkk,0,1,1
tisn,0,1,1
tissue,3,3,6
tissues,6,2,8
tisu,0,1,1
tit,0,1,1
tita,0,2,2
titan,2,0,2
titanic,4,2,6
titanicc,1,0,1
titanium,2,2,4
titas,0,2,2
tite,0,1,1
tithe,1,0,1
titi,0,1,1
titillating,1,0,1
title,12,25,37
titled,0,1,1
titles,1,5,6
tito,2,3,5
titos,0,1,1
titp,1,0,1
tits,5,3,8
tittch,0,1,1
titter,1,1,2
titties,4,0,4
tittle,2,0,2
titty,0,1,1
tittybird,0,1,1
titulo,0,1,1
tivo,3,4,7
tivoed,1,0,1
tivofail,1,0,1
tiwnkle,1,0,1
tiwtter,0,1,1
tix,20,38,58
tixs,0,3,3
tixx,0,1,1
tiyique,1,0,1
tiz,0,1,1
tizz,0,2,2
tizzles,0,1,1
tizzy,0,1,1
tj,5,1,6
tjb,0,1,1
tjf,1,0,1
tjo,0,1,1
tk,1,2,3
tkd,0,1,1
tkns,1,0,1
tks,3,7,10
tkt,1,0,1
tkts,1,2,3
tl,2,3,5
tlaking,1,1,2
tlc,3,3,6
tld,0,1,1
tlds,1,0,1
tlga,1,2,3
tlike,0,1,1
tlk,4,2,6
tlkd,2,0,2
tlkin,1,1,2
tlkn,2,0,2
tlot,2,2,4
tls,1,0,1
tm,4,4,8
tman,0,1,1
tmaths,1,0,1
tmeeting,0,1,1
tmh,1,2,3
tmi,2,2,4
tmiword,1,0,1
tml,0,2,2
tmne,1,0,1
tmnt,1,2,3
tmo,0,2,2
tmobile,4,2,6
tmpt,0,1,1
tmr,14,8,22
tmro,0,1,1
tmrow,1,0,1
tmrrw,1,1,2
tmrw,13,21,34
tmw,2,8,10
tmz,0,1,1
tn,9,8,17
tna,1,1,2
tnb,1,0,1
tng,0,1,1
tnhis,0,1,1
tnhk,0,1,1
tnight,0,1,1
tnks,1,1,2
tnp,1,0,1
tnt,3,2,5
tnx,5,7,12
tnxtnx,0,1,1
to,13196,16421,29617
toad,2,0,2
toady,1,0,1
toally,0,1,1
toast,14,13,27
toastbox,1,0,1
toasted,1,4,5
toaster,1,0,1
toasties,0,1,1
toastiness,0,1,1
toasts,0,1,1
tobacco,0,3,3
tobaccooo,0,1,1
tobasco,1,0,1
tobe,0,1,1
tobi,1,0,1
tobias,1,0,1
tobin,0,1,1
tobs,1,0,1
toby,1,0,1
tobymac,1,0,1
tocar,1,0,1
tocco,0,1,1
toch,0,1,1
tock,1,0,1
tockin,1,0,1
tocuh,0,1,1
tod,2,1,3
toda,3,0,3
todaays,0,1,1
todaii,1,0,1
todat,0,1,1
todavia,1,0,1
today,1148,1129,2277
todays,5,5,10
todaysoutfit,1,0,1
todayy,2,3,5
todayyy,3,1,4
todayyyyyy,1,0,1
todayyyyyyyyy,1,0,1
todd,1,3,4
toddler,3,2,5
toddlers,0,1,1
toddy,0,1,1
todo,4,2,6
todos,1,1,2
toe,5,11,16
toeage,0,1,1
toenail,1,0,1
toenails,0,2,2
toes,9,11,20
toesies,1,0,1
toff,1,0,1
toffee,2,2,4
tofu,2,2,4
toga,1,0,1
togas,1,0,1
togeth,1,1,2
togetha,0,1,1
together,114,155,269
togethers,0,1,1
toggle,0,2,2
togheter,1,1,2
togther,1,0,1
toh,1,2,3
toher,1,0,1
toho,0,1,1
toi,2,1,3
toilet,10,14,24
toilets,1,2,3
toiling,1,0,1
toing,0,1,1
toink,2,0,2
toison,1,0,1
toiviainen,1,0,1
tok,1,1,2
tokbox,1,0,1
toke,0,1,1
token,1,0,1
tokio,3,2,5
tokiohotel,9,0,9
toknight,1,0,1
tokyo,5,6,11
told,152,221,373
toldja,0,1,1
toledo,3,2,5
tolerable,0,1,1
tolerance,2,1,3
tolerate,0,1,1
toliet,1,0,1
tolin,1,0,1
tolkien,0,1,1
toll,1,4,5
tolle,1,0,1
toller,1,0,1
tolleson,0,1,1
tolls,0,1,1
tom,33,43,76
tomaatoe,0,1,1
tomake,1,0,1
tomarro,0,1,1
tomarrow,1,2,3
tomas,2,1,3
tomasi,1,0,1
tomato,7,6,13
tomatoes,2,7,9
tomaytoe,0,1,1
tomboy,1,1,2
tombre,1,0,1
tombstone,0,1,1
tome,1,1,2
tomei,0,1,1
tominio,0,1,1
tomm,4,4,8
tommi,1,0,1
tommorow,12,11,23
tommorrow,2,1,3
tommoz,1,0,1
tommrow,2,0,2
tommy,7,3,10
tomnorrow,0,1,1
tomo,4,5,9
tomoorrow,0,1,1
tomoro,4,3,7
tomoroow,0,1,1
tomororw,1,2,3
tomorow,12,7,19
tomorr,0,1,1
tomorro,5,5,10
tomorrooooow,0,1,1
tomorrow,545,626,1171
tomorrows,7,4,11
tomorroww,3,1,4
tomorrra,1,0,1
tomorrrrooooo,0,1,1
tomoruw,0,1,1
tomoz,7,10,17
tomozzas,0,1,1
tomroow,0,1,1
tomrow,2,0,2
tomrowo,1,0,1
tomrrow,0,1,1
tomrw,3,1,4
toms,4,3,7
tomsk,1,0,1
tomz,1,0,1
ton,9,16,25
toncils,1,0,1
tone,2,12,14
toneladas,0,1,1
toner,0,1,1
tones,0,5,5
tong,1,1,2
tonght,1,1,2
tongiht,0,1,1
tongihttt,1,0,1
tongits,0,2,2
tongue,4,8,12
tonguering,0,1,1
tongues,1,1,2
toni,2,3,5
tonic,0,3,3
tonigggght,1,0,1
tonight,489,502,991
tonights,3,2,5
tonightsy,1,0,1
tonightt,2,5,7
tonighttt,0,1,1
tonightttt,0,1,1
tonighttttt,1,0,1
toniiiiiight,1,0,1
toning,0,1,1
tonite,32,22,54
tonk,2,1,3
tonka,0,1,1
tonkin,1,0,1
tonnes,1,1,2
tons,16,44,60
tonsilitis,0,2,2
tonsils,3,1,4
tony,18,15,33
tonys,6,4,10
tonyy,2,0,2
tonz,0,1,1
too,1852,3409,5261
tooday,0,1,1
toodle,0,1,1
toodledo,0,1,1
toodles,1,0,1
tooie,0,1,1
took,128,145,273
tooker,0,1,1
tooking,0,1,1
tool,12,19,31
toolbar,1,0,1
toold,1,0,1
toolio,1,0,1
tooll,0,1,1
tools,12,10,22
toon,1,0,1
toone,0,1,1
toons,1,1,2
tooo,22,33,55
toooo,12,20,32
tooooo,9,15,24
tooooons,1,0,1
toooooo,6,5,11
tooooooo,0,4,4
toooooooo,1,2,3
toooooooooo,0,1,1
tooooooooooooo,0,1,1
toooooooooooooo,1,1,2
toooooootally,1,0,1
toooooop,1,0,1
tooossss,0,1,1
toosey,0,1,1
toosh,0,1,1
toosweet,1,0,1
toot,0,1,1
tooth,16,15,31
toothache,6,1,7
toothaches,1,0,1
toothbrush,1,0,1
toothe,0,1,1
toothed,1,0,1
toothless,0,1,1
toothpaste,2,2,4
tootie,1,0,1
tooties,0,1,1
toots,0,1,1
toowong,1,0,1
top,116,116,232
topanga,0,1,1
topbios,1,0,1
tope,0,1,1
topeka,0,1,1
topgear,1,0,1
topic,36,30,66
topical,2,0,2
topics,37,12,49
topify,1,0,1
toping,0,1,1
topless,0,2,2
topmodel,0,1,1
topmost,1,0,1
topnotch,0,1,1
topping,3,2,5
topprog,0,1,1
tops,3,10,13
topshop,1,3,4
topsr,1,0,1
topstyle,1,0,1
topt,1,0,1
topten,0,1,1
topup,0,1,1
tor,0,1,1
torch,0,2,2
torched,0,1,1
torchsong,1,0,1
torchwood,2,1,3
tore,2,1,3
toreador,1,0,1
tori,2,1,3
tories,2,3,5
torito,1,0,1
torment,0,1,1
tormented,0,1,1
torn,5,3,8
tornado,5,6,11
toro,1,0,1
toronto,16,30,46
torque,1,0,1
torrent,3,4,7
torrential,1,3,4
torrenting,1,0,1
torrents,4,2,6
torres,2,0,2
torrie,1,1,2
torries,1,0,1
torso,0,1,1
torson,0,1,1
torsten,1,0,1
torta,1,0,1
tortillas,0,2,2
tortoise,1,1,2
tortoises,0,2,2
torts,0,1,1
torture,7,9,16
tortured,1,0,1
torturing,1,0,1
tory,0,1,1
tos,3,1,4
tosave,0,1,1
tosh,0,1,1
toshiba,0,1,1
toss,6,9,15
tossed,1,2,3
tossers,1,0,1
tosses,1,0,1
tossing,1,3,4
tostones,0,1,1
tot,2,6,8
total,26,27,53
totaled,0,1,1
totalled,1,2,3
totalllll,0,1,1
totalllllly,2,0,2
totallly,1,0,1
totally,161,344,505
totaly,0,2,2
totd,1,0,1
totes,1,4,5
totlaly,1,0,1
totnes,0,1,1
totoo,1,0,1
totoong,0,1,1
totoys,0,1,1
tots,1,0,1
tottally,1,0,1
tottaly,0,1,1
totter,2,0,2
totum,1,0,1
tou,0,2,2
touch,63,72,135
touche,0,1,1
touched,9,10,19
touchee,1,0,1
touches,2,1,3
touchflo,1,1,2
touchin,1,0,1
touching,6,6,12
touchmyhand,1,0,1
touchscreen,0,3,3
touchtype,0,1,1
touchy,2,0,2
tough,31,46,77
tougher,2,0,2
toughest,0,3,3
toughie,0,2,2
tought,1,2,3
toulee,1,0,1
toulon,1,0,1
tounge,1,3,4
tour,76,87,163
toured,0,1,1
tourgasm,1,0,1
touring,7,10,17
tourism,1,1,2
tourist,1,2,3
touristing,0,1,1
tourists,1,5,6
touristy,0,2,2
tournament,5,7,12
tournaments,1,0,1
tourney,3,1,4
tourny,1,0,1
tours,1,3,4
tourtering,1,0,1
tout,0,1,1
toute,1,0,1
tova,1,0,1
tow,2,0,2
toward,4,4,8
towards,11,13,24
towed,3,2,5
towel,3,6,9
towels,1,0,1
tower,6,5,11
towers,5,2,7
town,95,109,204
towns,1,3,4
towpath,0,1,1
towson,0,1,1
toxic,2,3,5
toxicology,0,1,1
toxins,0,1,1
toy,18,23,41
toyota,1,1,2
toys,8,13,21
toyz,1,0,1
tozz,1,0,1
tp,2,10,12
tpa,0,1,1
tpain,0,1,1
tpb,1,0,1
tpf,1,0,1
tpfx,1,0,1
tpi,0,1,1
tpic,1,0,1
tpkeanyagkjadi,1,0,1
tpos,0,1,1
tpot,0,1,1
tpp,0,1,1
tpr,1,0,1
tptb,0,1,1
tq,2,0,2
tr,7,6,13
tra,1,0,1
trabalhando,1,0,1
trabalhating,1,0,1
trace,2,5,7
traceable,1,0,1
tracecyrus,1,0,1
traced,0,1,1
traceless,0,1,1
traces,0,1,1
tracfone,0,1,1
trachea,1,0,1
track,28,45,73
trackballku,2,0,2
tracked,0,1,1
tracker,1,1,2
trackers,2,1,3
trackflashback,1,0,1
trackies,1,0,1
tracking,4,5,9
trackle,20,1,21
tracklist,1,0,1
tracklisting,0,1,1
trackmania,0,1,1
trackname,1,0,1
trackpad,0,1,1
tracks,12,11,23
tractable,0,1,1
tractor,0,2,2
tractors,1,0,1
tracy,2,2,4
trad,1,1,2
trade,14,17,31
traded,3,3,6
trademark,0,4,4
trademarked,1,1,2
trademe,0,1,1
trader,2,0,2
trades,1,0,1
tradeshow,2,0,2
trading,5,0,5
tradition,2,3,5
traditional,2,2,4
traditions,0,2,2
trae,1,0,1
traf,0,1,1
traffic,20,39,59
traffice,0,1,1
trafford,0,1,1
tragedies,1,0,1
tragedy,6,7,13
tragic,11,9,20
tragically,0,2,2
trail,3,4,7
trailer,39,20,59
trailernya,1,0,1
trailers,1,6,7
trailing,1,0,1
trailor,1,0,1
train,103,180,283
trained,4,4,8
trainee,0,1,1
trainer,3,5,8
trainers,4,1,5
trainfail,1,0,1
training,24,28,52
trainor,0,1,1
trains,8,8,16
trainspotting,1,1,2
trainwreck,2,1,3
trait,0,1,1
traitor,0,1,1
traits,0,1,1
trak,0,1,1
trakhir,1,1,2
tram,3,1,4
tramp,1,0,1
trampled,0,1,1
trampoline,6,4,10
trampolines,1,0,1
tramps,0,3,3
trams,1,0,1
tran,1,0,1
trance,9,5,14
trang,1,0,1
trange,1,0,1
trangia,0,1,1
tranh,1,0,1
trani,0,1,1
traning,0,1,1
tranmogification,0,1,1
tranny,1,4,5
tranquility,0,1,1
tranquillityhub,2,0,2
trans,1,0,1
transaction,0,3,3
transactions,0,1,1
transamerica,0,1,1
transbelfast,0,1,1
transcendent,1,0,1
transcends,1,1,2
transfer,10,4,14
transferable,1,1,2
transfered,1,2,3
transfering,0,1,1
transferred,2,3,5
transferring,0,2,2
transfers,2,0,2
transforers,1,0,1
transformation,1,1,2
transformed,1,1,2
transformer,2,0,2
transformers,15,9,24
transforming,0,1,1
transforms,1,0,1
transfusion,1,0,1
transgress,0,1,1
transient,1,0,1
transit,0,3,3
transition,6,2,8
transitions,1,0,1
translate,4,10,14
translated,0,2,2
translating,1,1,2
translation,2,9,11
translator,2,3,5
transmetropolitan,1,0,1
transmission,3,1,4
transp,0,1,1
transparency,1,1,2
transparent,1,0,1
transphobic,0,1,1
transpired,1,0,1
transpirs,0,1,1
transplant,3,3,6
transport,4,11,15
transportaion,1,0,1
transportation,3,1,4
transporter,1,0,1
transportu,1,0,1
transylvania,0,1,1
transylvanian,0,1,1
trap,2,3,5
trapeze,0,1,1
trapped,2,2,4
trapsen,1,0,1
trash,8,10,18
trashbags,0,1,1
trashed,1,3,4
trashing,1,0,1
trashy,6,1,7
traslation,0,1,1
tratament,1,0,1
trauma,0,4,4
traumas,0,1,1
traumatic,2,4,6
traumatize,0,1,1
traumatized,3,1,4
trautwein,1,0,1
travail,2,0,2
travel,31,42,73
traveled,1,0,1
traveler,1,2,3
travelers,3,1,4
travelin,1,0,1
traveling,12,11,23
travelling,2,8,10
travelogue,0,1,1
travels,4,8,12
traveltips,1,0,1
traveltuesday,1,0,1
traverse,0,1,1
travesty,1,3,4
travian,1,0,1
travis,3,2,5
travsummit,2,0,2
trawl,1,0,1
trawling,0,1,1
trax,0,1,1
tray,2,1,3
tre,1,2,3
treacherous,1,0,1
treacle,0,1,1
treadmill,1,2,3
tream,1,0,1
treasure,6,6,12
treasured,0,1,1
treasures,2,1,3
treasury,0,1,1
treat,24,21,45
treated,5,4,9
treaties,0,1,1
treatin,2,1,3
treating,11,12,23
treatment,7,3,10
treatments,2,1,3
treatmnt,0,1,1
treats,7,8,15
trebor,0,1,1
tredmil,1,0,1
tree,16,21,37
treeeee,0,1,1
trees,8,11,19
treeson,0,1,1
treetops,0,1,1
treffer,1,0,1
treiral,0,1,1
trek,23,40,63
trekkie,2,0,2
trekkin,0,1,1
trekking,0,1,1
trellis,1,0,1
tremaine,1,0,1
tremendous,1,0,1
tremendously,2,0,2
trench,1,1,2
trenches,0,1,1
trend,13,13,26
trendiest,1,0,1
trending,70,26,96
trendingggg,1,0,1
trendio,1,1,2
trends,2,5,7
trendy,7,1,8
trent,2,3,5
trenton,2,0,2
treos,0,1,1
tres,3,4,7
tretton,1,0,1
trev,1,0,1
trever,1,0,1
trevor,0,1,1
trevorhoen,1,0,1
trex,0,1,1
treximet,1,0,1
trey,13,0,13
treysongz,1,0,1
treysongzmusicmonday,1,0,1
treysongzmusicmondays,1,0,1
tri,3,3,6
trial,7,9,16
trials,2,2,4
triangle,3,5,8
triangles,0,1,1
triangoli,0,1,1
triangular,1,0,1
triathlete,1,0,1
tribalism,1,0,1
tribbles,0,2,2
tribe,2,2,4
tribes,0,1,1
tribiani,0,1,1
tribunal,0,1,1
tribune,1,0,1
tribute,3,5,8
tributes,0,2,2
trice,1,0,1
tricia,0,1,1
trick,13,28,41
tricked,1,6,7
tricker,0,1,1
trickin,1,0,1
trickling,0,1,1
tricks,9,7,16
tricky,3,6,9
tricorder,0,1,1
tried,117,254,371
triedto,1,0,1
trieeed,0,1,1
tries,11,3,14
trife,0,1,1
trifecta,1,0,1
trifle,0,1,1
triflin,0,1,1
trifling,1,0,1
trig,1,0,1
trigga,1,0,1
trigger,2,1,3
triggered,1,1,2
triggering,1,0,1
triggers,1,0,1
triginometric,0,1,1
trigonometry,1,0,1
triiiiiii,1,0,1
triin,1,0,1
trike,1,0,1
trill,1,0,1
trillian,0,1,1
trillion,0,1,1
trillions,0,1,1
trillz,0,1,1
trilogy,3,2,5
trim,2,5,7
trimester,1,0,1
trimmed,1,0,1
trimmer,1,0,1
trimming,0,1,1
trims,0,1,1
trina,1,0,1
trinity,2,2,4
trinkets,1,0,1
trinns,1,0,1
trio,4,1,5
trion,1,0,1
trip,101,166,267
tripe,1,1,2
triple,7,11,18
tripp,0,1,1
tripped,3,2,5
trippin,9,4,13
tripping,1,0,1
tripple,1,1,2
trippn,1,0,1
trippy,2,1,3
trips,7,8,15
triptych,1,0,1
tripz,1,0,1
trish,1,3,4
trisha,0,1,1
trishaw,0,1,1
trista,1,0,1
tristan,0,1,1
tristate,0,1,1
triste,1,3,4
tristo,0,2,2
trite,0,1,1
tritt,2,0,2
triumph,3,0,3
triumphant,0,1,1
trivia,6,3,9
trivial,3,1,4
trivium,0,1,1
trix,1,0,1
trixi,0,1,1
trixiee,1,0,1
trixter,1,0,1
trl,0,3,3
trms,1,0,1
trn,1,0,1
trng,1,0,1
trnyata,1,0,1
tro,0,2,2
troble,0,1,1
trocaire,1,0,1
troika,0,1,1
trois,0,1,1
trojan,1,0,1
trolio,0,1,1
troll,2,3,5
trolled,1,0,1
trolley,0,2,2
trolling,1,1,2
trolls,2,2,4
tron,2,1,3
trong,2,1,3
trooper,0,1,1
troops,3,1,4
trope,0,1,1
trophies,2,0,2
trophy,3,4,7
tropic,0,1,1
tropical,3,6,9
tropospheric,1,0,1
trot,0,2,2
trots,2,0,2
troubadour,1,1,2
troubes,0,1,1
trouble,48,47,95
troubled,2,0,2
troubles,6,5,11
troubleshoot,0,1,1
troubleshooting,0,1,1
troublin,0,1,1
troubling,1,1,2
troupe,0,1,1
trouser,1,0,1
trousers,3,2,5
trout,3,1,4
troutbeck,0,2,2
trove,0,1,1
trowing,1,0,1
trowl,0,1,1
troy,3,1,4
troyer,1,0,1
trrrippin,1,0,1
trrrrrrrryyyyyyyyiiiiiiinnnnnnng,0,1,1
trs,2,0,2
tru,7,2,9
trubble,0,1,1
trucadero,1,0,1
truce,1,0,1
truck,21,15,36
truckin,1,1,2
trucks,2,6,8
trudge,0,1,1
trudy,0,1,1
true,221,294,515
trueblood,2,3,5
truee,2,2,4
truelly,0,1,1
truely,3,3,6
truer,3,0,3
trueromance,1,0,1
truestatement,1,0,1
trufax,0,2,2
truffle,0,1,1
truffles,1,5,6
truggi,0,1,1
truley,1,0,1
trulife,1,0,1
trulli,1,0,1
trully,0,2,2
truly,16,28,44
truman,0,1,1
trump,1,2,3
trumpet,0,1,1
trumphs,0,1,1
trumps,2,1,3
trundle,0,1,1
trunk,2,1,3
trunking,1,0,1
trunks,1,0,1
truphone,0,1,1
trusst,0,1,1
trust,53,48,101
trusted,2,0,2
trustees,1,0,1
trusting,2,0,2
trustttt,1,0,1
trustworthy,0,1,1
trusty,0,1,1
truth,31,37,68
truthboxed,1,0,1
truthful,0,1,1
truthfully,1,1,2
truths,1,2,3
truthtweet,1,0,1
truu,1,0,1
truue,1,0,1
truuuee,1,0,1
truuueeeee,0,1,1
truy,1,0,1
truyen,1,0,1
trv,1,0,1
trvls,1,0,1
trvs,1,0,1
trvsdjam,3,0,3
try,297,543,840
tryed,2,2,4
tryign,1,0,1
tryin,15,28,43
trying,267,293,560
tryinggggg,1,0,1
tryn,1,0,1
tryna,11,18,29
trynna,2,1,3
tryouts,1,1,2
tryst,0,1,1
trytrytry,1,0,1
tryy,0,2,2
ts,5,4,9
tsa,1,2,3
tsai,1,0,1
tsar,1,0,1
tscc,2,1,3
tshirt,3,7,10
tshirts,1,2,3
tsinelas,0,1,1
tsk,2,21,23
tsl,0,1,1
tslady,0,1,1
tsmb,0,1,1
tsoo,0,1,1
tsp,1,1,2
tss,0,1,1
tsss,0,1,1
tstorm,1,0,1
tsukete,1,0,1
tsuki,0,1,1
tsuruga,0,1,1
tswifts,1,0,1
tsys,1,0,1
tt,15,5,20
ttacos,1,0,1
ttc,0,1,1
tteh,1,0,1
tter,1,0,1
ttes,0,1,1
tthe,1,0,1
ttirastas,0,1,1
ttl,1,1,2
ttly,0,1,1
ttoally,1,0,1
ttrue,1,0,1
ttry,1,0,1
ttrying,0,1,1
tts,2,1,3
ttt,2,1,3
ttu,0,1,1
ttul,0,1,1
ttv,0,1,1
ttweeeet,0,1,1
tty,0,1,1
ttyl,9,10,19
ttys,0,4,4
ttyt,1,1,2
ttytter,0,1,1
tu,11,18,29
tua,0,1,1
tualatin,0,1,1
tuas,1,0,1
tuaw,1,0,1
tub,4,7,11
tuba,1,0,1
tube,14,11,25
tubes,4,1,5
tubings,1,0,1
tubs,1,1,2
tuck,2,0,2
tucker,1,1,2
tuckered,0,1,1
tucking,2,0,2
tucks,1,2,3
tucksymp,0,1,1
tucson,1,1,2
tude,0,1,1
tudnak,1,0,1
tudo,0,1,1
tudors,0,2,2
tudou,0,1,1
tudyk,1,0,1
tue,3,0,3
tuenti,0,1,1
tues,6,22,28
tuesaday,0,1,1
tuesdaay,1,0,1
tuesday,68,84,152
tuesdayish,0,1,1
tuesdays,4,2,6
tuesdayyyyy,0,1,1
tuf,1,0,1
tuff,0,2,2
tuffer,0,1,1
tuffy,0,1,1
tugasnya,0,1,1
tugether,1,0,1
tuh,1,2,3
tui,1,0,1
tuitea,0,1,1
tuition,2,2,4
tuk,2,1,3
tukutz,0,1,1
tukwila,1,0,1
tulip,0,1,1
tulog,0,1,1
tuloy,1,0,1
tulsa,1,1,2
tum,1,0,1
tumblarity,1,1,2
tumble,1,0,1
tumbler,1,1,2
tumbles,1,0,1
tumbleweed,0,1,1
tumbleweeds,0,1,1
tumbling,0,2,2
tumblr,11,13,24
tumhe,0,1,1
tummi,1,0,1
tummies,0,1,1
tummy,36,25,61
tummyache,2,0,2
tumor,2,0,2
tumoro,0,1,1
tumors,1,0,1
tumour,0,3,3
tun,1,1,2
tuna,4,7,11
tunak,2,0,2
tundra,2,0,2
tune,22,19,41
tuned,6,15,21
tunes,18,13,31
tuneup,0,1,1
tuning,1,9,10
tunnel,4,2,6
tunnelier,0,1,1
tunneling,1,0,1
tunning,1,0,1
tupac,2,0,2
tupay,0,1,1
tupper,0,1,1
tupperware,1,2,3
turbinates,0,1,1
turbo,3,0,3
turbulence,1,1,2
turd,0,1,1
turf,1,0,1
turfed,1,0,1
turin,1,1,2
turing,2,0,2
turk,2,0,2
turkey,8,11,19
turkeyboy,1,0,1
turkish,2,1,3
turkoglu,1,0,1
turks,3,0,3
turmoil,1,0,1
turn,101,97,198
turnaround,1,0,1
turnbull,0,1,1
turnd,2,0,2
turne,1,0,1
turned,45,59,104
turner,1,2,3
turnin,1,3,4
turning,13,23,36
turnoff,3,0,3
turnoffwords,35,0,35
turnon,1,1,2
turnons,1,0,1
turnpike,1,1,2
turnright,1,1,2
turns,31,41,72
turntables,0,1,1
turtle,1,4,5
turtles,2,5,7
tus,1,2,3
tuscany,1,1,2
tuscon,0,1,1
tusen,0,1,1
tushy,0,1,1
tusjid,1,0,1
tut,6,5,11
tute,0,1,1
tutor,6,2,8
tutorial,0,7,7
tutorials,4,2,6
tutorilas,1,0,1
tuts,0,2,2
tutti,0,1,1
tuttle,2,1,3
tuuu,0,1,1
tuvan,0,1,1
tuwien,1,0,1
tux,2,1,3
tuxedo,0,1,1
tuyet,1,0,1
tuyo,0,1,1
tv,130,178,308
tvc,1,1,2
tving,1,0,1
tvp,0,1,1
tvshows,0,1,1
tvtotal,1,0,1
tw,0,3,3
twables,0,1,1
twaceless,0,1,1
twah,0,1,1
twalk,2,0,2
twamily,1,0,1
twapli,0,2,2
twarty,1,0,1
twas,5,8,13
twasnt,1,0,1
twat,2,5,7
twating,1,0,1
twatlight,1,1,2
twatrimony,1,0,1
twats,2,1,3
twatt,1,0,1
twatter,1,0,1
twatties,1,0,1
twatting,0,1,1
twavatar,0,1,1
twbffs,1,0,1
twc,0,1,1
twe,1,0,1
tweak,1,2,3
tweaked,1,1,2
tweaking,1,0,1
tweaks,0,1,1
tweased,0,1,1
tweat,0,1,1
tweather,1,0,1
tweatin,0,1,1
tweats,1,0,1
twecommended,0,1,1
twedding,1,1,2
twee,0,3,3
tweeb,1,0,1
tweed,0,1,1
tweedeck,2,1,3
tweeded,0,2,2
tweeeeet,1,0,1
tweeet,0,1,1
tweeets,1,0,1
tweeettt,1,0,1
tweein,0,1,1
tweeing,0,1,1
tweek,0,1,1
tweekdeck,0,1,1
tweeks,0,1,1
tween,1,3,4
tweenz,1,0,1
tweep,2,4,6
tweepels,1,0,1
tweeper,0,1,1
tweepin,0,1,1
tweeple,12,4,16
tweeples,3,1,4
tweeps,33,16,49
tweet,361,466,827
tweetable,1,0,1
tweetadder,1,0,1
tweetage,0,1,1
tweetaholics,0,1,1
tweetbud,1,0,1
tweetbuds,0,1,1
tweetbump,1,0,1
tweetbunchnz,0,1,1
tweetchat,0,1,1
tweetcloud,1,0,1
tweetd,0,1,1
tweetdeck,52,47,99
tweetdesk,0,1,1
tweete,1,0,1
tweeted,34,48,82
tweeter,13,11,24
tweeteroftheday,0,1,1
tweeters,15,2,17
tweetest,1,0,1
tweetexplaingreenavatarsfail,0,1,1
tweetflick,0,2,2
tweetfriend,0,1,1
tweetgenius,1,1,2
tweetgrid,1,1,2
tweetheart,0,2,2
tweethearts,1,0,1
tweethug,1,1,2
tweetie,18,24,42
tweeties,3,2,5
tweetimg,0,1,1
tweetin,5,6,11
tweeting,78,78,156
tweetinig,0,1,1
tweetinv,1,0,1
tweetistan,1,0,1
tweetizen,0,1,1
tweetland,0,1,1
tweetless,1,0,1
tweetlord,1,0,1
tweetluv,0,1,1
tweetmeme,1,0,1
tweetn,1,1,2
tweetng,1,0,1
tweeto,1,0,1
tweetos,0,1,1
tweetpsych,0,1,1
tweetpysch,1,0,1
tweetr,1,0,1
tweets,196,262,458
tweetschool,1,0,1
tweetshrink,1,1,2
tweetsource,0,1,1
tweetspam,1,0,1
tweetss,0,1,1
tweetstudents,1,0,1
tweetteachers,1,0,1
tweettrainers,1,0,1
tweetts,1,0,1
tweettt,1,0,1
tweetu,1,0,1
tweetup,14,18,32
tweetupmellers,1,0,1
tweetups,1,1,2
tweetupwest,1,0,1
tweetwrath,1,0,1
tweety,2,0,2
tweetypie,0,1,1
tweezy,1,0,1
twek,1,0,1
twelve,1,0,1
twelvehourtuesdays,0,1,1
twend,0,1,1
twenties,1,0,1
twenty,12,4,16
twentyyyyyy,1,0,1
tweople,6,1,7
twet,1,0,1
twewy,1,0,1
twhat,1,0,1
twhirl,4,3,7
twi,1,2,3
twiammed,0,1,1
twibble,1,1,2
twibe,2,2,4
twibes,0,3,3
twibff,0,1,1
twibrary,0,1,1
twice,30,59,89
twickenham,1,0,1
twicky,0,1,1
twiddeo,1,0,1
twiddling,0,1,1
twidroid,1,2,3
twif,0,1,1
twifans,2,1,3
twig,0,1,1
twiggas,2,0,2
twiggaz,1,0,1
twiggers,1,0,1
twiggy,0,1,1
twigs,1,0,1
twiin,0,1,1
twiiter,2,1,3
twiiterific,0,1,1
twiitts,0,1,1
twiitup,0,1,1
twikini,0,2,2
twilght,1,0,1
twilight,44,41,85
twilighted,1,0,1
twilighter,0,1,1
twilighters,0,3,3
twilightnewmoon,1,0,1
twillys,0,1,1
twimage,0,1,1
twin,17,16,33
twinbox,0,1,1
twine,0,1,1
twinges,0,1,1
twinicks,1,0,1
twinkle,3,3,6
twinn,0,1,1
twinners,0,1,1
twinny,1,0,1
twins,6,7,13
twinsies,0,1,1
twinterview,1,0,1
twiny,0,2,2
twired,1,0,1
twirl,2,2,4
twirled,1,0,1
twirls,2,0,2
twispazzer,1,0,1
twiss,2,0,2
twist,6,5,11
twista,1,0,1
twisted,5,2,7
twistednether,0,1,1
twister,1,0,1
twisters,0,1,1
twistin,2,0,2
twisto,0,1,1
twistory,1,0,1
twists,3,2,5
twistsisters,0,1,1
twisty,0,1,1
twit,25,49,74
twitaddict,1,0,1
twitarrr,1,0,1
twitberry,1,0,1
twitch,0,1,1
twitches,1,1,2
twitching,0,1,1
twitchy,0,1,1
twitcon,1,0,1
twitdeck,0,1,1
twitdoc,1,0,1
twiter,1,2,3
twitering,1,0,1
twiterrific,1,0,1
twitface,0,1,1
twitfam,1,0,1
twitfic,0,1,1
twitfit,1,0,1
twitgoo,0,1,1
twithelp,3,0,3
twithive,1,0,1
twitiq,1,0,1
twitition,1,1,2
twitizen,1,0,1
twitlight,0,1,1
twitlonger,0,1,1
twitnoob,0,1,1
twitorial,1,0,1
twitpeeps,1,0,1
twitpic,29,35,64
twitpiccing,1,0,1
twitpicnic,1,0,1
twitpics,7,6,13
twitpix,0,1,1
twitpocalypse,1,0,1
twitquote,0,1,1
twits,10,13,23
twitscoop,0,1,1
twitsis,0,1,1
twitsisters,0,1,1
twitsnaps,1,0,1
twitsolve,0,1,1
twitspam,1,0,1
twitstable,0,1,1
twitt,5,8,13
twittando,0,1,1
twittarrr,1,1,2
twittascope,0,3,3
twittaz,1,0,1
twittdate,1,0,1
twittea,1,1,2
twitteas,0,1,1
twitted,2,2,4
twitteds,1,0,1
twitteer,1,0,1
twitteerrrrr,0,1,1
twitteiros,0,1,1
twittelator,0,2,2
twitter,833,961,1794
twittera,1,0,1
twitterafterdark,1,0,1
twitterart,1,0,1
twitterastherapy,0,1,1
twitterati,1,0,1
twitteratti,0,1,1
twitterattis,1,0,1
twitterbaaz,0,1,1
twitterband,1,0,1
twitterbar,1,0,1
twitterberrry,1,0,1
twitterberry,8,11,19
twitterbones,3,2,5
twitterbongs,1,4,5
twitterbugz,1,0,1
twitterbury,1,0,1
twitterchallenge,1,0,1
twitterchar,1,0,1
twitterchatsession,1,0,1
twittercoffeeclub,0,1,1
twittercute,0,1,1
twitterday,0,1,1
twittereas,0,1,1
twittered,6,6,12
twittereddd,1,0,1
twitterees,1,0,1
twitterena,1,2,3
twitterer,4,7,11
twittererd,0,1,1
twitterererers,3,0,3
twittererrs,1,0,1
twitterers,9,3,12
twitterface,0,1,1
twitterfail,0,1,1
twitterfailed,0,1,1
twitterfails,1,0,1
twitterfeed,2,0,2
twitterfessional,1,0,1
twitterfon,9,5,14
twitterfox,5,4,9
twitterfront,0,1,1
twittergadget,0,1,1
twitterhawk,1,0,1
twitterholic,3,3,6
twitterhood,1,2,3
twitterhugz,0,1,1
twitterific,6,6,12
twitterin,1,0,1
twitterina,0,1,1
twittering,27,44,71
twitteringgg,0,1,1
twitteringinging,1,0,1
twitterjail,1,0,1
twitterjumpedmeandtiedmedown,1,0,1
twitterland,3,4,7
twitterless,1,0,1
twitterluv,1,0,1
twittermail,1,0,1
twittermancrush,1,0,1
twittername,0,1,1
twitterness,2,0,2
twitternoob,0,1,1
twitternya,0,1,1
twitteroke,1,0,1
twitterpated,1,0,1
twitterpornnames,2,0,2
twitterr,0,3,3
twitterradio,1,0,1
twitterriffic,0,1,1
twitterrific,6,1,7
twitterring,1,0,1
twitterrr,1,0,1
twitterrrr,0,1,1
twitterrrrrrrrr,0,1,1
twitters,24,13,37
twitterscape,1,0,1
twitterscope,1,1,2
twitterslut,1,0,1
twittersphere,1,1,2
twittertakeover,1,3,4
twittertakever,1,0,1
twitterthon,0,1,1
twittertown,0,1,1
twittertrain,0,1,1
twitterus,0,1,1
twitteruser,0,1,1
twitterversary,0,1,1
twitterverse,4,12,16
twitterville,5,0,5
twitterwhore,0,1,1
twitterworld,6,1,7
twitticklers,1,0,1
twittie,0,1,1
twittin,1,1,2
twitting,4,5,9
twittiquette,0,1,1
twittr,1,0,1
twitts,4,2,6
twitttersphere,0,1,1
twittterville,1,0,1
twittts,0,1,1
twittttter,0,1,1
twittttttter,0,1,1
twitttttttttttttttttttttttttttttttttttttttttttttttttttttttttttttttttttttttttttttttttttttttttttttttttttttttter,1,0,1
twittytickelers,1,0,1
twittz,1,0,1
twitvid,1,0,1
twix,1,0,1
twizzlers,1,2,3
twl,1,0,1
twlight,0,1,1
twlog,1,0,1
twlt,0,1,1
two,243,310,553
twoffice,1,0,1
twolay,0,1,1
twolice,0,1,1
twollars,0,1,1
twongue,1,0,1
twoot,0,1,1
tworco,1,0,1
twouples,1,0,1
twovely,1,0,1
twpp,4,2,6
twppl,0,1,1
twrf,1,0,1
tws,0,1,1
twss,0,1,1
twt,2,0,2
twtcrcon,1,0,1
twting,0,1,1
twtpole,1,0,1
twtpoll,1,0,1
twtr,1,0,1
twtrcon,3,0,3
twttr,1,0,1
twubble,1,0,1
twubiliciously,0,1,1
twubsensation,0,1,1
twuck,0,1,1
twug,2,0,2
twugs,3,2,5
twutorial,1,0,1
twweeeet,0,1,1
twweet,1,0,1
tx,8,10,18
txl,0,1,1
txoko,0,1,1
txt,27,21,48
txted,2,1,3
txties,1,0,1
txting,2,1,3
txts,3,4,7
txtsfrmlstnght,1,0,1
txttt,1,0,1
ty,21,48,69
tybee,1,0,1
tycoon,0,1,1
tydi,2,0,2
tyke,0,1,1
tykes,0,1,1
tylenol,5,3,8
tyler,3,5,8
tylers,0,1,1
tylosand,0,1,1
tym,2,6,8
tyme,1,1,2
tyms,0,1,1
tyngsborough,0,1,1
tynie,0,1,1
tyouwish,1,0,1
type,63,74,137
typeamomcon,0,1,1
typed,4,9,13
typen,0,1,1
typeo,0,1,1
types,2,10,12
typewriter,2,2,4
typhoon,1,0,1
typical,13,23,36
typically,1,1,2
typing,18,17,35
typo,3,7,10
typography,0,1,1
typos,1,4,5
typr,0,1,1
tyra,5,3,8
tyrannically,1,0,1
tyrant,1,0,1
tyre,0,1,1
tyres,2,1,3
tyrone,1,0,1
tysm,0,1,1
tyson,2,1,3
tysonritteraar,1,0,1
tyty,1,1,2
tyvm,3,5,8
tyyy,1,0,1
tzatziki,1,0,1
ua,1,1,2
uae,2,1,3
uaepmp,1,0,1
uat,1,0,1
uau,1,0,1
uav,1,0,1
uaw,1,0,1
ub,2,1,3
ubber,1,0,1
ubderstandable,0,1,1
uber,8,12,20
uberberry,1,0,1
uberfancy,0,1,1
ubertweet,1,0,1
ubertwitter,8,7,15
ubgfveiknrifhnidputa,1,0,1
ubi,1,1,2
ubiquitous,2,0,2
ubiquity,0,1,1
ubisoft,2,0,2
ubuntu,14,6,20
ubuntuhu,1,0,1
uc,2,0,2
ucap,1,1,2
ucas,0,1,1
ucce,1,0,1
ucf,1,0,1
uci,1,0,1
ucla,1,1,2
ucu,0,2,2
ud,2,4,6
uda,3,2,5
udah,5,9,14
udang,1,0,1
udd,0,1,1
udderbelly,1,0,1
udh,1,4,5
udid,1,0,1
udon,2,0,2
udy,2,0,2
ue,0,1,1
uea,0,1,1
ued,0,1,1
ueeah,1,0,1
uest,0,1,1
ufc,5,1,6
ufcundisputed,1,0,1
uff,3,2,5
ufff,0,1,1
ufies,1,0,1
ufo,1,1,2
ufone,2,0,2
ufortunately,0,1,1
ufos,1,0,1
ufs,1,0,1
ug,0,2,2
ugas,0,1,1
ugc,1,0,1
ugg,2,3,5
uggg,1,1,2
ugggg,2,0,2
uggggggggh,0,1,1
uggggggghhhh,1,0,1
ugggggh,2,0,2
ugggh,1,1,2
uggghh,0,1,1
uggh,4,2,6
ugghh,0,2,2
ugghhh,1,1,2
ugghhhh,0,1,1
ugh,155,160,315
ughghghghiehihwehgweiohrow,0,1,1
ughh,10,8,18
ughhh,14,7,21
ughhhh,7,7,14
ughhhhh,1,2,3
ughhhhhhh,2,1,3
ughhhhhhhh,1,0,1
ughhhhhhhhh,2,0,2
ughhhhhhhhhhh,1,0,1
ughhhhhhhhhhhhhhhhhhhhhhhhhhhhh,1,0,1
ughs,0,1,1
uglier,2,1,3
ugliest,0,1,1
ugliness,1,0,1
ugly,32,29,61
uglyness,0,1,1
uglyy,0,1,1
ugo,1,0,1
ugotta,1,0,1
ugs,0,1,1
ugsmm,1,0,1
uh,47,55,102
uhave,1,0,1
uhdjfdfjkdsfhds,1,0,1
uhh,11,6,17
uhhh,7,6,13
uhhhg,2,0,2
uhhhh,1,2,3
uhhhhhhh,0,1,1
uhhhhhhhhhh,1,1,2
uhhhhhhhhhmmmmmmm,1,0,1
uhhm,1,2,3
uhhmazing,0,1,1
uhm,5,13,18
uhmayzinguh,0,1,1
uhmm,2,6,8
uhmmm,2,0,2
uhmmmm,0,1,1
uhoh,1,0,1
uhohhhhhh,0,1,1
uhp,1,0,1
uhu,1,0,1
uhuh,0,1,1
ui,10,7,17
uis,0,1,1
uit,1,0,1
uiuiui,1,0,1
ujorka,1,0,1
ujw,1,0,1
uk,83,91,174
ukelele,0,1,1
ukemi,1,0,1
ukip,1,0,1
uknowuliveinthehood,1,0,1
ukraine,2,0,2
ukrainian,1,0,1
ukranian,0,1,1
ukscitweetup,0,1,1
uktime,1,0,1
ul,1,0,1
ulan,1,2,3
ulang,0,1,1
ulcer,1,0,1
ulcers,2,1,3
uld,1,0,1
ulduar,1,0,1
ulein,0,1,1
ulimited,1,0,1
ulit,0,3,3
ull,5,4,9
ultimalte,1,0,1
ultimate,9,9,18
ultimately,1,1,2
ultimatum,2,0,2
ultra,5,2,7
ultracet,1,0,1
ultralight,1,0,1
ultrasn,1,1,2
ulu,0,1,1
ulyour,0,1,1
um,39,61,100
uma,1,0,1
umangal,1,0,1
umass,2,0,2
umbraco,0,1,1
umbrella,9,7,16
umbrellas,0,1,1
umbrelly,0,1,1
umbridge,3,0,3
umenyi,3,0,3
umh,0,2,2
umi,0,1,1
umid,0,1,1
umlaut,1,0,1
umm,31,35,66
umma,2,0,2
ummarmungs,0,1,1
ummh,0,1,1
umming,0,1,1
ummm,18,26,44
ummmm,1,3,4
ummmmm,3,1,4
ummmmmm,0,1,1
ummmmmmmmmmmmm,0,1,1
umuulan,0,1,1
un,22,25,47
una,2,0,2
unable,8,11,19
unacceptable,1,0,1
unaccomplished,0,1,1
unafraid,1,0,1
unaired,2,0,2
uname,1,0,1
unannounced,0,1,1
unappreciated,1,0,1
unapproachable,0,1,1
unarmed,1,0,1
unas,1,0,1
unath,0,1,1
unattended,0,1,1
unattentive,1,0,1
unavailable,5,10,15
unavailble,0,1,1
unawares,1,0,1
unban,2,0,2
unbearable,2,4,6
unbearably,1,0,1
unbelievable,6,6,12
unbelievably,0,2,2
unbeta,1,0,1
unbiased,1,0,1
unblock,2,1,3
unborn,0,1,1
unboxed,1,1,2
unboxing,3,0,3
unbreakable,1,0,1
unbricking,0,1,1
unbroke,2,0,2
unc,1,4,5
uncalled,1,0,1
uncanny,1,1,2
uncertainty,0,1,1
unchanged,2,0,2
uncharacteristically,0,1,1
uncharismatic,0,1,1
uncharted,2,1,3
uncle,19,21,40
unclear,0,3,3
uncles,2,1,3
uncomforable,1,0,1
uncomfortable,3,6,9
uncomfortably,0,1,1
uncomplicated,1,0,1
unconditional,2,1,3
uncongjugated,1,0,1
unconscious,0,1,1
uncontrollable,1,0,1
uncontrollably,2,0,2
uncontrolled,0,1,1
unconvention,1,0,1
uncool,1,3,4
uncooperative,0,1,1
uncover,0,1,1
uncredited,0,1,1
uncubicled,1,0,1
uncut,0,2,2
und,4,6,10
unda,1,0,1
unde,2,0,2
undead,2,1,3
undecided,1,2,3
undefeated,1,0,1
undefined,1,0,1
undeliverable,0,1,1
undeniable,0,1,1
undeniably,0,1,1
under,77,97,174
underage,3,3,6
underaged,1,0,1
underbelly,1,0,1
underbite,1,0,1
underclothed,1,0,1
undercover,1,0,1
underdog,2,3,5
underdogs,0,1,1
undereducated,1,0,1
underestimate,0,1,1
underestimated,1,2,3
underestimating,1,0,1
underfoot,0,2,2
undergoing,1,0,1
undergone,0,2,2
undergrad,2,0,2
undergraduate,1,0,1
underground,2,4,6
underline,1,0,1
underload,0,1,1
underneath,3,8,11
undernourished,1,0,1
underoath,0,1,1
underos,1,0,1
underpaid,3,0,3
underpants,1,0,1
underrate,0,1,1
underrated,3,3,6
underscore,1,2,3
understand,97,126,223
understandable,1,4,5
understandably,0,1,1
understanddd,1,0,1
understanding,6,11,17
understands,2,4,6
understated,1,0,1
understatement,4,4,8
understatment,1,0,1
understood,10,8,18
understory,0,1,1
understudy,0,3,3
undertaker,3,0,3
undertame,1,0,1
undertones,1,0,1
undertook,1,0,1
underused,0,1,1
underway,1,0,1
underwear,3,6,9
underwhelmed,0,1,1
underwhelming,2,0,2
underworld,1,0,1
underwriter,1,0,1
underwurlde,0,1,1
undescribable,1,0,1
undesirable,2,1,3
undetermined,1,0,1
undies,2,1,3
undigestable,0,1,1
undisclosed,2,0,2
undisco,1,0,1
undisputed,1,0,1
undo,1,2,3
undocumented,0,1,1
undoes,0,1,1
undoing,1,0,1
undone,3,2,5
undoubtedly,2,1,3
undying,2,1,3
une,0,2,2
unearth,0,1,1
unedited,0,1,1
uneducated,1,0,1
unemployable,0,1,1
unemployed,3,9,12
unemployedness,0,1,1
unemployment,1,5,6
unemploymet,1,0,1
unequivocally,1,0,1
unethical,0,1,1
unexamined,1,0,1
unexciting,1,0,1
unexpected,5,5,10
unexplained,0,1,1
unf,1,1,2
unfailing,2,0,2
unfair,8,17,25
unfairly,0,1,1
unfaithful,1,1,2
unfamiliar,1,0,1
unfeature,0,1,1
unfiled,0,1,1
unfindable,0,1,1
unfinished,1,4,5
unfixable,0,1,1
unflattering,0,1,1
unfold,0,1,1
unfolds,0,1,1
unfollow,15,17,32
unfollowdiddy,12,0,12
unfollowdwight,1,0,1
unfollowdwighthoward,1,0,1
unfollowed,8,10,18
unfollowers,0,1,1
unfollowfriday,2,0,2
unfollowing,4,5,9
unfollowings,0,1,1
unfollowperezhilton,1,1,2
unfollows,1,0,1
unfollowsunday,1,0,1
unforcenatly,1,0,1
unforch,0,1,1
unforgetable,0,2,2
unforgettable,1,1,2
unforgivable,0,1,1
unforgiving,0,1,1
unfornately,1,0,1
unfort,1,3,4
unfortuately,0,1,1
unfortunalty,0,1,1
unfortunantly,0,1,1
unfortunate,11,13,24
unfortunatelly,1,3,4
unfortunately,96,168,264
unfortunatley,1,1,2
unfortunatlly,0,1,1
unfortunatly,8,6,14
unfortunely,1,1,2
unfortunetly,2,0,2
unforturnately,1,0,1
unfotunately,0,1,1
unfourtunately,0,1,1
unfun,0,1,1
unfuzzy,1,0,1
ung,0,3,3
ungentlemanly,0,1,1
unglam,0,1,1
unglaublich,0,1,1
ungly,1,0,1
ungodly,0,1,1
ungover,0,1,1
ungrade,0,1,1
ungrateful,1,0,1
ungrounded,0,1,1
unguarded,0,1,1
unh,0,1,1
unhappily,0,1,1
unhappy,10,3,13
unhealthy,2,2,4
unheard,1,0,1
unherd,1,0,1
unhinged,1,0,1
unholy,1,2,3
uni,34,29,63
unicode,2,0,2
unicorn,5,2,7
unicornnn,0,1,1
unicorns,2,0,2
uniform,4,6,10
uniforms,1,0,1
unimaginable,1,0,1
unimpressed,1,1,2
uninformed,1,1,2
uninspired,1,0,1
uninstall,2,1,3
uninstalled,0,2,2
uninstalling,1,1,2
uninsured,1,0,1
unintentionally,0,1,1
uninterrupted,0,1,1
uninvited,3,1,4
union,8,3,11
uniqlo,1,0,1
unique,9,15,24
unisex,0,1,1
unisom,1,0,1
unison,2,1,3
unit,6,7,13
unitarians,1,0,1
unite,2,5,7
united,14,5,19
unitedway,1,0,1
unites,1,0,1
uniting,2,1,3
units,1,1,2
unity,3,1,4
univ,1,0,1
universal,1,2,3
universe,17,20,37
universities,0,1,1
university,10,8,18
uniwar,1,0,1
unix,1,0,1
unjoin,1,0,1
unknowing,0,1,1
unknowingly,0,1,1
unknown,12,6,18
unlce,1,0,1
unleashed,1,0,1
unless,47,74,121
unlesss,2,0,2
unlike,5,10,15
unliked,1,0,1
unlikely,4,3,7
unlimited,9,14,23
unload,1,0,1
unloading,1,0,1
unlock,3,2,5
unlockable,0,1,1
unlocked,4,7,11
unlocks,1,0,1
unloved,0,6,6
unltimate,1,0,1
unlucky,5,11,16
unmanned,1,0,1
unmentionables,1,0,1
unmitigated,0,1,1
unmomolo,0,1,1
unmute,0,1,1
unnacceptable,1,0,1
unnamed,0,1,1
unnatural,1,0,1
unnaturally,0,2,2
unnecessarily,0,3,3
unnecessary,1,5,6
unner,1,0,1
unnie,1,0,1
unno,0,1,1
uno,1,5,6
unoe,0,1,1
unofficial,2,0,2
unofficially,2,0,2
unorganized,0,1,1
unoriginal,2,1,3
unpack,0,2,2
unpacking,3,6,9
unpaid,1,2,3
unparalleled,1,0,1
unpardonable,0,1,1
unphased,0,1,1
unpleasant,0,3,3
unpleasantly,0,1,1
unpleasent,0,2,2
unplug,2,1,3
unplugged,2,1,3
unpne,0,1,1
unpopular,0,1,1
unpornrelated,1,0,1
unpredictable,1,1,2
unprepared,2,1,3
unproductive,2,1,3
unprofessional,0,1,1
unprotect,0,1,1
unreachable,2,0,2
unread,2,2,4
unreal,4,3,7
unrealesed,0,1,1
unrealistic,0,2,2
unrealized,0,1,1
unrecoverable,1,0,1
unregister,0,1,1
unreleasable,0,1,1
unreleased,0,1,1
unrepeateable,0,1,1
unresolved,0,1,1
unresponsible,0,1,1
unromantic,0,1,1
unrooted,1,0,1
unsafe,2,0,2
unsaid,1,0,1
unsalted,0,1,1
unsavvy,0,1,1
unseal,1,0,1
unsearchable,1,0,1
unseasonably,2,0,2
unseentv,1,0,1
unsettled,2,0,2
unsexy,0,1,1
unshaped,1,0,1
unsheffield,0,1,1
unsold,1,0,1
unsolicited,1,2,3
unspeakable,1,0,1
unstable,1,2,3
unstoppable,2,1,3
unsubbed,0,1,1
unsubing,1,0,1
unsubscribe,1,2,3
unsubscribed,1,0,1
unsubscribing,1,0,1
unsuccessful,2,0,2
unsuccessfully,1,1,2
unsuitable,1,0,1
unsupported,1,1,2
unsure,3,3,6
unsurprisingly,1,0,1
unsuspected,0,1,1
unsuspecting,1,0,1
unsuspendhisgoldeneyes,1,0,1
unsw,1,0,1
unswell,1,0,1
unt,1,0,1
unter,0,1,1
unthinkable,1,0,1
unti,1,0,1
untieing,1,0,1
until,226,272,498
untill,8,6,14
unto,1,1,2
untouchable,2,0,2
untouched,3,0,3
untoward,0,1,1
untranslatable,1,0,1
untrue,1,0,1
untuckem,0,1,1
unturned,0,1,1
untweetable,1,0,1
unu,1,0,1
unusable,1,0,1
unused,0,3,3
unusual,3,5,8
unusualllll,1,0,1
unusually,1,0,1
unusuals,0,1,1
unveil,1,0,1
unveiling,0,1,1
unwanted,2,2,4
unwashed,1,0,1
unwatched,0,1,1
unwavering,1,0,1
unwearable,0,1,1
unwell,3,2,5
unwilling,1,0,1
unwind,1,3,4
unwinding,0,1,1
unworldly,1,0,1
unworthy,0,1,1
unwrapping,0,1,1
unzip,1,0,1
uo,3,1,4
uoale,0,1,1
uof,1,0,1
uofl,0,1,1
uoloading,1,0,1
up,2249,2559,4808
upah,0,1,1
upbeat,6,3,9
upbringing,1,1,2
upchucks,1,0,1
upcoming,10,6,16
upd,1,0,1
updat,0,2,2
update,106,127,233
updated,31,34,65
updates,71,88,159
updatin,0,1,1
updating,19,19,38
updatinggggggg,1,0,1
updo,0,1,1
updte,0,1,1
upgradable,1,0,1
upgrade,24,28,52
upgraded,5,5,10
upgrades,2,4,6
upgrading,4,1,5
upgreade,0,1,1
uphill,0,2,2
upkeep,1,1,2
uplanders,0,1,1
uplaod,1,0,1
uple,1,0,1
uplift,0,1,1
uplifter,1,0,1
uplifting,2,2,4
upload,40,40,80
uploaded,12,17,29
uploading,10,12,22
uploads,1,3,4
uplodaed,0,1,1
upnmy,0,1,1
upon,12,14,26
upp,2,3,5
uppal,0,1,1
upped,0,1,1
upper,5,3,8
upperclassmen,1,0,1
upping,2,0,2
uppp,3,1,4
upppp,1,1,2
upppppppppppppppp,0,1,1
uppy,0,1,1
upright,1,2,3
uprise,1,0,1
uprizing,1,0,1
uproar,1,0,1
uprooted,0,1,1
ups,17,22,39
upscale,0,1,1
upseeeeet,1,0,1
upset,74,59,133
upsets,1,4,5
upsetting,7,9,16
upside,6,6,12
upsss,0,1,1
upstairs,6,7,13
upstate,1,3,4
upstream,0,3,3
uptdate,1,0,1
uptime,2,0,2
upto,3,4,7
uptodate,2,0,2
uptown,1,2,3
uptownherolover,0,1,1
upturned,0,1,1
upward,1,1,2
upwardly,0,1,1
upwards,1,1,2
uqh,1,1,2
uqhh,2,0,2
ur,473,844,1317
uranus,1,0,1
urarse,0,1,1
uratchet,1,0,1
urban,4,6,10
urbana,1,0,1
urbandictionary,1,0,1
urbane,0,2,2
urbannetwork,0,1,1
urbanscapes,0,1,1
urbsoph,1,0,1
urchin,0,1,1
urcracking,0,1,1
ure,10,13,23
ures,0,2,2
ureters,0,1,1
urg,3,0,3
urge,4,4,8
urgent,1,3,4
urgently,1,1,2
urges,0,1,1
urgh,8,13,21
urghh,2,0,2
urghhh,1,1,2
urghhhhh,1,0,1
uri,0,1,1
uride,1,0,1
urie,0,1,1
urijah,1,0,1
urin,0,1,1
urinate,1,0,1
urk,0,1,1
url,14,24,38
urlaub,1,0,1
urls,2,3,5
urm,2,0,2
urmareste,1,0,1
urmatoarea,1,0,1
urmm,0,1,1
urns,1,1,2
urr,2,1,3
urrgh,1,0,1
urrrg,1,0,1
urrrghhhh,1,0,1
urrrm,2,0,2
urs,7,13,20
ursa,0,1,1
urself,6,14,20
ursu,0,1,1
uruguay,2,0,2
us,489,720,1209
usa,10,27,37
usability,1,2,3
usable,1,1,2
usage,4,3,7
usagiangel,1,0,1
usally,1,0,1
usatoday,1,0,1
usawantsmcfly,8,0,8
usb,5,9,14
usc,1,0,1
usd,1,8,9
use,231,372,603
useby,1,0,1
used,178,223,401
useful,17,21,38
usefull,3,0,3
useless,22,11,33
uselessness,0,1,1
user,19,20,39
userid,0,1,1
userlist,0,1,1
userlists,0,1,1
userly,0,1,1
username,11,15,26
usernames,2,2,4
userpic,1,1,2
userpics,1,0,1
users,13,14,27
usertesting,1,0,1
uservoice,1,0,1
uses,8,19,27
usesnow,0,1,1
ushc,0,1,1
usher,2,2,4
usherrrr,0,1,1
using,145,255,400
usoc,0,1,1
usofa,1,0,1
uspokoite,0,1,1
usps,1,1,2
usr,0,1,1
uss,1,0,1
ussr,0,1,1
ust,0,3,3
usta,1,0,1
ustad,1,0,1
ustream,1,6,7
usua,1,0,1
usual,33,51,84
usuallty,1,0,1
usually,61,93,154
usuals,0,1,1
usualy,0,1,1
ut,2,5,7
utah,2,7,9
utama,1,1,2
utc,0,1,1
utd,1,0,1
ute,1,0,1
utensils,0,1,1
uterus,1,3,4
uti,2,2,4
utiful,1,0,1
utifully,1,0,1
utilities,0,2,2
utility,1,1,2
utilizing,0,1,1
utmost,0,1,1
utorrent,1,0,1
utrecht,0,2,2
uts,1,1,2
utter,4,2,6
utterli,0,1,1
utterly,4,5,9
utube,4,0,4
uu,3,7,10
uugghh,0,2,2
uugh,2,0,2
uuhm,0,1,1
uulitin,1,0,1
uum,0,1,1
uumm,1,0,1
uur,0,1,1
uuu,3,3,6
uuufff,0,1,1
uuugh,1,0,1
uuupps,1,0,1
uuuu,0,4,4
uuuugh,1,1,2
uuuup,0,1,1
uuuurrgggh,1,0,1
uuuuu,0,1,1
uuuuute,0,1,1
uuuuuu,2,0,2
uuuuuugh,0,1,1
uuuuuuughh,0,1,1
uuuuuuuugh,1,0,1
uuuuuuuuuuuuuu,1,0,1
uuwi,1,0,1
uv,2,1,3
uva,1,0,1
uve,3,6,9
uverse,1,1,2
uvs,0,1,1
uw,2,0,2
uwaa,0,2,2
uwaah,0,1,1
uwah,0,1,1
uwont,1,0,1
ux,2,1,3
uxlondon,0,1,1
uy,1,2,3
uys,2,0,2
uz,1,0,1
uzing,0,1,1
uzzz,1,0,1
va,10,13,23
vaaaan,1,0,1
vaaidaa,1,0,1
vac,1,0,1
vaca,1,7,8
vacance,0,1,1
vacancy,0,1,1
vacas,0,1,1
vacat,0,1,1
vacated,1,0,1
vacation,36,67,103
vacationed,0,1,1
vacationionion,1,0,1
vacations,9,3,12
vacatiooons,0,1,1
vacaville,0,1,1
vacay,5,12,17
vacayyy,0,1,1
vaccinated,0,1,1
vaccination,3,0,3
vaccinations,1,0,1
vaccine,0,2,2
vaccines,0,1,1
vaccuming,1,0,1
vaccuum,0,1,1
vaction,0,1,1
vacum,0,1,1
vacumming,1,1,2
vacuous,0,1,1
vacuum,1,3,4
vacuuming,0,1,1
vad,2,0,2
vada,1,0,1
vader,1,0,1
vagaries,1,0,1
vagina,3,4,7
vaginal,1,0,1
vagisil,1,0,1
vagrant,1,0,1
vague,0,2,2
vaguely,2,3,5
vai,0,2,2
vain,3,2,5
vair,1,0,1
vaisseau,0,1,1
vakker,1,0,1
val,0,7,7
vale,1,1,2
valencia,0,2,2
valenki,1,0,1
valentine,2,0,2
valentino,0,2,2
valenzuela,1,0,1
valerio,0,1,1
valeu,1,0,1
valid,2,8,10
validate,0,1,1
validated,1,0,1
validation,1,1,2
validity,1,0,1
valkailaye,1,0,1
valkyria,0,1,1
vall,1,0,1
valley,12,6,18
valonkantaja,1,0,1
valuable,7,4,11
valuables,0,1,1
valuation,0,1,1
value,10,13,23
valued,2,0,2
values,3,0,3
valv,0,1,1
valve,0,3,3
valvenews,1,0,1
vamapire,1,0,1
vamos,1,0,1
vamp,1,2,3
vampira,1,0,1
vampire,10,8,18
vampirebeatles,2,0,2
vampirebite,1,0,1
vampires,5,5,10
vampradio,1,0,1
vamps,1,1,2
van,22,9,31
vanah,0,1,1
vanananana,1,0,1
vanavond,1,0,1
vanchangecamp,1,0,1
vancouver,4,11,15
vancover,1,0,1
vandaag,1,0,1
vandalism,2,0,2
vandals,1,0,1
vanessa,5,5,10
vanessaaaa,1,0,1
vanesse,2,0,2
vanilia,0,1,1
vanilla,6,9,15
vanilli,0,1,1
vanish,0,1,1
vanished,5,2,7
vanishes,1,0,1
vanishingly,0,1,1
vanity,1,1,2
vans,1,2,3
vanuatu,1,0,1
vaped,1,0,1
vaporoutlet,1,0,1
vaporware,0,2,2
var,0,1,1
variability,0,1,1
variable,1,0,1
variant,1,0,1
variants,1,0,1
variation,1,2,3
varied,0,1,1
variety,3,7,10
varini,0,2,2
various,0,3,3
varnish,1,0,1
varsity,0,2,2
vary,0,1,1
varying,0,1,1
vas,0,1,1
vase,2,2,4
vasectomy,1,0,1
vaseline,1,0,1
vasquez,0,1,1
vast,2,2,4
vastly,2,0,2
vatican,0,1,1
vaughan,1,3,4
vaughn,0,1,1
vaulkhard,1,0,1
vault,1,1,2
vawnt,1,0,1
vaxed,0,2,2
vay,0,1,1
vaya,0,1,1
vaynerchuck,0,1,1
vazut,2,3,5
vball,1,1,2
vbox,0,1,1
vbs,2,0,2
vc,0,2,2
vce,1,0,1
vclip,0,1,1
vcr,1,3,4
vdos,1,0,1
vdsudeep,1,0,1
ve,770,1248,2018
veaction,0,1,1
veal,0,1,1
veces,1,0,1
vechukaraen,0,1,1
vector,3,1,4
vectors,2,0,2
vee,1,2,3
veeery,0,1,1
veg,2,5,7
vegan,10,6,16
vegans,0,1,1
vegas,62,68,130
vegemite,1,1,2
veges,0,1,1
vegetable,1,3,4
vegetables,2,5,7
vegetarian,4,9,13
vegetarianism,1,0,1
vegetarians,1,0,1
vegetate,0,1,1
vegetation,1,0,1
veggie,4,7,11
veggies,5,8,13
veggin,1,0,1
vegging,0,2,2
vegreville,0,1,1
vehicle,0,3,3
vehicles,0,1,1
veicas,0,1,1
veils,1,0,1
vein,1,1,2
veinage,0,1,1
veins,2,0,2
veishea,0,1,1
veiw,1,0,1
velcro,1,2,3
velho,0,1,1
vellipothaa,0,1,1
velma,1,0,1
velociraptors,0,1,1
velocity,1,1,2
velodrome,0,1,1
velvet,6,6,12
vem,0,1,1
vems,1,0,1
ven,1,0,1
vendawp,1,0,1
vendetta,0,1,1
vending,0,3,3
vendor,1,1,2
vendors,2,0,2
venetian,1,0,1
venetions,1,0,1
venezuela,1,7,8
venganza,1,0,1
venice,2,1,3
venison,0,1,1
venom,1,0,1
vent,4,6,10
vente,1,0,1
venti,2,0,2
ventian,1,0,1
ventilation,0,1,1
venting,1,1,2
ventriloquist,0,1,1
vents,0,1,1
venture,1,4,5
ventures,2,1,3
venue,12,13,25
venues,2,0,2
venus,0,3,3
veo,1,1,2
veoh,0,1,1
ver,1,5,6
vera,1,2,3
verarsche,1,0,1
verayy,0,1,1
verb,2,2,4
verbal,1,1,2
verbally,0,2,2
verbena,0,1,1
verbinski,1,0,1
verbos,0,1,1
verbose,0,1,1
verbs,1,0,1
verbunden,1,0,1
verdasco,1,0,1
verde,0,1,1
verdict,1,1,2
verdino,0,1,1
verdorie,1,0,1
verg,1,0,1
verge,1,2,3
vergin,1,0,1
verhindert,1,0,1
verhofstadt,0,1,1
verifeid,0,1,1
verified,0,4,4
verify,0,2,2
verifying,1,0,1
verii,1,0,1
verity,1,0,1
verizon,5,7,12
verlander,1,0,1
vermin,1,0,1
vernacualr,0,1,1
verne,1,1,2
vernon,0,1,1
veroinicas,1,0,1
veron,0,1,1
veronica,0,1,1
veronicas,2,0,2
verrerrrry,0,1,1
verrrry,1,0,1
verrry,2,0,2
verry,3,1,4
versa,1,4,5
versatile,1,1,2
verse,9,3,12
versed,0,1,1
verses,4,1,5
version,77,87,164
versions,5,11,16
versus,2,2,4
vertebrates,1,0,1
vertical,0,1,1
vertigo,0,1,1
veru,1,0,1
veruca,1,0,1
verve,1,0,1
ververy,1,0,1
very,731,1007,1738
veryan,0,1,1
verybadoptus,1,0,1
veryt,0,1,1
veryvery,0,1,1
veryy,3,1,4
veryyyyyyy,0,1,1
verzi,0,1,1
vesa,0,1,1
vesion,1,0,1
vespa,2,1,3
vesrsions,1,0,1
vessels,1,1,2
vest,1,0,1
vests,0,2,2
vet,9,11,20
veteran,1,2,3
veteranarian,1,0,1
vetoed,1,0,1
vets,5,1,6
vetst,0,1,1
vettel,4,1,5
vetter,0,1,1
vety,1,0,1
vey,2,2,4
veyr,0,1,1
vf,1,0,1
vfactory,0,2,2
vfc,0,5,5
vfl,0,1,1
vfth,2,0,2
vga,0,1,1
vgchartz,1,0,1
vgl,1,0,1
vh,1,2,3
vhs,2,2,4
vhss,0,1,1
vi,8,2,10
via,100,56,156
viable,1,1,2
viado,0,1,1
viagra,1,1,2
vianny,1,0,1
viao,0,1,1
viaton,1,0,1
vibe,5,4,9
vibes,4,12,16
vibrate,0,1,1
vibrates,1,0,1
vibrations,1,0,1
vibrator,0,4,4
viburnum,1,0,1
vic,5,1,6
vicam,0,1,1
vicar,1,0,1
vicariously,4,3,7
viccek,1,0,1
vice,2,5,7
vicente,1,0,1
viceroy,1,1,2
vici,1,0,1
vicia,0,1,1
viciei,0,1,1
viciiei,1,0,1
vicinity,1,2,3
vicious,2,1,3
vickey,1,0,1
vicki,1,2,3
vicks,1,1,2
vicky,0,2,2
vicodin,1,0,1
victim,2,4,6
victims,6,4,10
victom,0,1,1
victor,0,1,1
victoria,3,4,7
victory,5,4,9
vid,46,47,93
vida,2,0,2
vidalia,1,0,1
vidchat,0,1,1
vidddsss,1,0,1
viddy,1,0,1
video,203,247,450
videocam,0,1,1
videogame,0,1,1
videohistoria,0,1,1
videomag,1,0,1
videoo,1,1,2
videos,36,60,96
videotape,0,1,1
videoz,0,1,1
vidi,0,1,1
vidoes,0,1,1
vidor,0,1,1
vids,20,28,48
vidssss,1,0,1
vidzone,1,0,1
vie,1,0,1
vieja,1,0,1
viel,2,3,5
viendo,1,0,1
vienn,0,1,1
vienna,1,1,2
viennoziimiigi,0,1,1
viens,0,1,1
vier,0,1,1
viernes,1,0,1
vies,1,0,1
viet,1,1,2
vietnam,2,3,5
vietnamese,2,1,3
view,44,52,96
viewable,2,0,2
viewed,4,2,6
viewer,1,2,3
viewers,2,3,5
viewidge,1,0,1
viewing,3,6,9
viewings,0,1,1
viewpoint,0,2,2
views,10,9,19
viewty,0,1,1
viggo,0,2,2
vigilante,0,1,1
vigor,0,1,1
vii,0,1,1
viiisto,1,0,1
vijoy,0,1,1
vijver,0,1,1
viki,1,0,1
viking,1,4,5
vikings,1,0,1
vikki,2,0,2
viktoria,0,1,1
vilaine,1,0,1
vile,1,3,4
vill,1,0,1
villa,0,1,1
villadelavalle,1,0,1
village,3,10,13
villages,1,0,1
villagetelco,1,0,1
villain,1,0,1
villanis,0,1,1
villarreal,1,0,1
villas,1,0,1
ville,0,1,1
villey,1,0,1
villian,0,1,1
vim,2,0,2
vimeo,2,1,3
vimeoed,1,0,1
vin,1,2,3
vince,2,1,3
vincent,1,1,2
vinci,8,0,8
vind,0,1,1
vinde,1,0,1
vindication,1,0,1
vindicia,1,0,1
vindo,0,1,1
vindows,1,0,1
vine,2,0,2
vinegar,1,1,2
vineland,0,1,1
vines,7,3,10
vineyard,0,2,2
vinnie,0,1,1
vinny,1,3,4
vinnys,1,0,1
vino,1,1,2
vintage,5,4,9
vinyl,4,8,12
vio,0,1,1
vioce,1,0,1
viola,2,1,3
violate,0,1,1
violated,2,2,4
violation,0,1,1
violence,10,2,12
violent,6,1,7
violently,0,1,1
violet,2,2,4
violets,1,0,1
violin,6,2,8
violinist,1,0,1
violins,3,0,3
vip,59,145,204
vipforlife,1,0,1
vips,0,1,1
vir,1,1,2
virada,1,0,1
viral,5,1,6
viray,0,1,1
virgin,8,8,16
virgina,1,0,1
virginia,3,7,10
virginity,1,1,2
virginradio,0,1,1
virgins,1,2,3
virgo,3,2,5
virgos,1,0,1
viria,1,0,1
virl,2,0,2
virnisha,1,0,1
virtua,1,0,1
virtual,14,28,42
virtualbox,3,1,4
virtualise,0,1,1
virtually,0,2,2
virtue,2,1,3
virual,0,1,1
virus,8,10,18
viruses,2,2,4
vis,1,1,2
visa,5,7,12
visas,0,1,1
visat,0,1,1
viscious,0,1,1
viscosities,0,1,1
viscott,1,0,1
viseze,1,0,1
vishesham,0,1,1
vishnugopal,1,0,1
vishnupsp,0,1,1
visible,2,5,7
visic,0,1,1
visio,1,1,2
vision,4,4,8
visionary,1,0,1
visit,78,141,219
visitasz,1,0,1
visitation,0,1,1
visited,4,12,16
visitin,1,0,1
visiting,19,26,45
visitng,1,1,2
visitor,0,1,1
visitors,0,1,1
visits,1,7,8
visitt,1,0,1
visor,1,1,2
vista,7,9,16
vistadb,0,1,1
vistas,0,1,1
vistasp,1,0,1
viste,0,1,1
visto,0,1,1
visual,6,7,13
visualforce,1,0,1
visualization,0,1,1
vit,1,1,2
vita,1,2,3
vital,0,3,3
vitamens,1,0,1
vitamin,6,3,9
vitamins,2,1,3
vitesse,0,1,1
vito,1,1,2
vitolio,1,0,1
vitwater,0,1,1
viu,1,0,1
viv,0,1,1
viva,7,2,9
vivaldi,0,1,1
vivi,1,1,2
viviene,1,0,1
vivio,1,0,1
vivo,1,0,1
vivre,0,1,1
vixen,1,0,1
viz,1,0,1
vizioncore,1,0,1
vizita,1,0,1
vizzle,0,1,1
vl,0,1,1
vlad,1,0,1
vlaning,0,1,1
vlb,1,0,1
vlc,2,0,2
vle,1,0,1
vlog,1,3,4
vlogging,1,0,1
vloggity,0,1,1
vlogs,0,1,1
vls,0,1,1
vm,0,4,4
vma,1,0,1
vmdc,0,1,1
vmers,1,0,1
vmk,1,0,1
vml,1,0,1
vmlinux,1,0,1
vmoda,1,0,1
vmware,1,1,2
vmworld,0,2,2
vn,1,0,1
vnhs,1,0,1
vnv,2,0,2
vo,1,1,2
vobec,1,0,1
voc,2,3,5
vocab,1,4,5
vocabulary,1,0,1
vocal,3,3,6
vocalist,0,3,3
vocalists,1,0,1
vocally,1,0,1
vocals,3,3,6
vocation,1,0,1
voce,0,1,1
voda,0,2,2
vodacom,1,0,1
vodafone,1,4,5
vodka,17,14,31
vodkaaaa,1,0,1
vodkas,1,0,1
vodkones,1,0,1
vodou,0,2,2
vof,0,2,2
vog,2,0,2
voi,1,0,1
voice,70,62,132
voicemail,3,5,8
voicemails,1,0,1
voiceover,2,2,4
voices,4,1,5
voicing,1,1,2
void,0,3,3
voile,1,0,1
voip,0,1,1
vol,4,2,6
volareee,1,0,1
volcano,1,2,3
volcanoes,0,1,1
voldemort,0,1,1
volkonsky,0,1,1
volkswagen,1,0,1
volley,1,0,1
volleybal,0,1,1
volleyball,5,5,10
voltage,1,0,1
voltaire,1,1,2
voltas,1,0,1
voltron,2,0,2
voltrons,1,0,1
volturi,0,1,1
volume,7,5,12
volumes,1,0,1
volumizing,1,0,1
voluntarily,1,0,1
voluntary,1,1,2
volunteer,7,5,12
volunteered,1,2,3
volunteering,1,2,3
volunteers,1,2,3
voluntereed,0,1,1
volvicchallenge,1,0,1
volvo,0,1,1
vom,1,1,2
vometing,1,0,1
vomit,3,3,6
vomited,0,1,1
vomming,0,1,1
von,3,2,5
vontade,2,0,2
voodoo,2,4,6
voracious,0,1,1
vorbit,0,1,1
voroblobs,1,0,1
voronin,1,0,1
vorosphere,1,0,1
vorsicht,1,0,1
vorsite,0,1,1
vortex,2,1,3
votaron,1,0,1
vote,71,87,158
voted,23,36,59
votediversity,8,0,8
votediversty,1,0,1
votehandmade,0,1,1
votei,0,1,1
votemcfly,8,0,8
voters,0,3,3
votes,6,13,19
votetocracy,2,0,2
votin,1,3,4
voting,16,28,44
vou,3,3,6
vouch,1,0,1
voucher,1,0,1
vouchers,1,2,3
voula,1,0,1
vous,0,1,1
voutloos,1,0,1
vow,1,0,1
vowel,0,1,1
voxing,1,0,1
voy,1,0,1
voyage,1,1,2
voyager,0,1,1
voyeur,1,1,2
voyeuristic,1,0,1
voyou,0,1,1
vp,2,2,4
vpn,1,1,2
vpns,0,1,1
vps,0,2,2
vrea,2,0,2
vreau,1,0,1
vrhnu,0,1,1
vroom,2,0,2
vruce,1,0,1
vrut,0,1,1
vs,31,22,53
vscpa,0,1,1
vss,1,0,1
vstuff,1,0,1
vt,1,0,1
vtoed,1,0,1
vtx,0,1,1
vu,1,3,4
vuitton,0,1,1
vujacic,0,1,1
vulcan,2,3,5
vulcana,0,1,1
vulnerable,1,1,2
vulture,1,0,1
vunerable,0,1,1
vuol,1,0,1
vuole,1,0,1
vur,0,1,1
vvv,2,0,2
vw,1,2,3
vwll,1,0,1
vwllers,1,0,1
vydechnout,0,1,1
vyhraji,1,0,1
vyzkou,1,0,1
vz,0,1,1
vzw,1,0,1
wa,9,15,24
waa,0,4,4
waaaa,0,3,3
waaaaaaa,0,1,1
waaaaaaaa,0,1,1
waaaaaaaaaaaa,0,1,1
waaaaaaaaaaaaay,0,1,1
waaaaaaaaaaaahhhhhhhhhhhhhhhhhh,0,1,1
waaaaaaay,1,1,2
waaaaaah,0,1,1
waaaaaahhhhhh,0,1,1
waaaaaay,0,2,2
waaaaah,1,2,3
waaaaaheva,0,1,1
waaaaahhh,1,1,2
waaaaay,1,1,2
waaaaayyyyy,0,1,1
waaaah,0,2,2
waaaahhh,0,2,2
waaaasted,0,1,1
waaaay,3,4,7
waaaayyyyyy,0,1,1
waaack,1,0,1
waaah,1,1,2
waaahahahaha,0,1,1
waaahh,0,1,1
waaahhhhh,1,0,1
waaannnnnt,0,1,1
waaannttttt,0,1,1
waaas,0,1,1
waaay,4,7,11
waah,1,3,4
waahh,2,0,2
waahhh,2,0,2
waasted,0,1,1
waaw,0,1,1
waay,3,0,3
waayy,1,0,1
wab,1,0,1
wabash,1,0,1
wabbit,1,1,2
waccckkk,0,1,1
wachin,1,0,1
waching,0,2,2
wachovia,2,0,2
wacht,0,1,1
wack,7,10,17
wacked,0,1,1
wacko,1,1,2
wacky,1,2,3
wad,0,1,1
waddaboutit,1,0,1
waddling,1,0,1
waddup,1,2,3
wade,3,3,6
wadhayian,0,1,1
wadup,0,1,1
waer,1,0,1
wafers,1,0,1
waffle,5,7,12
wafflehouse,1,1,2
waffles,10,3,13
wag,1,1,2
wagamama,0,1,1
wage,2,3,5
wager,0,2,2
wages,1,0,1
waggle,0,1,1
wagh,0,1,1
wagon,0,2,2
wah,13,10,23
wahaahha,0,1,1
wahaha,1,1,2
wahahahahah,1,0,1
wahay,0,1,1
waheeeeey,0,1,1
wahey,1,0,1
wahh,1,1,2
wahhh,0,3,3
wahhhh,3,1,4
wahhhhh,1,0,1
wahhhhhhhh,1,0,1
wahnsinn,0,1,1
wahoo,0,3,3
wahoooo,0,1,1
wahooooo,0,1,1
waht,2,2,4
wahts,1,0,1
wahwahwah,1,0,1
waiheke,0,1,1
waiiit,1,0,1
waiit,4,0,4
waiittttt,1,0,1
wail,1,0,1
wailing,1,0,1
waint,0,1,1
wainting,0,1,1
wainwright,1,1,2
waipahu,1,1,2
waise,2,1,3
waist,5,4,9
waisted,1,1,2
waisting,2,0,2
waists,0,1,1
wait,560,674,1234
waite,3,1,4
waited,8,14,22
waiter,0,4,4
waiters,1,1,2
waitin,16,7,23
waiting,185,192,377
waitinq,1,0,1
waitress,1,1,2
waitressing,1,0,1
waits,6,3,9
waitsburg,0,1,1
waitstaff,1,0,1
waitt,0,3,3
waittttt,1,0,1
waitwait,1,0,1
waive,0,1,1
wajib,0,1,1
wak,2,0,2
wake,82,73,155
wakeboard,1,1,2
wakeboarding,0,1,1
wakefield,1,0,1
wakenbake,1,0,1
wakened,1,0,1
waker,1,0,1
wakes,13,4,17
waketraining,1,0,1
wakeup,1,0,1
wakilllll,0,1,1
wakin,2,2,4
waking,28,16,44
wal,1,4,5
wala,3,8,11
walah,0,1,1
walang,1,2,3
walao,0,2,2
wald,1,0,1
waldi,0,1,1
waldo,3,1,4
waldorf,0,1,1
wale,0,2,2
wales,8,3,11
walet,1,0,1
walfische,1,0,1
walgreens,0,1,1
wali,0,1,1
walk,78,92,170
walked,21,22,43
walker,2,0,2
walkers,1,1,2
walkies,0,1,1
walkin,0,3,3
walking,34,39,73
walkinonit,0,1,1
walkmans,1,0,1
walks,7,3,10
wall,27,47,74
walla,1,1,2
wallace,2,2,4
wallah,0,1,1
wallbeds,1,0,1
wallet,7,14,21
wallets,1,0,1
wallflower,2,0,2
wallhuggers,1,0,1
wallingford,1,0,1
wallow,1,1,2
wallowing,3,0,3
wallpaper,7,5,12
wallpapers,1,2,3
walls,19,7,26
wally,1,2,3
walmart,10,6,16
walmarts,0,1,1
walnuts,2,0,2
walrus,0,1,1
walt,3,0,3
walter,2,1,3
walters,0,1,1
walton,1,0,1
waltz,3,0,3
waltzed,1,0,1
wamt,1,0,1
wan,4,5,9
wana,16,13,29
wanasa,1,0,1
wand,2,1,3
wanda,1,0,1
wander,0,4,4
wandered,1,0,1
wanderin,1,0,1
wandering,1,1,2
wang,1,0,1
wangle,0,1,1
wangled,0,1,1
wango,1,0,1
wangs,1,0,1
wanita,1,0,1
wank,0,2,2
wanker,1,4,5
wankers,3,0,3
wanna,422,467,889
wannaa,0,1,1
wannaaa,1,0,1
wannabe,1,0,1
wannaget,1,0,1
wannna,1,1,2
wannnnnnnnnnt,0,1,1
wannt,1,1,2
wannttt,0,1,1
wannw,1,0,1
wanst,1,1,2
want,1095,1226,2321
wanta,1,0,1
wantcha,0,1,1
wanted,267,334,601
wanthz,0,1,1
wantin,0,2,2
wanting,26,26,52
wantingg,1,0,1
wants,97,80,177
wantstocomenow,0,1,1
wantt,1,0,1
wantttt,0,1,1
wantttts,1,0,1
wantz,2,0,2
waooww,0,1,1
waps,0,1,1
war,19,22,41
warburtons,0,1,1
warcraft,3,2,5
ward,7,5,12
warden,1,0,1
wardriving,1,0,1
wardrobe,3,4,7
wardytrip,1,0,1
warehouse,1,1,2
wares,0,1,1
warez,1,0,1
warfare,2,2,4
warga,1,0,1
wargames,1,0,1
warhead,1,0,1
warhol,0,1,1
warm,62,56,118
warmed,0,1,1
warmer,5,6,11
warmers,0,1,1
warming,7,1,8
warmly,1,0,1
warms,0,1,1
warmth,5,0,5
warn,0,4,4
warned,7,4,11
warner,3,2,5
warning,16,10,26
warnings,1,2,3
warns,2,1,3
warp,2,0,2
warped,10,11,21
warpig,0,1,1
warrant,0,2,2
warranty,1,2,3
warren,3,0,3
warrior,1,3,4
warriors,2,2,4
warrrm,0,1,1
warrrrm,0,1,1
wars,17,17,34
warsal,1,0,1
warsaw,1,0,1
warst,1,0,1
wart,1,0,1
warts,0,1,1
warty,0,1,1
warum,0,1,1
warwick,0,2,2
wary,1,1,2
was,3028,4615,7643
wasabi,1,2,3
wasall,0,1,1
wasan,1,0,1
wasent,1,0,1
wash,13,26,39
washcloth,0,1,1
washed,7,10,17
washer,3,2,5
washes,0,2,2
washing,16,9,25
washingt,1,0,1
washington,10,8,18
washingtonnn,1,0,1
washout,0,1,1
waslooking,1,0,1
wasn,1,3,4
wasnt,47,58,105
wason,1,0,1
wasp,1,0,1
wasps,1,0,1
wass,1,1,2
wassoufbook,1,0,1
wassssup,1,0,1
wasssup,0,1,1
wassup,4,12,16
waste,29,23,52
wasted,16,14,30
wasteland,1,1,2
waster,0,1,1
wastetimechasingcars,1,0,1
wasting,5,3,8
wasup,0,2,2
wasused,0,1,1
wat,42,55,97
watch,377,467,844
watcha,1,4,5
watched,103,129,232
watcher,0,1,1
watchers,1,3,4
watches,5,2,7
watchg,1,0,1
watchh,0,1,1
watchin,31,18,49
watching,291,277,568
watchingn,0,1,1
watchingz,0,1,1
watchinq,1,0,1
watchmen,1,1,2
watchn,0,1,1
watchng,1,0,1
watchu,0,1,1
wate,0,1,1
water,83,100,183
waterboarding,1,0,1
watercolor,0,1,1
watercolors,0,1,1
watered,1,1,2
waterfall,2,1,3
waterfalls,1,0,1
waterfights,0,1,1
waterford,0,1,1
waterfront,1,0,1
watergate,1,0,1
watergun,1,0,1
watering,4,4,8
waterloo,0,1,1
watermark,1,3,4
watermelon,2,3,5
waterproof,0,1,1
waterproofs,2,0,2
waters,2,2,4
watershed,2,2,4
waterskiing,0,1,1
waterslides,1,0,1
waterstones,0,1,1
watery,1,2,3
watev,0,1,1
wateva,1,1,2
watevaa,0,1,1
watever,4,0,4
watford,1,0,1
wati,0,1,1
wating,1,1,2
watir,0,1,1
watoto,0,1,1
wats,11,14,25
watse,1,0,1
watsky,1,0,1
watsoever,1,0,1
watson,3,2,5
watsup,0,1,1
wattleton,0,1,1
wattpad,1,0,1
watts,1,2,3
wattson,1,0,1
watty,1,0,1
watz,1,1,2
wauw,0,1,1
wav,0,1,1
wave,17,25,42
wavechurch,1,0,1
waved,2,4,6
wavered,0,1,1
waverley,0,1,1
waverly,1,1,2
waves,24,17,41
wavier,1,0,1
wavin,1,0,1
waving,9,7,16
wavy,2,2,4
waw,0,1,1
wawa,1,0,1
wax,0,1,1
waxed,1,0,1
waxing,0,2,2
waxonian,0,1,1
waxwings,0,1,1
waxy,0,1,1
way,591,879,1470
waye,1,0,1
wayed,0,1,1
wayf,0,1,1
wayfers,0,1,1
wayman,1,0,1
wayne,9,0,9
ways,19,27,46
wayss,0,1,1
waystogetagirlsattention,2,0,2
waytoojazzy,1,0,1
wayward,1,0,1
wayy,0,9,9
wayyou,0,1,1
wayyy,3,4,7
wayyyy,3,4,7
wayyyyy,1,1,2
wayyyyyyy,1,0,1
wayyyyyyyy,0,1,1
wayyyyyyyyyy,0,1,1
waz,0,3,3
wazzup,2,0,2
wazzza,0,1,1
wazzzzzup,1,0,1
wb,2,4,6
wbl,0,1,1
wbu,4,8,12
wbuu,0,1,1
wc,3,3,6
wccamp,1,0,1
wcchicago,2,1,3
wci,0,1,1
wcing,1,0,1
wcng,1,0,1
wd,0,1,1
wdas,1,0,1
wdg,1,0,1
wdnt,1,0,1
wdybt,0,1,1
we,2070,3211,5281
wead,0,1,1
weak,24,8,32
weakened,0,1,1
weaker,0,1,1
weakest,2,1,3
weakness,5,3,8
weaknesses,3,1,4
weaksauce,1,0,1
wealth,1,2,3
wealthy,2,0,2
weaning,1,0,1
weapon,1,2,3
weapons,3,0,3
wear,54,78,132
wearescrewed,0,1,1
wearestupid,1,0,1
wearin,2,5,7
wearing,32,39,71
wearm,1,0,1
wearning,0,1,1
wears,6,5,11
wearther,1,0,1
weary,2,0,2
wearying,1,0,1
weasel,0,1,1
weasley,0,1,1
weatha,1,0,1
weather,172,225,397
weatherman,0,2,2
weathers,0,2,2
weathr,1,0,1
weave,2,3,5
weaver,1,0,1
weaving,1,1,2
web,58,56,114
webair,0,1,1
webb,1,1,2
webbbbbbbbbbbbbbbbbbbbbb,1,0,1
webbed,1,0,1
webber,2,0,2
webbrowser,0,1,1
webby,1,0,1
webcam,5,11,16
webcamp,0,1,1
webcams,1,0,1
webcast,6,3,9
webchat,1,0,1
webcomic,0,1,1
webcopy,1,0,1
webdesignermag,1,0,1
webdu,2,2,4
webers,0,1,1
webicina,1,0,1
webinale,1,0,1
webinar,6,1,7
webinars,0,1,1
webisodes,0,1,1
webiste,0,1,1
webjam,0,1,1
webkit,0,1,1
weblivz,1,0,1
webmaster,0,1,1
webmission,1,0,1
webos,0,1,1
webpage,2,5,7
webpm,0,1,1
webs,1,1,2
websecurity,1,0,1
websense,1,1,2
webserver,1,0,1
webside,0,1,1
websiite,0,1,1
website,60,98,158
websites,12,3,15
websitesss,0,1,1
websoup,1,0,1
webtech,3,0,3
webvan,0,1,1
wed,15,24,39
weddding,1,0,1
wedded,1,0,1
weddin,0,1,1
wedding,60,78,138
weddings,6,4,10
wedge,1,0,1
wedges,1,0,1
wednesbury,1,0,1
wednesday,47,65,112
wednesdays,1,2,3
wednesdayy,0,1,1
wedns,0,1,1
wednsaday,0,1,1
wednseday,0,1,1
weds,1,8,9
wee,15,25,40
weeaboo,0,1,1
weebl,1,0,1
weed,7,2,9
weeding,1,4,5
weedman,1,0,1
weeds,0,7,7
weee,1,1,2
weeee,1,1,2
weeeee,1,1,2
weeeeee,1,2,3
weeeeeeeee,0,1,1
weeeeeeeeeeeeee,1,0,1
weeeeeeeeeeeeeeee,1,0,1
weeeeeeeeek,1,0,1
weeeeeeek,0,1,1
weeeeeelllllll,1,0,1
weeeeek,1,1,2
weeeekend,1,0,1
weeeellll,1,0,1
weeeet,0,1,1
weeeh,1,0,1
weeek,2,1,3
weeell,0,1,1
weeelll,1,0,1
weefacation,1,0,1
weeing,0,1,1
week,500,665,1165
weekday,1,1,2
weekdays,2,3,5
weeked,0,2,2
weekend,320,464,784
weekendddd,1,0,1
weekender,0,1,1
weekendroad,0,1,1
weekends,22,37,59
weekeng,1,0,1
weeker,0,1,1
weekinpictures,1,0,1
weekly,7,5,12
weeknd,1,0,1
weeknight,0,1,1
weeknites,1,0,1
weeks,131,198,329
weell,0,1,1
weellll,0,1,1
ween,0,1,1
weeners,0,1,1
weenie,2,1,3
weep,2,3,5
weeping,1,1,2
weeps,3,1,4
weepy,1,1,2
weet,4,2,6
weetbix,2,0,2
weevils,0,1,1
weew,1,0,1
weeworld,1,0,1
weez,0,1,1
weezer,1,0,1
weezy,3,1,4
wefollow,1,0,1
weget,0,1,1
wegs,0,1,1
weh,1,2,3
wehehe,1,0,1
wehehehehe,1,0,1
wehr,0,1,1
wei,2,4,6
weibe,0,1,1
weigh,2,4,6
weighed,3,2,5
weighs,1,1,2
weight,25,26,51
weightless,1,2,3
weightlifter,0,1,1
weightlifting,1,0,1
weights,3,4,7
weiiird,0,1,1
weikert,1,0,1
weir,1,0,1
weird,76,118,194
weirdal,1,0,1
weirdaltv,1,0,1
weirdd,1,1,2
weirddd,1,0,1
weirdddddd,0,1,1
weirder,0,1,1
weirdest,1,2,3
weirdly,5,1,6
weirdness,1,0,1
weirdnesses,1,0,1
weirdo,5,6,11
weirdos,2,3,5
weiss,0,1,1
weissen,1,0,1
weiter,1,0,1
weith,0,1,1
weitzmans,0,1,1
weiwei,1,0,1
weizen,2,0,2
wel,8,3,11
welch,0,1,1
welche,0,1,1
welcome,246,544,790
welcomebackcarter,0,1,1
welcomed,2,4,6
welcomee,3,1,4
welcomeee,0,3,3
welcomeeeeeeeeeeeeeeeeeeeeeeeeee,0,1,1
welcomes,1,4,5
welcometothecircle,0,1,1
welcoming,1,2,3
welcommmmmme,0,1,1
welcum,1,1,2
welding,0,1,1
weleh,0,1,1
welfare,0,1,1
welker,0,2,2
well,1249,1921,3170
wella,0,1,1
wellbeing,0,1,1
wellcome,0,1,1
weller,1,0,1
welles,1,1,2
wellies,2,0,2
wellington,1,2,3
wellish,0,1,1
welll,7,12,19
wellll,3,9,12
wellllll,1,1,2
welllllll,0,1,1
wellmont,0,1,1
wellnessone,0,1,1
wells,5,3,8
wellwood,0,1,1
welly,0,1,1
wellz,2,0,2
welnaby,2,0,2
welp,3,3,6
welsh,2,3,5
welt,0,1,1
welterwieght,0,1,1
wembely,0,1,1
wembley,0,6,6
wemissed,0,1,1
wen,26,22,48
wendla,1,0,1
wendoo,1,0,1
wends,0,1,1
wendy,13,5,18
wendys,1,1,2
wenesday,0,1,1
wenna,0,1,1
went,295,412,707
wentz,2,0,2
wentzer,1,0,1
wenzhou,0,1,1
wept,1,1,2
wer,3,8,11
werchter,0,3,3
werd,0,5,5
werdd,1,0,1
werder,0,1,1
were,602,931,1533
weree,1,1,2
werent,6,4,10
werewolf,2,1,3
werewolves,0,1,1
werk,2,1,3
werken,1,0,1
wernt,1,1,2
werwolf,0,1,1
wes,0,5,5
wesh,1,0,1
wesssstsiiiiiide,1,0,1
west,32,25,57
westcountry,1,0,1
westerly,1,0,1
western,5,6,11
westfest,1,0,1
westfield,1,0,1
westgate,0,2,2
westillhavesexting,0,1,1
westlakes,0,1,1
westlaw,1,0,1
westlife,1,3,4
westminster,0,1,1
weston,1,2,3
westons,1,0,1
westphal,0,1,1
wests,2,0,2
westside,1,0,1
westtttt,1,0,1
westwick,1,0,1
westwood,1,0,1
wet,24,35,59
wetfloor,1,0,1
wethekings,2,0,2
wether,1,2,3
wetherall,1,0,1
wetness,1,0,1
wetsuits,1,0,1
wetten,0,1,1
wetter,1,0,1
wetting,1,3,4
weurgh,0,1,1
weve,0,3,3
wever,1,0,1
wew,0,3,3
wexler,0,1,1
wey,1,0,1
wezw,0,1,1
wf,1,1,2
wfh,0,1,1
wft,1,0,1
wftb,4,1,5
wgm,0,1,1
wgr,0,1,1
wgt,2,0,2
wgtn,0,1,1
wh,3,2,5
wha,3,4,7
whaa,3,0,3
whaaa,2,2,4
whaaaaaaa,0,1,1
whaaaaaaaa,0,1,1
whaaaaaaat,0,2,2
whaaaaap,1,0,1
whaaaaat,0,2,2
whaaaat,3,5,8
whaaaatt,1,0,1
whaaat,0,2,2
whaaattt,1,0,1
whaat,0,1,1
whack,2,2,4
whacked,0,1,1
whacking,1,0,1
whackkkk,1,0,1
whackwednesday,1,0,1
whad,1,0,1
whaddduuup,1,0,1
whaddup,0,1,1
whah,0,1,1
whaha,0,1,1
whahhh,1,0,1
whale,11,6,17
whalers,1,0,1
whales,2,1,3
whaley,1,0,1
whalies,1,0,1
whaling,1,0,1
wham,1,0,1
whammy,0,1,1
whangamata,0,1,1
whao,1,0,1
whas,1,0,1
whassup,1,0,1
whasup,1,1,2
what,1799,2594,4393
whata,2,0,2
whataaaaaaa,0,1,1
whataburger,1,1,2
whatare,1,0,1
whatch,1,0,1
whatcha,5,9,14
whatchall,0,1,1
whatchu,2,3,5
whatchur,0,1,1
whatchya,0,1,1
whatdafuxup,1,0,1
whatdid,0,1,1
whate,0,1,1
whatev,4,1,5
whateva,2,3,5
whatevaaa,1,0,1
whatevah,0,1,1
whatever,76,93,169
whateverelse,0,1,1
whateverlife,0,1,1
whateverr,0,1,1
whatevers,1,0,1
whatevr,1,0,1
whatevs,5,3,8
whatevskis,1,0,1
whatevsz,1,0,1
whatif,2,0,2
whatisthat,0,1,1
whatiwantformybirthday,1,0,1
whatnot,0,1,1
whats,82,133,215
whatsamatter,0,1,1
whatsmysection,0,25,25
whatsoeva,1,0,1
whatsoever,1,1,2
whatss,1,2,3
whatssup,0,1,1
whatsup,2,3,5
whatta,3,3,6
whatteeverr,1,0,1
whatthebuck,1,0,1
whatthefuck,0,1,1
whattt,1,2,3
whatttt,0,1,1
whattuppp,0,1,1
whatup,1,0,1
whatwomenwant,1,0,1
whatwouldyoudoif,1,0,1
whatxhing,1,0,1
whatya,0,1,1
whatz,0,1,1
whayy,0,1,1
whaz,0,1,1
whazup,0,1,1
whb,1,0,1
whch,0,1,1
whcih,0,1,1
whe,1,0,1
wheat,4,1,5
wheather,0,1,1
wheaties,0,1,1
wheaty,0,1,1
wheb,1,0,1
whedon,0,1,1
whee,0,3,3
wheee,1,0,1
wheeee,2,0,2
wheeeeeee,1,0,1
wheeeeeeeeeeeee,0,1,1
wheeeeeeeeeeeeeeeeeeeeeeeeeeeeeeeeeeeeeeee,1,0,1
wheel,8,6,14
wheelchair,2,1,3
wheeled,0,1,1
wheelie,0,1,1
wheeling,0,1,1
wheels,3,8,11
wheelsuckers,0,1,1
wheely,1,0,1
wheenn,1,0,1
wheezing,0,1,1
wheezy,1,1,2
when,1356,1666,3022
whence,1,1,2
whene,1,0,1
wheneva,1,0,1
whenever,26,33,59
wheniruletheworld,1,0,1
wheniwasakid,1,0,1
wheniwerealad,3,0,3
whenn,0,1,1
whennn,0,1,1
whenopeneing,1,0,1
whens,1,7,8
wher,1,0,1
where,433,566,999
whereabouts,3,3,6
whereas,3,3,6
whered,1,1,2
whereee,1,0,1
whereeeeeee,0,1,1
wherein,0,1,1
whereisjoeymcintyre,2,0,2
wheres,8,5,13
wheresmybailout,1,0,1
wheretf,0,1,1
wherever,4,12,16
wherr,0,1,1
whether,14,19,33
whew,5,6,11
whey,2,0,2
whhhaaa,1,0,1
whhhen,0,1,1
whhhhhhat,1,0,1
whhhhhhhhhhhhhy,1,0,1
whhhhy,1,0,1
whhhyyyyy,0,1,1
whhole,0,1,1
whhore,1,0,1
whhy,1,0,1
whhyy,0,1,1
whic,1,0,1
which,210,285,495
whichdoemst,1,0,1
whichever,2,2,4
whichs,0,1,1
whiff,1,0,1
whiiiiiiiiiiines,1,0,1
while,262,312,574
whiletwitterwasdown,1,0,1
whilst,13,17,30
whimper,2,2,4
whimpered,1,0,1
whimpers,3,0,3
whine,2,6,8
whiner,0,1,1
whines,0,1,1
whiney,0,1,1
whinge,2,0,2
whinin,0,1,1
whining,9,6,15
whinmoor,0,1,1
whiny,2,1,3
whip,4,7,11
whiplash,1,2,3
whipped,3,5,8
whippee,0,1,1
whirl,0,3,3
whirlpool,1,0,1
whirlwind,2,1,3
whiskers,1,0,1
whiskery,1,0,1
whiskey,3,6,9
whisky,1,4,5
whisper,5,2,7
whispered,1,0,1
whisperer,1,1,2
whispering,1,3,4
whispers,5,2,7
whistle,3,2,5
whistles,1,2,3
whistling,0,1,1
whit,3,3,6
whitaker,0,1,1
whitby,1,0,1
white,79,81,160
whiteboard,0,1,1
whitehouse,0,1,1
whitelisted,1,0,1
whitening,0,2,2
whiterockchick,1,0,1
whites,1,1,2
whitesox,0,1,1
whitey,1,0,1
whither,1,0,1
whitie,0,1,1
whitlam,1,0,1
whitney,4,4,8
whittier,0,1,1
whittle,1,0,1
whiz,1,0,1
whizkid,1,0,1
whizzle,0,1,1
whm,0,1,1
whn,2,4,6
who,593,592,1185
whoa,9,24,33
whoaaa,1,0,1
whoaaaaaaaaaaa,1,0,1
whoaah,1,0,1
whoah,0,1,1
whoau,1,0,1
whocangetit,12,0,12
whocares,1,1,2
whodathunk,1,0,1
whoever,5,14,19
whois,0,1,1
whole,133,164,297
wholes,1,0,1
wholesale,0,1,1
wholesaler,0,1,1
wholewheat,0,1,1
whollleee,0,1,1
whom,6,7,13
whomever,1,0,1
whomp,0,2,2
whoneedsspammersanywaytherejustawasteofeveryonestimeandalltheydoistrytosellyoujunkyoureallydontevenneedinthefistplace,1,0,1
whoo,5,8,13
whooa,1,0,1
whoohoo,0,2,2
whoohoooo,1,1,2
whoomp,2,0,2
whooo,3,3,6
whoooaa,0,1,1
whoooaaa,1,0,1
whooohooo,1,0,1
whooohoooo,1,0,1
whoooo,1,2,3
whooooa,0,1,1
whooooo,0,1,1
whooooooo,0,1,1
whooooooopssssssshhhhhh,0,1,1
whoooooppp,1,0,1
whooop,1,1,2
whooopeee,0,1,1
whoop,7,9,16
whoopass,0,1,1
whooped,2,0,2
whoopi,1,0,1
whooping,0,1,1
whoops,7,7,14
whoopsies,0,1,1
whoot,10,0,10
whopped,1,0,1
whopper,1,0,1
whoppers,1,0,1
whopping,1,0,1
whore,15,17,32
whorehouse,1,0,1
whoreishness,0,1,1
whorelando,0,1,1
whoremembers,1,0,1
whores,2,2,4
whos,4,10,14
whose,26,9,35
whould,1,0,1
whree,0,1,1
whs,0,1,1
wht,10,18,28
whta,1,0,1
whtf,0,1,1
whtie,0,1,1
whts,1,1,2
whu,0,1,1
whuahahhaha,1,0,1
whuffaoke,0,1,1
whuffie,1,0,1
whut,1,0,1
whw,2,0,2
whwere,0,1,1
why,794,887,1681
whyamvi,1,0,1
whyareyoustillhere,1,0,1
whyd,1,1,2
whyifollow,1,0,1
whyitweet,20,0,20
whys,2,2,4
whyy,5,6,11
whyyou,0,1,1
whyyy,2,5,7
whyyyy,2,1,3
whyyyyy,3,0,3
whyyyyyy,2,0,2
whyyyyyyyy,0,1,1
whyyyyyyyyy,0,1,1
whyyyyyyyyyy,0,1,1
whyyyyyyyyyyyyyyyyy,0,1,1
wi,8,10,18
wib,1,0,1
wiccan,1,0,1
wice,0,1,1
wich,1,4,5
wichita,3,2,5
wicked,20,18,38
wickedness,0,1,1
wickedwest,0,1,1
wicket,1,2,3
wicklow,1,0,1
wicks,1,0,1
wid,7,8,15
widdi,0,1,1
widdle,0,1,1
wide,20,18,38
widely,1,0,1
wider,2,2,4
widespread,0,1,1
widget,1,4,5
widgets,1,0,1
widlay,1,0,1
widow,0,2,2
wie,1,1,2
wiebe,4,0,4
wieder,0,1,1
wiener,1,1,2
wienerslave,1,0,1
wierd,8,9,17
wierdo,0,1,1
wif,6,8,14
wife,46,69,115
wifes,1,0,1
wifey,8,14,22
wifeyyyyyy,0,1,1
wiff,1,2,3
wifi,11,11,22
wififail,1,0,1
wig,2,5,7
wigger,1,0,1
wiggface,0,1,1
wiggi,1,0,1
wiggle,1,2,3
wiggling,1,2,3
wiggly,1,1,2
wiggoff,0,1,1
wight,2,2,4
wigs,3,1,4
wigston,0,1,1
wii,18,20,38
wiide,1,0,1
wiii,0,1,1
wiiiiiiii,1,0,1
wiill,0,1,1
wiimotes,1,0,1
wiin,1,0,1
wiit,1,1,2
wiiware,0,1,1
wijen,0,1,1
wiken,1,0,1
wiki,2,4,6
wikid,0,1,1
wikileaks,1,0,1
wikily,0,1,1
wikipedia,7,6,13
wikipediad,0,1,1
wikkid,0,1,1
wil,6,7,13
wilbledom,1,0,1
wilco,1,0,1
wild,17,18,35
wildcat,0,1,1
wilde,3,0,3
wilder,1,2,3
wildernes,0,1,1
wilderness,0,1,1
wildflowers,0,1,1
wildlife,7,4,11
wildly,1,1,2
wilds,0,1,1
wildwood,1,0,1
wile,0,2,2
wilkerson,1,0,1
wilkinsons,0,1,1
will,1816,2650,4466
willewill,0,1,1
william,9,6,15
williams,8,3,11
williamsburg,0,1,1
willie,2,1,3
willies,1,2,3
willin,0,1,1
willing,11,14,25
willingly,0,1,1
willingness,0,1,1
willis,2,1,3
willl,0,3,3
willllll,1,0,1
willow,1,2,3
willows,1,0,1
willpower,2,1,3
wills,1,0,1
willy,5,3,8
wilmingto,0,1,1
wilmslow,0,1,1
wilson,4,3,7
wilted,0,1,1
wiltern,1,0,1
wiltshire,0,1,1
wiltssy,1,0,1
wim,2,0,2
wimax,1,1,2
wimbeldon,0,1,1
wimbledon,9,7,16
wimbleton,1,0,1
wimbly,0,1,1
wimer,0,1,1
wimme,1,0,1
wimp,1,2,3
wimpers,0,1,1
wimpy,0,1,1
win,237,201,438
winblows,1,0,1
winces,0,1,1
winchester,2,0,2
winchesterlambourne,1,0,1
winchy,1,0,1
winco,0,1,1
wind,15,13,28
windex,1,1,2
windfall,1,0,1
winding,2,2,4
windmill,0,1,1
windorks,0,1,1
windos,1,0,1
window,35,39,74
windowless,0,1,1
windows,37,46,83
windowsill,1,0,1
windoze,1,0,1
winds,4,4,8
windscreen,2,0,2
windshield,3,0,3
windsor,0,3,3
windup,0,1,1
windy,4,14,18
wine,41,86,127
winebarsf,0,1,1
winer,1,0,1
winery,1,3,4
wines,1,9,10
winesofchile,1,0,1
wing,2,6,8
winged,1,0,1
wingin,1,0,1
wingit,0,1,1
wings,19,13,32
wingstop,2,0,2
wingy,0,1,1
wining,1,1,2
wink,11,5,16
winkel,0,1,1
winkin,0,1,1
winking,0,1,1
winks,3,5,8
winksound,0,1,1
winkwink,0,1,1
winky,0,1,1
winmobile,0,2,2
winn,0,1,1
winneerr,1,0,1
winnepeggians,0,1,1
winner,16,13,29
winners,3,10,13
winnie,1,0,1
winning,22,14,36
winnings,2,0,2
winningwomenwednesday,0,1,1
winnipeg,2,1,3
winnn,0,2,2
winona,1,0,1
winrar,1,0,1
wins,17,20,37
winsday,1,0,1
winslow,1,0,1
winstanley,1,0,1
winston,0,2,2
winsy,0,1,1
winter,18,37,55
winterpeg,1,0,1
winters,1,1,2
wipe,2,6,8
wiped,1,5,6
wipeout,0,3,3
wiper,1,2,3
wipes,1,3,4
wiping,1,0,1
wir,1,0,1
wird,0,1,1
wire,6,9,15
wired,3,4,7
wiredwedto,0,1,1
wireless,9,13,22
wires,1,2,3
wiring,2,0,2
wirth,1,0,1
wirting,1,0,1
wis,1,1,2
wisconsin,4,3,7
wisdom,16,13,29
wise,18,15,33
wiseass,1,0,1
wisedom,0,1,1
wisely,0,2,2
wiser,0,1,1
wish,669,929,1598
wished,14,13,27
wisher,0,1,1
wishes,35,33,68
wishful,1,5,6
wishh,5,1,6
wishhh,1,0,1
wishi,0,1,1
wishin,2,2,4
wishing,35,26,61
wishlist,2,1,3
wishn,1,1,2
wishywashy,0,1,1
wising,0,1,1
wisma,1,0,1
wismayakin,0,1,1
wisteria,0,1,1
wistful,0,1,1
wit,65,62,127
witam,0,2,2
witch,5,2,7
witcha,0,2,2
witches,0,1,1
witchhunt,0,1,1
witchu,0,2,2
with,2509,3043,5552
witha,1,0,1
withdraw,2,1,3
withdrawal,3,4,7
withdrawals,2,3,5
withdrawl,0,3,3
withdrawls,0,2,2
withdrawn,0,1,1
withdrew,1,0,1
withers,1,0,1
witherspoon,1,1,2
withfor,1,0,1
withh,1,1,2
within,22,20,42
without,205,233,438
withstood,1,0,1
withvanilla,0,1,1
witness,6,8,14
witnessed,0,1,1
witout,1,1,2
wits,1,0,1
wittle,1,1,2
witty,14,3,17
witwikj,0,1,1
witzig,0,1,1
wiull,0,1,1
wiv,6,4,10
wives,3,5,8
wiwt,0,1,1
wixey,0,1,1
wiz,1,3,4
wizard,2,2,4
wizards,5,5,10
wizbit,0,1,1
wizz,1,1,2
wizzing,0,1,1
wizzz,0,1,1
wk,16,9,25
wkap,1,0,1
wkd,2,3,5
wkend,8,7,15
wkends,0,2,2
wkendthx,2,0,2
wker,1,0,1
wkg,0,1,1
wknd,5,15,20
wknds,0,1,1
wks,6,13,19
wksp,0,1,1
wkt,1,0,1
wkwkw,0,1,1
wla,2,2,4
wld,7,5,12
wlda,1,0,1
wldn,1,0,1
wlk,0,1,1
wll,2,1,3
wlm,0,1,1
wltq,0,1,1
wm,1,2,3
wma,0,1,1
wmaa,1,0,1
wmail,0,1,1
wmn,1,0,1
wmo,0,1,1
wmt,1,0,1
wn,0,1,1
wna,4,3,7
wnaa,0,1,1
wnat,1,0,1
wnba,0,2,2
wnbaopeningday,0,6,6
wnna,0,1,1
wnt,3,3,6
wnted,1,0,1
wo,3,8,11
woa,0,1,1
woaaa,0,1,1
woaah,0,1,1
woah,12,17,29
woahh,1,1,2
woahhh,1,0,1
woahhhhhh,0,1,1
woauw,0,1,1
wobble,1,0,1
wobbley,1,0,1
wobly,0,1,1
wod,0,1,1
woddy,0,1,1
wodehouse,0,1,1
woderful,0,1,1
woe,6,2,8
woehoeeee,1,0,1
woes,2,1,3
wogan,1,0,1
woh,0,1,1
woha,1,0,1
woho,1,1,2
wohoo,2,2,4
wohooo,0,3,3
wohooooo,0,1,1
wojnarowcz,1,0,1
wokcano,1,0,1
woke,104,71,175
woken,5,8,13
wokin,0,1,1
wokk,0,1,1
wolf,10,4,14
wolfcat,1,0,1
wolfgang,1,1,2
wolfpack,1,0,1
wolfram,1,1,2
wolframalpha,5,0,5
wolfs,1,0,1
wolfsheim,1,0,1
wolly,1,0,1
wolud,1,0,1
wolverhampton,1,0,1
wolverine,7,11,18
wolves,1,4,5
wom,1,0,1
woman,63,63,126
womanhood,0,2,2
womanizing,0,1,1
womans,0,2,2
womb,1,0,1
wombat,1,1,2
wombles,1,1,2
womean,1,0,1
women,34,41,75
womens,2,2,4
womma,0,2,2
womongathering,1,0,1
womp,10,3,13
wompp,1,0,1
wompppp,1,0,1
wompppppp,1,0,1
won,69,81,150
wonder,87,91,178
wonderblogger,1,0,1
wonderd,0,1,1
wondered,13,13,26
wonderful,100,148,248
wonderfull,0,1,1
wonderfully,3,4,7
wonderin,1,3,4
wondering,52,53,105
wonderland,1,2,3
wonderous,1,0,1
wonderpets,2,0,2
wonderrfullll,1,0,1
wonders,6,13,19
wonderul,1,0,1
wonderwall,1,0,1
wonderwoman,1,0,1
wondoze,1,0,1
wondrous,0,1,1
wone,1,0,1
wong,1,0,1
wonka,5,1,6
wonkas,0,1,1
wonkavision,0,1,1
wonky,0,1,1
wont,149,145,294
wonton,1,1,2
wontt,0,2,2
woo,41,43,84
wood,5,13,18
woodburn,1,0,1
wooden,3,3,6
woodfire,0,1,1
woodford,1,0,1
woodgrain,1,0,1
woodies,0,2,2
woodland,0,1,1
woodlands,0,1,1
woodley,0,1,1
woodlice,1,0,1
woodpecker,3,0,3
woodruff,0,1,1
woods,8,7,15
woodsmen,0,1,1
woodstock,0,2,2
woodvine,1,0,1
woody,1,2,3
woof,1,11,12
woofs,0,2,2
woofwednesday,5,0,5
wooh,2,1,3
woohoo,24,17,41
woohooo,2,0,2
woohoooo,1,1,2
woohoooooooo,1,0,1
wookiepedia,0,1,1
wool,0,2,2
woolf,4,1,5
woolies,0,2,2
woommpppp,1,0,1
wooo,9,19,28
woooah,1,1,2
wooof,2,0,2
wooohoo,0,1,1
wooohooo,2,3,5
wooohoooo,1,0,1
wooohooooooo,0,1,1
woooo,5,5,10
woooohooo,0,1,1
wooooo,2,5,7
wooooohooooo,0,1,1
woooooo,2,0,2
woooooohoooooo,0,1,1
wooooooo,1,0,1
woooooooo,2,0,2
wooooooooo,1,0,1
woooooooooo,0,1,1
woooooooooon,0,1,1
wooooooooooonderful,0,1,1
wooooooooooooo,0,1,1
woooooooooooooh,1,0,1
woooooooooooooooooooooo,0,1,1
woooooooow,1,0,1
wooooooow,0,2,2
woooooossshhh,0,1,1
woooooot,0,1,1
woooooow,1,0,1
wooooork,1,0,1
wooooosaaaa,0,1,1
woooot,1,0,1
woooow,1,0,1
wooops,0,1,1
wooot,1,3,4
wooow,2,3,5
woop,13,9,22
wooped,1,0,1
woops,1,5,6
woopsies,0,1,1
woorrry,0,1,1
woosah,1,0,1
wooster,1,0,1
woot,33,25,58
wooten,1,0,1
wootness,1,0,1
woots,2,0,2
woottt,0,1,1
wootwoot,0,1,1
wooty,0,1,1
woow,4,2,6
woowoo,0,1,1
wooz,0,1,1
woozy,2,0,2
wor,1,0,1
worcester,0,1,1
word,101,154,255
wordcamp,7,4,11
wordcount,0,1,1
wordcountrace,1,0,1
worddd,0,2,2
worddddd,0,1,1
worded,1,1,2
wording,1,4,5
wordlings,1,0,1
wordpress,9,13,22
wordpressland,1,0,1
words,104,130,234
wordsaftersex,25,0,25
wordsduringsex,2,0,2
wordsmith,1,0,1
wordsregardingnkotb,2,0,2
wore,8,14,22
wori,1,0,1
work,1302,1329,2631
worka,1,0,1
workaholic,2,1,3
workaholism,0,1,1
workaround,0,1,1
workathlon,1,0,1
workbook,2,0,2
workcrew,1,0,1
workday,0,2,2
workdays,0,1,1
worked,60,102,162
worker,7,8,15
workers,6,4,10
workie,3,0,3
workies,1,1,2
workig,1,0,1
workiing,0,1,1
workin,20,31,51
working,333,395,728
workinon,1,0,1
workj,1,0,1
workk,1,0,1
workkk,1,1,2
workkkkkk,1,0,1
workkkkkkkkk,0,1,1
workload,0,3,3
workmate,1,0,1
workmen,0,1,1
workn,1,1,2
workness,1,0,1
workout,13,18,31
workouts,0,3,3
workplace,2,0,2
works,96,158,254
worksheets,1,0,1
workshop,5,6,11
workshops,2,1,3
workspace,1,0,1
workst,1,0,1
workstyle,0,1,1
worktime,0,1,1
workuuuuuumsssss,0,1,1
worky,2,2,4
workyeah,1,0,1
worl,1,1,2
world,260,209,469
worldcat,1,0,1
worldcup,0,1,1
worldknown,1,0,1
worlds,9,2,11
worldwariii,0,1,1
worldwide,3,3,6
worm,2,10,12
worms,3,3,6
worn,6,10,16
worplace,0,1,1
worrie,1,0,1
worried,45,56,101
worriedededed,1,0,1
worries,43,61,104
worring,0,1,1
worrrk,0,1,1
worry,80,134,214
worrying,2,6,8
worrys,0,1,1
worryy,0,1,1
worse,77,90,167
worsen,1,0,1
worser,2,0,2
worship,5,6,11
worshiping,1,1,2
worst,79,80,159
worstfeeling,1,0,1
worsttttt,0,1,1
worth,98,122,220
worthless,1,4,5
worthwhile,1,1,2
worthy,6,6,12
wory,1,0,1
woscon,1,0,1
wossy,1,0,1
wossybookclub,1,1,2
wossysbookclub,1,0,1
wot,7,15,22
wotcha,0,1,1
wotd,0,1,1
woteva,0,3,3
woth,1,0,1
wots,0,1,1
woty,1,0,1
woul,0,1,1
would,1031,1563,2594
woulda,3,9,12
woulde,0,1,1
woulden,1,0,1
wouldent,0,1,1
wouldloveitif,1,0,1
wouldm,0,1,1
wouldn,2,0,2
wouldnt,29,25,54
wouldntve,1,0,1
woulds,1,0,1
wouldve,4,6,10
woulf,1,0,1
wound,5,4,9
wounded,2,0,2
wounder,0,1,1
wounds,3,2,5
wov,1,1,2
wove,1,0,1
wow,250,415,665
wowowee,0,1,1
wowp,0,1,1
wowsers,0,1,1
wowsometastic,0,1,1
woww,0,3,3
wowweeee,1,0,1
wowweewowwow,1,0,1
wowww,0,2,2
wowwws,1,0,1
wowwww,1,0,1
wowwwwwwwwwww,1,0,1
wowy,0,1,1
wowzaaaa,0,1,1
wowzers,0,2,2
woz,1,0,1
wp,6,5,11
wpf,2,0,2
wpg,1,0,1
wplj,0,1,1
wpmu,0,1,1
wr,0,1,1
wral,0,2,2
wranger,1,0,1
wrangle,1,0,1
wrap,8,8,16
wraper,0,1,1
wrapped,3,3,6
wrapper,1,1,2
wrappers,2,1,3
wrapping,2,1,3
wraps,2,0,2
wrapz,0,1,1
wrath,0,1,1
wrds,1,0,1
wreak,1,1,2
wreally,0,1,1
wreck,2,4,6
wrecked,1,3,4
wreckedexotics,0,1,1
wreckers,1,0,1
wrecking,0,1,1
wrecks,1,1,2
wrekin,0,1,1
wren,1,0,1
wrench,1,0,1
wrenched,1,0,1
wrenching,0,1,1
wresting,1,0,1
wrestle,1,0,1
wrestled,1,0,1
wrestler,0,2,2
wrestlers,1,2,3
wrestling,3,1,4
wretched,0,1,1
wright,0,4,4
wrightwood,0,1,1
wrigley,2,2,4
wrigting,1,0,1
wrinkled,0,1,1
wrinkles,0,2,2
wrinkly,1,1,2
wrist,5,5,10
wrists,2,2,4
write,101,126,227
writeboard,1,0,1
writechat,6,3,9
writer,28,9,37
writers,6,10,16
writes,7,6,13
writeup,0,1,1
writin,1,1,2
writing,65,86,151
writings,0,2,2
written,18,26,44
writtin,0,2,2
writting,2,3,5
writtings,0,1,1
wrk,11,10,21
wrkin,0,2,2
wrkn,2,0,2
wrks,0,1,1
wrkshp,1,0,1
wrn,0,1,1
wrnb,1,0,1
wrocilem,0,1,1
wrole,0,1,1
wrong,199,272,471
wrongee,0,1,1
wrongg,1,1,2
wronggg,1,0,1
wrongggg,0,1,1
wrongly,2,1,3
wrongometer,1,0,1
wrongs,0,1,1
wroooooongggg,1,0,1
wrote,37,37,74
wroungg,0,1,1
wrroonng,0,1,1
ws,1,4,5
wsb,1,0,1
wsbk,1,0,1
wshing,0,1,1
wsj,1,0,1
wsop,4,0,4
wss,0,1,1
wstplm,0,1,1
wsup,0,2,2
wt,4,4,8
wtching,1,1,2
wtd,0,1,1
wtf,82,57,139
wtfdjflasjfl,0,1,1
wtff,1,0,1
wtfffffff,0,1,1
wtg,0,1,1
wth,9,4,13
wtheck,1,0,1
wthr,0,1,1
wtk,1,0,1
wtr,0,1,1
wtrblln,1,0,1
wtvs,0,1,1
wu,0,2,2
wub,0,2,2
wubu,1,2,3
wud,19,28,47
wudda,1,0,1
wuddup,0,2,2
wudgeeee,1,0,1
wudn,0,1,1
wudnt,2,0,2
wudve,1,0,1
wuickly,0,1,1
wuld,2,2,4
wuldnt,1,0,1
wunderradio,0,1,1
wur,1,0,1
wus,1,1,2
wuss,1,1,2
wussup,0,2,2
wusz,0,1,1
wut,12,17,29
wutcha,0,1,1
wuteva,1,0,1
wutitdew,1,0,1
wuts,0,5,5
wutsupppppp,1,0,1
wutt,0,1,1
wuu,1,4,5
wuuujuuuu,0,1,1
wuuuu,1,0,1
wuv,1,5,6
wuvly,0,1,1
wuvs,0,2,2
wuvvv,1,0,1
wuvz,1,0,1
wuz,2,6,8
wuzup,0,1,1
wv,1,2,3
wverytime,0,1,1
ww,1,2,3
wwaaaaaaaaaaaaaaaaaaaaaaaaaaaaahhhhhhhhhhh,1,0,1
wwants,1,0,1
wwdc,2,6,8
wwe,3,3,6
wwhhaatt,1,0,1
wwhy,1,0,1
wwiii,1,0,1
wwoooooa,0,1,1
wwooooohhooooo,1,0,1
www,0,1,1
wwwt,1,0,1
wwwwwhhhhhhhhhyyyyyyyyy,1,0,1
wx,1,1,2
wy,1,0,1
wya,1,0,1
wyclef,0,1,1
wyd,1,0,1
wydham,0,1,1
wyjechac,0,1,1
wynn,0,1,1
wynne,2,0,2
wyoming,1,0,1
wyrd,0,1,1
wyt,1,0,1
xa,2,0,2
xabi,0,2,2
xampp,1,1,2
xan,0,1,1
xanax,0,1,1
xander,1,1,2
xang,0,1,1
xantia,1,0,1
xavier,1,1,2
xaviermedia,0,1,1
xbl,3,1,4
xbla,1,0,1
xbox,27,29,56
xboxe,13,2,15
xboxlive,1,0,1
xboxtweet,1,0,1
xcited,2,5,7
xciteed,1,0,1
xcode,1,0,1
xcodeproj,0,1,1
xcuse,1,0,1
xcx,1,0,1
xd,144,197,341
xdd,5,9,14
xddd,3,1,4
xdv,0,1,1
xe,2,0,2
xem,0,1,1
xenia,0,1,1
xenon,0,1,1
xenserver,1,0,1
xerces,1,1,2
xfactor,2,1,3
xfiles,1,0,1
xfm,1,0,1
xfx,0,1,1
xh,0,1,1
xi,0,1,1
xiaohong,1,0,1
xico,0,1,1
xiiu,0,1,1
xion,1,0,1
xixixi,0,1,1
xj,0,1,1
xk,1,0,1
xkcd,1,0,1
xl,1,1,2
xlate,0,1,1
xld,1,0,1
xlhit,0,1,1
xlive,1,0,1
xlnt,1,0,1
xls,1,0,1
xm,2,4,6
xmas,5,12,17
xmen,2,0,2
xml,5,3,8
xmpp,2,0,2
xmradio,0,1,1
xna,1,0,1
xo,34,67,101
xoco,1,0,1
xom,0,1,1
xong,2,0,2
xoox,0,1,1
xould,0,1,1
xox,12,10,22
xoxcyberscampxox,0,1,1
xoxo,55,90,145
xoxox,7,11,18
xoxoxo,4,7,11
xoxoxooxo,0,2,2
xoxoxox,1,0,1
xoxoxoxo,0,3,3
xoxoxoxoxoxoxox,0,1,1
xoxoxx,0,1,1
xoxoxxx,0,2,2
xp,15,16,31
xpac,1,0,1
xpect,0,2,2
xperience,0,2,2
xpers,2,0,2
xplains,0,1,1
xplode,1,0,1
xq,1,0,1
xr,0,1,1
xray,1,0,1
xrays,0,1,1
xreport,2,0,2
xrl,0,1,1
xronia,0,1,1
xs,0,2,2
xserver,0,1,1
xserves,0,1,1
xslt,1,0,1
xt,1,1,2
xtammy,0,1,1
xtammydevine,0,1,1
xtc,1,0,1
xteener,0,1,1
xtent,1,0,1
xti,2,0,2
xtians,0,2,2
xtina,0,1,1
xtineoh,1,0,1
xtra,4,1,5
xtrmly,0,1,1
xtube,1,0,1
xtxi,0,1,1
xua,1,0,1
xue,0,1,1
xunga,1,0,1
xunit,0,2,2
xwc,0,1,1
xwiki,0,2,2
xwitout,0,1,1
xwords,1,0,1
xx,163,293,456
xxdd,0,1,1
xxhugzzzzzzzzz,1,0,1
xxl,1,0,1
xxo,1,0,1
xxoo,0,2,2
xxooxox,1,0,1
xxoxooxoxoxox,0,1,1
xxoxx,0,1,1
xxx,75,168,243
xxxx,20,28,48
xxxxx,6,11,17
xxxxxx,1,2,3
xxxxxxx,4,4,8
xxxxxxxx,0,2,2
xxxxxxxxx,1,3,4
xxxxxxxxxx,1,1,2
xxxxxxxxxxx,1,4,5
xxxxxxxxxxxxx,1,0,1
xxxxxxxxxxxxxx,0,1,1
xxxxxxxxxxxxxxxxxxxxxx,0,1,1
xxxxxxxxxxxxxxxxxxxxxxxx,0,1,1
xylaphone,0,1,1
xyz,1,1,2
ya,356,616,972
yaa,8,13,21
yaaa,3,4,7
yaaaa,1,1,2
yaaaaa,2,0,2
yaaaaaa,0,1,1
yaaaaaaaaaaaaahh,0,1,1
yaaaaaaaaaawn,1,0,1
yaaaaaaaaawn,1,0,1
yaaaaaay,1,1,2
yaaaaaayy,1,0,1
yaaaaay,1,3,4
yaaaah,0,1,1
yaaaawn,1,0,1
yaaaay,4,5,9
yaaaayyyy,0,1,1
yaaahh,0,1,1
yaaawn,1,0,1
yaaawwwwnnnn,0,1,1
yaaay,9,6,15
yaaayy,1,0,1
yaaayyy,1,1,2
yaaayyyyyyyyyyyyyyyyy,1,0,1
yaah,1,0,1
yaahhooo,0,1,1
yaall,0,1,1
yaar,4,4,8
yaay,6,9,15
yaayyyy,1,0,1
yabang,0,1,1
yach,0,1,1
yacht,1,2,3
yachts,1,0,1
yacups,0,1,1
yadda,3,0,3
yaddi,0,1,1
yaeah,0,1,1
yael,1,0,1
yaey,1,0,1
yafavfatboy,1,0,1
yagami,1,0,1
yagi,1,0,1
yah,17,41,58
yahaan,1,0,1
yahan,1,1,2
yahh,0,3,3
yahhh,3,2,5
yahhhh,1,1,2
yahoo,11,17,28
yahoosearch,1,0,1
yahweh,1,0,1
yak,1,0,1
yaki,1,0,1
yakin,0,1,1
yakitate,0,1,1
yakking,1,0,1
yaknow,0,1,1
yalah,1,0,1
yaldies,0,1,1
yale,1,0,1
yall,37,43,80
yalla,0,1,1
yallah,0,1,1
yalll,1,0,1
yallmy,0,1,1
yam,2,0,2
yamaha,0,1,1
yamamoto,0,1,1
yamin,0,1,1
yamli,1,1,2
yammer,1,0,1
yammering,0,1,1
yammy,0,1,1
yan,2,6,8
yana,0,1,1
yancey,1,0,1
yang,5,5,10
yank,1,1,2
yanked,1,1,2
yankee,1,3,4
yankeedoodle,0,1,1
yankees,3,7,10
yankovi,1,0,1
yanks,2,2,4
yanktosky,1,0,1
yann,1,0,1
yanna,0,1,1
yanni,1,0,1
yanno,0,1,1
yano,1,0,1
yanoee,0,1,1
yanyan,0,1,1
yao,1,4,5
yap,3,4,7
yapm,0,1,1
yappppp,1,0,1
yar,1,1,2
yard,16,21,37
yardhouse,1,1,2
yards,0,1,1
yaris,0,1,1
yarn,2,4,6
yarnbomb,0,1,1
yarr,0,1,1
yarra,0,1,1
yarrr,0,1,1
yas,3,2,5
yaseen,1,0,1
yaself,3,0,3
yashawini,1,0,1
yasmena,1,0,1
yasmina,0,3,3
yata,1,0,1
yatah,1,0,1
yatrivia,0,1,1
yatta,1,0,1
yaudah,2,0,2
yaw,0,1,1
yawn,68,3,71
yawning,1,1,2
yawnn,1,0,1
yawns,22,3,25
yawnstretchyawn,1,0,1
yawww,0,1,1
yay,276,387,663
yaya,4,7,11
yayaya,2,0,2
yayayay,0,2,2
yayayaya,1,1,2
yayayayayaay,0,1,1
yayayayayay,1,0,1
yayayayayyy,0,1,1
yayayayyayay,1,0,1
yayayyayayayayaayy,1,0,1
yaye,1,2,3
yaymen,0,1,1
yayness,0,1,1
yays,0,2,2
yayuh,0,1,1
yaywns,1,0,1
yaywomen,1,0,1
yayy,9,10,19
yayyy,6,12,18
yayyyy,5,2,7
yayyyyy,1,2,3
yayyyyyyy,1,1,2
yayyyyyyyy,0,3,3
yayyyyyyyyyyyyyy,0,1,1
yayz,2,1,3
yaz,0,1,1
yazid,1,0,1
yazoo,1,0,1
yazz,0,1,1
yb,0,1,1
ybl,2,0,2
yc,0,1,1
yday,1,3,4
ydm,0,1,1
yds,0,1,1
ye,8,18,26
yea,147,234,381
yeaa,3,7,10
yeaaa,5,6,11
yeaaaa,1,0,1
yeaaaaaa,0,1,1
yeaaaaaaaa,0,2,2
yeaaaaaaaaa,1,0,1
yeaaaaaaah,0,2,2
yeaaaaaah,1,0,1
yeaaaaah,2,0,2
yeaaaah,3,4,7
yeaaaahh,0,1,1
yeaaah,3,5,8
yeaaahhh,0,1,1
yeaaahhhh,0,1,1
yeaaap,0,1,1
yeaah,2,6,8
yeaahh,1,1,2
yeaahhhh,0,1,1
yeaar,1,0,1
yeah,903,1466,2369
yeahh,12,37,49
yeahhbaby,0,1,1
yeahhh,10,9,19
yeahhhh,1,3,4
yeahhhhh,0,1,1
yeahhhhhh,1,0,1
yeahhhhhhhhhh,1,0,1
yeahhmannnn,0,1,1
yeahs,2,1,3
yeahuhh,1,0,1
yeap,2,6,8
yeaps,0,1,1
year,303,374,677
yearbook,4,2,6
yearbooks,1,2,3
yearling,0,1,1
yearly,0,5,5
yearn,0,1,1
yearning,1,1,2
years,160,224,384
yearsofenema,4,0,4
yeas,1,0,1
yeast,0,1,1
yeasterday,1,0,1
yeay,2,3,5
yeayyy,0,1,1
yeayyyy,1,0,1
yeboselo,1,0,1
yech,0,1,1
yedin,1,0,1
yee,3,4,7
yeea,2,1,3
yeeaa,0,1,1
yeeaaa,1,0,1
yeeaaah,0,1,1
yeeaah,0,1,1
yeeaahh,0,1,1
yeeah,3,0,3
yeee,1,3,4
yeeeaaaaahhh,0,1,1
yeeeaaahhhh,0,1,1
yeeeaahh,0,1,1
yeeeah,1,2,3
yeeeeah,1,2,3
yeeeee,0,1,1
yeeeeeeah,0,1,1
yeeeeeeeeeeeah,1,0,1
yeeeeeeeeeeee,1,0,1
yeeeeeeeeeeeeeaaaaaaaaaaaah,0,1,1
yeeeeeeeeeeeessshhhh,1,0,1
yeeeeeeep,1,0,1
yeeeeeess,0,1,1
yeeeeeessss,1,0,1
yeeeeep,1,0,1
yeeeeey,1,0,1
yeeees,1,1,2
yeeeesss,0,1,1
yeeeeyah,1,0,1
yeeep,1,1,2
yeees,2,3,5
yeeesh,0,1,1
yeeettt,0,1,1
yeehaw,1,2,3
yeep,1,0,1
yeeppp,0,1,1
yeer,1,0,1
yees,0,1,1
yeesh,1,2,3
yeessssss,1,0,1
yeewwww,0,1,1
yeey,1,0,1
yeezy,1,1,2
yeh,24,44,68
yeheeyy,1,0,1
yehey,0,1,1
yehh,3,7,10
yeiii,1,0,1
yejin,1,0,1
yelenas,1,0,1
yell,3,10,13
yelled,7,2,9
yelliebird,1,0,1
yelling,2,6,8
yellow,21,18,39
yellowcard,4,1,5
yellows,0,2,2
yellowstone,0,1,1
yellowy,1,0,1
yells,1,2,3
yelp,4,0,4
yelping,0,1,1
yelz,0,1,1
yen,1,1,2
yena,1,0,1
yenshan,0,1,1
yeo,0,1,1
yeouch,0,1,1
yep,126,204,330
yepi,1,0,1
yepooo,0,1,1
yepp,4,4,8
yeppers,1,2,3
yeps,1,4,5
yepyep,2,0,2
yer,14,24,38
yerba,1,0,1
yerevan,0,1,1
yerh,1,0,1
yerp,1,1,2
yerrrp,1,0,1
yers,0,1,1
yerself,0,1,1
yerz,1,0,1
yes,610,1224,1834
yesalemak,1,0,1
yeses,1,0,1
yesh,2,4,6
yeshh,0,1,1
yeshhh,0,2,2
yesicandoit,1,0,1
yesirrrr,1,0,1
yess,13,21,34
yessahday,0,1,1
yessai,0,1,1
yessaid,1,1,2
yesshhh,1,0,1
yessiereeee,1,0,1
yessir,2,5,7
yesss,11,23,34
yesssd,0,1,1
yesssh,0,1,1
yessss,6,12,18
yessssh,0,1,1
yessssirr,0,1,1
yesssss,7,5,12
yessssss,3,1,4
yesssssss,0,2,2
yesssssssss,1,0,1
yessssssssss,1,0,1
yesssssssssss,0,1,1
yesssssssssssssssssssss,0,1,1
yest,2,2,4
yesteday,1,1,2
yesterday,192,287,479
yesterdays,1,1,2
yesterdy,0,1,1
yesterdya,0,1,1
yesternight,1,0,1
yestersday,0,1,1
yestie,1,0,1
yestrday,1,0,1
yesturday,1,0,1
yesyes,1,2,3
yesyou,0,1,1
yet,378,555,933
yeti,0,1,1
yett,0,2,2
yew,1,8,9
yeww,2,1,3
yewww,1,0,1
yey,10,13,23
yeyey,1,0,1
yeyy,0,1,1
yeyyyy,0,1,1
yeyyyyyyyy,1,0,1
yezzzz,1,0,1
yfrog,0,2,2
yg,4,5,9
ygou,1,0,1
yh,1,8,9
yha,0,1,1
yhaw,1,0,1
yhere,1,0,1
yhh,1,0,1
yhurr,1,0,1
yhuu,1,0,1
yick,0,1,1
yicket,1,0,1
yiddish,0,1,1
yield,1,0,1
yields,0,1,1
yihee,1,0,1
yiiee,1,0,1
yiiihi,1,0,1
yiiiiis,0,1,1
yikes,11,20,31
yim,2,1,3
yimmy,0,1,1
yin,1,2,3
ying,1,0,1
yinz,1,0,1
yip,2,5,7
yipee,0,4,4
yipeeee,0,1,1
yipeeeee,1,0,1
yipeeeeee,0,1,1
yipes,0,1,1
yippee,0,1,1
yippeeee,0,1,1
yippeeeee,2,0,2
yipppee,1,0,1
yippppiiee,1,0,1
yis,0,1,1
yiss,1,0,1
yknow,3,0,3
ykyat,1,2,3
yl,1,0,1
yle,1,0,1
ylia,1,0,1
ylva,0,1,1
ylvp,0,1,1
ym,5,8,13
ymca,1,2,3
yn,3,2,5
yna,0,1,1
ynes,0,1,1
yo,81,113,194
yocals,0,1,1
yoconfieso,1,0,1
yoda,1,2,3
yodiddy,1,0,1
yoga,11,18,29
yogging,0,1,1
yoghurt,2,1,3
yogi,1,1,2
yogurt,8,11,19
yogurth,1,0,1
yogurtland,1,2,3
yogurtworld,0,1,1
yoi,1,1,2
yoiu,1,0,1
yok,0,2,2
yokoono,0,1,1
yola,1,0,1
yoliski,0,1,1
yom,0,1,1
yon,1,2,3
yonder,1,0,1
yong,0,2,2
yonger,0,1,1
yonica,0,1,1
yonks,1,2,3
yoo,5,6,11
yooh,0,2,2
yooo,3,4,7
yoooo,1,0,1
yooooo,0,2,2
yooooooo,0,1,1
yoooooooo,0,1,1
yoooooooooooooooooooou,0,1,1
yooooooou,0,1,1
yoooooours,1,0,1
yoooooous,0,1,1
yooooouuu,0,1,1
yoooou,0,2,2
yoooouu,1,0,1
yooouh,0,1,1
yooour,0,1,1
yooouu,0,1,1
yooouuu,2,0,2
yoooz,0,1,1
yoopers,1,0,1
yoou,1,3,4
yoour,0,1,1
yoouuu,0,1,1
yoouuuuu,0,1,1
yop,2,0,2
yor,1,4,5
york,26,29,55
yorkie,0,2,2
yorkshire,5,6,11
yorly,7,0,7
yorn,0,1,1
yorsh,1,0,1
yoru,1,0,1
yosemite,0,2,2
yoshhhh,1,0,1
yoshi,1,0,1
yosi,0,1,1
yosimitee,1,0,1
yot,0,1,1
yote,0,1,1
you,11097,18992,30089
youch,1,0,1
youd,1,2,3
youdabest,0,1,1
youer,0,1,1
youget,1,0,1
youh,1,0,1
youhad,0,1,1
youkilove,0,1,1
youknowyouareal,1,0,1
youknowyouupttooearly,1,0,1
youku,1,0,1
youl,0,1,1
yould,1,0,1
youlive,1,0,1
youll,4,12,16
youmeo,0,1,1
young,58,50,108
youngage,1,0,1
younger,9,16,25
youngest,5,5,10
youngin,1,0,1
younginss,0,1,1
youngn,0,1,1
youngns,0,1,1
younote,0,1,1
youporn,0,1,1
your,2385,4092,6477
yourday,1,0,1
youre,35,63,98
youree,0,1,1
yourghettowhen,4,0,4
yourock,0,1,1
yourr,2,0,2
yours,66,135,201
yourself,70,141,211
yourselff,0,1,1
yourselffff,1,0,1
yourselfs,0,1,1
yourselves,5,1,6
yourve,1,0,1
yourwelcome,1,0,1
yous,12,6,18
youself,0,1,1
yousendit,0,1,1
youspecialwhen,1,0,1
youss,1,0,1
youssss,0,2,2
youstinkatrespondingtotexts,0,1,1
youstream,0,1,1
yout,2,0,2
youth,8,12,20
youthful,0,3,3
youthis,1,0,1
youtube,87,118,205
youtubed,0,2,2
youtubee,2,0,2
youtuber,0,1,1
youtubers,1,1,2
youtwitface,3,1,4
youu,29,40,69
youur,1,0,1
youus,0,1,1
youuu,13,20,33
youuuu,10,7,17
youuuuu,1,7,8
youuuuuu,1,2,3
youuuuuuu,1,2,3
youuuuuuuu,1,1,2
youuuuuuuuu,0,2,2
youuuuuuuuuu,0,1,1
youuuuuuuuuuuu,1,0,1
youuuuuuuuuuuuuuu,0,1,1
youuuuuuuuuuuuuuuuuuuu,1,1,2
youuuuuuuuuuuuuuuuuuuuuuuuuuuuuuuuuuuuuuuuuuuuuuuuuuuuuuuu,0,1,1
youuz,1,0,1
youve,3,7,10
youwere,1,0,1
youz,0,1,1
youzzz,1,0,1
yow,1,0,1
yowch,0,1,1
yowza,1,0,1
yoyos,1,0,1
yoyoyo,0,2,2
yoyoyoooo,0,1,1
yp,1,1,2
ypu,0,2,2
yr,50,79,129
yrd,0,1,1
yrold,1,1,2
yroldg,0,1,1
yrs,32,42,74
yrself,0,1,1
ys,1,0,1
ysen,1,0,1
ysl,0,1,1
ystday,0,1,1
ysterday,1,0,1
ystrday,0,2,2
ystrdy,0,3,3
yt,5,15,20
ytd,1,0,1
ythefuck,1,0,1
yu,24,34,58
yua,0,1,1
yuan,1,0,1
yuch,0,1,1
yucik,1,0,1
yuck,13,11,24
yuckkk,1,0,1
yucko,0,1,1
yucks,2,0,2
yucky,5,13,18
yuengling,1,0,1
yugo,1,0,1
yuh,4,4,8
yuhh,0,1,1
yui,0,1,1
yuk,5,3,8
yukai,1,0,1
yuke,0,1,1
yuki,0,1,1
yukkier,1,0,1
yukky,1,0,1
yukon,0,1,1
yuksek,0,1,1
yukyosukuji,1,0,1
yulp,0,2,2
yum,43,54,97
yuma,1,1,2
yumazing,0,1,1
yumb,0,1,1
yumm,7,3,10
yummalicious,0,1,1
yummi,1,0,1
yummiest,1,0,1
yummm,4,4,8
yummmers,0,1,1
yummmm,2,2,4
yummmmm,2,2,4
yummmmmm,0,1,1
yummmmmmm,0,2,2
yummmmmmmmmmmmmmm,1,0,1
yummmmmy,1,0,1
yummmmy,1,0,1
yummmy,2,4,6
yummmyy,0,1,1
yummmyyyyy,1,0,1
yummo,1,1,2
yummy,46,63,109
yummylicious,0,1,1
yummyyy,0,1,1
yummyyyyy,0,2,2
yumnmy,1,0,1
yums,1,0,1
yumsky,0,1,1
yumyumyum,0,1,1
yun,1,6,7
yuna,1,1,2
yung,1,8,9
yungla,1,0,1
yunq,1,0,1
yuo,1,0,1
yup,69,144,213
yupp,3,6,9
yupper,0,1,1
yuppers,0,3,3
yupperz,0,1,1
yuppp,0,1,1
yups,0,3,3
yupyup,1,0,1
yur,13,7,20
yurr,1,2,3
yurs,1,0,1
yurself,0,1,1
yurt,0,2,2
yus,1,0,1
yusef,1,0,1
yuss,0,1,1
yussssss,0,1,1
yuu,0,5,5
yuumm,0,1,1
yuup,2,0,2
yuuppp,1,0,1
yuupppp,0,1,1
yuuuckkk,0,1,1
yuuup,1,0,1
yuuutsu,1,0,1
yuuuu,0,1,1
yuuuup,0,1,1
yuuuurrrp,1,0,1
yuuuuup,1,0,1
yuuuuus,0,1,1
yuuuuuuup,1,0,1
yuuuuuuuu,1,0,1
yuuuuuuuup,0,1,1
yuvraj,1,0,1
yuwie,0,1,1
yvan,1,0,1
yves,1,0,1
yvette,0,1,1
yvonne,0,1,1
yw,5,8,13
yx,1,0,1
yyayy,0,1,1
yyc,1,1,2
yycctv,0,2,2
yycphotobook,1,0,1
yyeah,0,1,1
yyourself,1,0,1
yyuumm,0,2,2
yyuup,0,1,1
yyy,1,0,1
yyyeeeess,0,1,1
yyyummm,0,1,1
yyyyaaaaaayyy,0,1,1
za,4,1,5
zac,10,5,15
zach,5,6,11
zachary,0,1,1
zachs,1,0,1
zack,3,6,9
zafrina,1,0,1
zahedan,0,1,1
zaho,1,0,1
zahra,1,0,1
zainal,1,0,1
zane,0,1,1
zanta,0,1,1
zante,0,1,1
zap,0,3,3
zapped,2,0,2
zaps,0,1,1
zara,1,2,3
zarlash,0,1,1
zatarans,1,0,1
zawahiri,0,1,1
zazzle,1,0,1
zcs,0,1,1
zcultfm,1,0,1
zdayiscoming,0,1,1
zdeno,1,0,1
zdnet,1,0,1
ze,2,5,7
zealand,6,13,19
zealandd,0,1,1
zealots,1,0,1
zealous,0,1,1
zeb,0,1,1
zebalkanictweetup,1,0,1
zebo,0,1,1
zebra,2,5,7
zebraprint,0,1,1
zebras,0,1,1
zeddy,0,1,1
zeebie,2,0,2
zefron,0,1,1
zeit,1,1,2
zeitgeist,0,1,1
zeke,1,0,1
zel,0,1,1
zelda,2,2,4
zelwegger,1,0,1
zemepis,1,0,1
zemi,1,0,1
zen,1,2,3
zend,2,0,2
zendesk,0,1,1
zendframework,1,0,1
zenia,1,0,1
zenith,1,0,1
zensursula,2,0,2
zentra,0,1,1
zep,1,1,2
zepinklady,1,0,1
zeppelin,1,0,1
zer,1,0,1
zerine,1,0,1
zero,10,13,23
zerogravity,0,1,1
zeropointlibra,0,1,1
zest,1,1,2
zet,0,1,1
zeus,1,0,1
zevin,1,0,1
zf,0,1,1
zfs,0,1,1
zhaer,1,0,1
zherpa,0,1,1
zhou,0,1,1
zia,0,1,1
zib,1,0,1
zibbet,0,1,1
zicam,0,1,1
zice,1,0,1
zidane,0,1,1
zidler,0,1,1
zigazag,0,1,1
ziggy,1,1,2
zigh,1,0,1
zilch,0,1,1
zile,0,1,1
zilla,0,1,1
zillion,1,4,5
zillow,1,0,1
zim,0,1,1
zimbra,0,1,1
zina,1,0,1
zinc,0,1,1
zindabaad,0,1,1
zine,0,1,1
zing,1,0,1
zinnias,1,0,1
zion,0,1,1
zip,4,4,8
zipbags,0,1,1
zipped,0,1,1
zipper,0,1,1
zipping,0,1,1
zippo,0,1,1
zips,0,2,2
zit,2,1,3
zito,0,2,2
zits,0,2,2
ziva,1,0,1
zivity,0,1,1
zn,1,0,1
zna,0,1,1
zntm,1,0,1
zobeluli,0,1,1
zodiac,0,2,2
zoe,2,2,4
zoey,2,0,2
zoffitcha,1,0,1
zoidberg,1,0,1
zoila,0,1,1
zomba,1,0,1
zombie,11,14,25
zombieninja,1,0,1
zombies,4,9,13
zombo,1,0,1
zomething,0,1,1
zomfg,1,0,1
zomg,6,3,9
zomgponies,1,0,1
zone,11,13,24
zones,5,3,8
zonk,1,0,1
zonked,1,0,1
zonking,0,1,1
zoo,17,11,28
zoolander,0,1,1
zoologia,0,1,1
zooloo,0,1,1
zoom,4,7,11
zoomalbum,0,1,1
zooooooooom,1,0,1
zoos,0,2,2
zoot,1,1,2
zootweetup,0,1,1
zoozle,0,1,1
zoozoos,0,1,1
zopiclone,1,0,1
zora,2,0,2
zorbs,1,0,1
zoro,1,0,1
zorro,1,0,1
zouk,0,1,1
zpzni,1,0,1
zq,1,2,3
zshare,1,0,1
zsofi,0,1,1
zu,2,1,3
zuko,1,0,1
zul,0,1,1
zulu,0,1,1
zumba,2,1,3
zune,6,1,7
zunetune,1,0,1
zurah,1,0,1
zurg,1,0,1
zuri,0,1,1
zurich,3,2,5
zushi,0,1,1
zwart,2,0,2
zwijger,1,0,1
zwinky,1,0,1
zxcv,1,0,1
zz,1,0,1
zzz,3,0,3
zzzz,2,0,2
zzzzz,1,1,2
zzzzzs,1,0,1
zzzzzz,0,1,1
zzzzzzzz,0,1,1
zzzzzzzzzzz,0,1,1
zzzzzzzzzzzz,1,1,2
zzzzzzzzzzzzz,1,1,2
